pipe 22 ms:  member v | mean|S| 1.6-3 Hz  V294r1 V295r1 r2alt (r2alt/V295r1) | peak|T| (f)  V294r1 V295r1 r2alt
   nominal   5.0 | 1.147 1.120 1.120 (x1.000) | 0.55(0.80) 0.55(0.80) 0.55(0.80)
   nominal   8.0 | 1.158 1.131 1.131 (x1.000) | 0.50(0.80) 0.51(0.80) 0.51(0.80)
   nominal  12.0 | 1.107 1.096 1.097 (x1.001) | 0.38(0.80) 0.38(0.80) 0.39(0.80)
   nominal  17.0 | 1.057 1.055 1.057 (x1.002) | 0.22(0.80) 0.22(0.80) 0.22(0.80)
   nominal  19.0 | 1.062 1.061 1.063 (x1.002) | 0.24(0.80) 0.24(0.80) 0.25(0.80)
   nominal  22.0 | 1.071 1.068 1.071 (x1.002) | 0.27(0.80) 0.27(0.80) 0.28(0.80)
   nominal  26.9 | 1.083 1.081 1.083 (x1.003) | 0.32(0.80) 0.32(0.80) 0.33(0.80)
   b_lo      5.0 | 1.199 1.152 1.152 (x1.000) | 0.68(0.80) 0.71(0.80) 0.71(0.80)
   b_lo      8.0 | 1.217 1.169 1.169 (x1.000) | 0.58(0.97) 0.60(0.85) 0.60(0.85)
   b_lo     12.0 | 1.186 1.156 1.158 (x1.001) | 0.51(0.80) 0.53(0.80) 0.54(0.80)
   b_lo     17.0 | 1.083 1.081 1.085 (x1.003) | 0.27(0.80) 0.28(0.80) 0.28(0.80)
   b_lo     19.0 | 1.094 1.092 1.096 (x1.004) | 0.30(0.80) 0.31(0.80) 0.32(0.80)
   b_lo     22.0 | 1.111 1.107 1.112 (x1.004) | 0.36(0.80) 0.36(0.80) 0.37(0.80)
   b_lo     26.9 | 1.139 1.133 1.138 (x1.005) | 0.44(0.80) 0.45(0.80) 0.46(0.80)
   J_hi      5.0 | 1.111 1.096 1.096 (x1.000) | 0.50(0.80) 0.49(0.80) 0.49(0.80)
   J_hi      8.0 | 1.132 1.113 1.113 (x1.000) | 0.48(0.80) 0.49(0.80) 0.49(0.80)
   J_hi     12.0 | 1.145 1.127 1.127 (x1.001) | 0.50(0.80) 0.51(0.80) 0.52(0.80)
   J_hi     17.0 | 1.080 1.075 1.077 (x1.002) | 0.25(0.80) 0.25(0.80) 0.25(0.80)
   J_hi     19.0 | 1.082 1.078 1.080 (x1.002) | 0.26(0.80) 0.27(0.80) 0.27(0.80)
   J_hi     22.0 | 1.086 1.082 1.084 (x1.002) | 0.29(0.80) 0.29(0.80) 0.30(0.80)
   J_hi     26.9 | 1.091 1.087 1.089 (x1.002) | 0.32(0.80) 0.32(0.80) 0.33(0.80)
   light_b   5.0 | 1.326 1.222 1.222 (x1.000) | 1.28(1.10) 1.25(0.91) 1.25(0.91)
   light_b   8.0 | 1.404 1.266 1.266 (x1.000) | 1.19(1.27) 1.13(1.03) 1.13(1.03)
   light_b  12.0 | 1.532 1.350 1.354 (x1.003) | 1.07(1.58) 0.96(1.26) 0.97(1.26)
   light_b  17.0 | 1.731 1.495 1.511 (x1.011) | 1.35(1.86) 1.09(1.46) 1.14(1.46)
   light_b  19.0 | 1.810 1.556 1.579 (x1.015) | 1.49(1.99) 1.15(1.56) 1.20(1.55)
   light_b  22.0 | 1.918 1.638 1.669 (x1.019) | 1.75(2.17) 1.23(1.70) 1.28(1.70)
   light_b  26.9 | 2.076 1.735 1.777 (x1.024) | 2.36(2.44) 1.38(1.95) 1.44(1.95)
pipe 42 ms:  member v | mean|S| 1.6-3 Hz  V294r1 V295r1 r2alt (r2alt/V295r1) | peak|T| (f)  V294r1 V295r1 r2alt
   nominal   5.0 | 1.162 1.132 1.132 (x1.000) | 0.58(0.80) 0.58(0.80) 0.58(0.80)
   nominal   8.0 | 1.182 1.149 1.149 (x1.000) | 0.52(0.80) 0.54(0.80) 0.54(0.80)
   nominal  12.0 | 1.127 1.114 1.114 (x1.001) | 0.40(0.80) 0.40(0.80) 0.40(0.80)
   nominal  17.0 | 1.075 1.072 1.073 (x1.001) | 0.22(0.80) 0.22(0.80) 0.23(0.80)
   nominal  19.0 | 1.082 1.078 1.080 (x1.002) | 0.25(0.80) 0.25(0.80) 0.25(0.80)
   nominal  22.0 | 1.091 1.088 1.090 (x1.002) | 0.28(0.80) 0.28(0.80) 0.29(0.80)
   nominal  26.9 | 1.106 1.102 1.104 (x1.002) | 0.33(0.80) 0.34(0.80) 0.35(0.80)
   b_lo      5.0 | 1.214 1.165 1.165 (x1.000) | 0.73(0.84) 0.76(0.80) 0.76(0.80)
   b_lo      8.0 | 1.247 1.190 1.190 (x1.000) | 0.62(1.04) 0.64(0.90) 0.64(0.90)
   b_lo     12.0 | 1.222 1.184 1.185 (x1.001) | 0.54(0.89) 0.56(0.81) 0.57(0.81)
   b_lo     17.0 | 1.118 1.112 1.115 (x1.003) | 0.28(0.80) 0.28(0.80) 0.29(0.80)
   b_lo     19.0 | 1.132 1.125 1.128 (x1.003) | 0.31(0.80) 0.32(0.80) 0.33(0.80)
   b_lo     22.0 | 1.154 1.144 1.148 (x1.003) | 0.37(0.80) 0.37(0.80) 0.38(0.80)
   b_lo     26.9 | 1.187 1.175 1.180 (x1.004) | 0.46(0.80) 0.47(0.80) 0.48(0.80)
   J_hi      5.0 | 1.109 1.096 1.096 (x1.000) | 0.53(0.80) 0.51(0.80) 0.51(0.80)
   J_hi      8.0 | 1.132 1.115 1.115 (x1.000) | 0.50(0.80) 0.51(0.80) 0.51(0.80)
   J_hi     12.0 | 1.149 1.131 1.131 (x1.000) | 0.53(0.80) 0.53(0.80) 0.54(0.80)
   J_hi     17.0 | 1.095 1.089 1.091 (x1.001) | 0.25(0.80) 0.25(0.80) 0.26(0.80)
   J_hi     19.0 | 1.098 1.093 1.094 (x1.001) | 0.27(0.80) 0.27(0.80) 0.28(0.80)
   J_hi     22.0 | 1.102 1.097 1.098 (x1.001) | 0.30(0.80) 0.30(0.80) 0.31(0.80)
   J_hi     26.9 | 1.108 1.103 1.105 (x1.002) | 0.33(0.80) 0.33(0.80) 0.34(0.80)
   light_b   5.0 | 1.319 1.224 1.224 (x1.000) | 1.56(1.12) 1.46(0.93) 1.46(0.93)
   light_b   8.0 | 1.416 1.277 1.277 (x1.000) | 1.46(1.29) 1.32(1.06) 1.32(1.06)
   light_b  12.0 | 1.629 1.397 1.399 (x1.002) | 1.36(1.60) 1.13(1.29) 1.15(1.29)
   light_b  17.0 | 1.968 1.610 1.624 (x1.009) | 1.92(1.84) 1.37(1.50) 1.44(1.49)
   light_b  19.0 | 2.128 1.717 1.740 (x1.013) | 2.27(1.95) 1.48(1.59) 1.57(1.59)
   light_b  22.0 | 2.389 1.883 1.918 (x1.019) | 3.00(2.09) 1.67(1.73) 1.77(1.73)
   light_b  26.9 | 2.955 2.141 2.196 (x1.026) | 5.49(2.30) 2.07(1.96) 2.20(1.95)
