member v tau w | V294: rho Ms GM PM |L|1-3 | b964: rho Ms GM PM |L|1-3 | least-damped osc pair (<45 Hz, zeta<.4): V294 -> b964
nominal         3.1  2 3 | 0.99848 1.064   42.5  -1.0 0.310 | 0.99834 1.110   25.0  -1.0 0.527 | - -> -
nominal         3.1  3 3 | 0.99848 1.069   34.2  -1.0 0.310 | 0.99834 1.119   20.1  -1.0 0.527 | - -> -
nominal         3.1  6 3 | 0.99848 1.084   21.9  -1.0 0.310 | 0.99833 1.148   12.9  -1.0 0.527 | - -> -
nominal         5.0  2 3 | 0.99611 1.063   42.8  -1.0 0.310 | 0.99684 1.108   25.2  -1.0 0.528 | - -> -
nominal         5.0  3 3 | 0.99611 1.068   34.5  -1.0 0.310 | 0.99685 1.118   20.3  -1.0 0.528 | - -> -
nominal         5.0  6 3 | 0.99614 1.084   22.1  -1.0 0.310 | 0.99687 1.146   13.0  -1.0 0.528 | - -> -
nominal         8.0  2 3 | 0.99563 1.062   43.4  -1.0 0.306 | 0.99644 1.106   25.5  -1.0 0.520 | - -> -
nominal         8.0  3 3 | 0.99564 1.067   34.9  -1.0 0.306 | 0.99645 1.116   20.6  -1.0 0.520 | - -> -
nominal         8.0  6 3 | 0.99566 1.082   22.4  -1.0 0.306 | 0.99647 1.144   13.1  -1.0 0.520 | - -> -
nominal        12.0  2 3 | 0.99701 1.038   59.0  -1.0 0.166 | 0.99657 1.065   34.7  -1.0 0.281 | - -> -
nominal        12.0  3 3 | 0.99700 1.041   47.7  -1.0 0.166 | 0.99657 1.071   28.0  -1.0 0.281 | - -> -
nominal        12.0  6 3 | 0.99700 1.052   30.8  -1.0 0.166 | 0.99655 1.090   18.1  -1.0 0.281 | - -> -
nominal        17.0  2 3 | 0.99561 1.019   96.0  -1.0 0.079 | 0.99510 1.032   56.4  -1.0 0.134 | - -> -
nominal        17.0  3 3 | 0.99560 1.021   78.0  -1.0 0.079 | 0.99509 1.036   45.9  -1.0 0.134 | - -> -
nominal        17.0  6 3 | 0.99560 1.027   51.3  -1.0 0.079 | 0.99506 1.046   30.2  -1.0 0.134 | - -> -
nominal        25.0  2 3 | 0.99750 1.015  113.0  -1.0 0.065 | 0.99744 1.026   66.4  -1.0 0.111 | - -> -
nominal        25.0  3 3 | 0.99750 1.017   92.0  -1.0 0.065 | 0.99744 1.029   54.1  -1.0 0.111 | - -> -
nominal        25.0  6 3 | 0.99750 1.022   60.9  -1.0 0.065 | 0.99744 1.038   35.8  -1.0 0.111 | - -> -
nominal        26.9  2 3 | 0.99780 1.014  117.1  -1.0 0.063 | 0.99776 1.025   68.8  -1.0 0.107 | - -> -
nominal        26.9  3 3 | 0.99780 1.016   95.4  -1.0 0.063 | 0.99776 1.028   56.1  -1.0 0.107 | - -> -
nominal        26.9  6 3 | 0.99780 1.021   63.2  -1.0 0.063 | 0.99776 1.036   37.2  -1.0 0.107 | - -> -
J_lo            3.1  2 3 | 0.99858 1.079   28.9  -1.0 0.342 | 0.99847 1.137   17.0  -1.0 0.581 | - -> -
J_lo            3.1  3 3 | 0.99858 1.087   23.3  -1.0 0.342 | 0.99847 1.152   13.7  -1.0 0.581 | - -> -
J_lo            3.1  6 3 | 0.99858 1.110   15.1  -1.0 0.342 | 0.99846 1.196    8.9  -1.0 0.581 | - -> -
J_lo            5.0  2 3 | 0.99681 1.078   29.2  -1.0 0.337 | 0.99668 1.135   17.2  -1.0 0.573 | - -> -
J_lo            5.0  3 3 | 0.99681 1.086   23.6  -1.0 0.337 | 0.99669 1.150   13.9  -1.0 0.573 | - -> -
J_lo            5.0  6 3 | 0.99679 1.109   15.2  -1.0 0.337 | 0.99671 1.193    9.0  -1.0 0.573 | - -> -
J_lo            8.0  2 3 | 0.99537 1.076   29.7  -1.0 0.325 | 0.99626 1.132   17.4  -1.0 0.552 | - -> -
J_lo            8.0  3 3 | 0.99538 1.084   24.0  -1.0 0.325 | 0.99626 1.146   14.1  -1.0 0.552 | - -> -
J_lo            8.0  6 3 | 0.99541 1.106   15.5  -1.0 0.325 | 0.99628 1.189    9.1  -1.0 0.552 | - -> -
J_lo           12.0  2 3 | 0.99749 1.033   53.0  -1.0 0.141 | 0.99733 1.057   31.2  -1.0 0.240 | - -> -
J_lo           12.0  3 3 | 0.99749 1.037   43.2  -1.0 0.141 | 0.99733 1.064   25.4  -1.0 0.240 | - -> -
J_lo           12.0  6 3 | 0.99749 1.048   28.5  -1.0 0.141 | 0.99733 1.084   16.8  -1.0 0.240 | - -> -
J_lo           17.0  2 3 | 0.99579 1.017   87.9  -1.0 0.077 | 0.99541 1.030   51.7  -1.0 0.131 | - -> -
J_lo           17.0  3 3 | 0.99578 1.020   72.0  -1.0 0.077 | 0.99541 1.034   42.4  -1.0 0.131 | - -> -
J_lo           17.0  6 3 | 0.99578 1.026   48.3  -1.0 0.077 | 0.99539 1.045   28.4  -1.0 0.131 | - -> -
J_lo           25.0  2 3 | 0.99772 1.013  115.5  -1.0 0.060 | 0.99768 1.021   67.9  -1.0 0.101 | - -> -
J_lo           25.0  3 3 | 0.99772 1.014   94.8  -1.0 0.060 | 0.99768 1.024   55.8  -1.0 0.101 | - -> -
J_lo           25.0  6 3 | 0.99772 1.019   64.0  -1.0 0.060 | 0.99768 1.033   37.6  -1.0 0.101 | - -> -
J_lo           26.9  2 3 | 0.99802 1.012  122.2  -1.0 0.056 | 0.99799 1.020   71.9  -1.0 0.096 | - -> -
J_lo           26.9  3 3 | 0.99802 1.013  100.4  -1.0 0.056 | 0.99799 1.023   59.0  -1.0 0.096 | - -> -
J_lo           26.9  6 3 | 0.99802 1.018   67.8  -1.0 0.056 | 0.99799 1.031   39.9  -1.0 0.096 | - -> -
J_hi            3.1  2 3 | 0.99825 1.036   86.8  -1.0 0.199 | 0.99803 1.061   51.1  -1.0 0.338 | - -> -
J_hi            3.1  3 3 | 0.99825 1.038   69.9  -1.0 0.199 | 0.99803 1.065   41.1  -1.0 0.338 | - -> -
J_hi            3.1  6 3 | 0.99825 1.045   44.6  -1.0 0.199 | 0.99802 1.078   26.2  -1.0 0.338 | - -> -
J_hi            5.0  2 3 | 0.99648 1.036   86.8  -1.0 0.205 | 0.99704 1.061   51.1  -1.0 0.349 | - -> -
J_hi            5.0  3 3 | 0.99648 1.038   69.9  -1.0 0.205 | 0.99705 1.065   41.1  -1.0 0.349 | - -> -
J_hi            5.0  6 3 | 0.99650 1.046   44.5  -1.0 0.205 | 0.99706 1.078   26.2  -1.0 0.349 | - -> -
J_hi            8.0  2 3 | 0.99616 1.036   86.8  -1.0 0.215 | 0.99676 1.061   51.1  -1.0 0.365 | - -> -
J_hi            8.0  3 3 | 0.99616 1.038   69.9  -1.0 0.215 | 0.99676 1.066   41.1  -1.0 0.365 | - -> -
J_hi            8.0  6 3 | 0.99618 1.046   44.5  -1.0 0.215 | 0.99677 1.079   26.2  -1.0 0.365 | - -> -
J_hi           12.0  2 3 | 0.99578 1.033   91.5  -1.0 0.184 | 0.99643 1.056   53.8  -1.0 0.313 | - -> -
J_hi           12.0  3 3 | 0.99578 1.035   73.6  -1.0 0.184 | 0.99643 1.060   43.3  -1.0 0.313 | - -> -
J_hi           12.0  6 3 | 0.99580 1.042   47.0  -1.0 0.184 | 0.99645 1.072   27.6  -1.0 0.313 | - -> -
J_hi           17.0  2 3 | 0.99348 1.020  124.6  -1.0 0.090 | 0.99422 1.033   73.3  -1.0 0.153 | - -> -
J_hi           17.0  3 3 | 0.99349 1.021  100.5  -1.0 0.090 | 0.99423 1.036   59.1  -1.0 0.153 | - -> -
J_hi           17.0  6 3 | 0.99353 1.026   64.5  -1.0 0.090 | 0.99427 1.045   38.0  -1.0 0.153 | - -> -
J_hi           25.0  2 3 | 0.99743 1.015  150.6  -1.0 0.064 | 0.99736 1.025   88.6  -1.0 0.109 | - -> -
J_hi           25.0  3 3 | 0.99743 1.016  121.8  -1.0 0.064 | 0.99736 1.027   71.6  -1.0 0.109 | - -> -
J_hi           25.0  6 3 | 0.99743 1.020   78.8  -1.0 0.064 | 0.99736 1.034   46.3  -1.0 0.109 | - -> -
J_hi           26.9  2 3 | 0.99779 1.014  156.9  -1.0 0.060 | 0.99774 1.023   92.3  -1.0 0.101 | - -> -
J_hi           26.9  3 3 | 0.99779 1.015  126.9  -1.0 0.060 | 0.99774 1.026   74.6  -1.0 0.101 | - -> -
J_hi           26.9  6 3 | 0.99779 1.019   82.2  -1.0 0.060 | 0.99774 1.032   48.3  -1.0 0.101 | - -> -
J_hi2           3.1  2 3 | 0.99812 1.024  133.0  -1.0 0.137 | 0.99789 1.041   78.2  -1.0 0.234 | - -> -
J_hi2           3.1  3 3 | 0.99812 1.026  107.1  -1.0 0.137 | 0.99789 1.044   63.0  -1.0 0.234 | - -> -
J_hi2           3.1  6 3 | 0.99812 1.030   68.3  -1.0 0.137 | 0.99788 1.052   40.2  -1.0 0.234 | - -> -
J_hi2           5.0  2 3 | 0.99660 1.024  132.5  -1.0 0.144 | 0.99705 1.041   77.9  -1.0 0.245 | - -> -
J_hi2           5.0  3 3 | 0.99660 1.026  106.7  -1.0 0.144 | 0.99706 1.044   62.7  -1.0 0.245 | - -> -
J_hi2           5.0  6 3 | 0.99661 1.031   68.0  -1.0 0.144 | 0.99707 1.052   40.0  -1.0 0.245 | - -> -
J_hi2           8.0  2 3 | 0.99643 1.025  131.7  -1.0 0.154 | 0.99688 1.042   77.5  -1.0 0.263 | - -> -
J_hi2           8.0  3 3 | 0.99643 1.026  106.0  -1.0 0.154 | 0.99688 1.045   62.3  -1.0 0.263 | - -> -
J_hi2           8.0  6 3 | 0.99644 1.031   67.5  -1.0 0.154 | 0.99688 1.053   39.7  -1.0 0.263 | - -> -
J_hi2          12.0  2 3 | 0.99691 1.028  127.9  -1.0 0.165 | 0.99729 1.048   75.3  -1.0 0.280 | - -> -
J_hi2          12.0  3 3 | 0.99691 1.028  102.9  -1.0 0.165 | 0.99729 1.048   60.5  -1.0 0.280 | - -> -
J_hi2          12.0  6 3 | 0.99691 1.032   65.5  -1.0 0.165 | 0.99729 1.056   38.5  -1.0 0.280 | - -> -
J_hi2          17.0  2 3 | 0.99391 1.017  161.2  -1.0 0.092 | 0.99464 1.030   94.8  -1.0 0.156 | - -> -
J_hi2          17.0  3 3 | 0.99392 1.019  129.8  -1.0 0.092 | 0.99465 1.032   76.3  -1.0 0.156 | - -> -
J_hi2          17.0  6 3 | 0.99395 1.022   82.8  -1.0 0.092 | 0.99468 1.038   48.7  -1.0 0.156 | - -> -
J_hi2          25.0  2 3 | 0.99741 1.013  194.3  -1.0 0.059 | 0.99734 1.022  114.3  -1.0 0.101 | - -> -
J_hi2          25.0  3 3 | 0.99741 1.014  156.7  -1.0 0.059 | 0.99734 1.023   92.2  -1.0 0.101 | - -> -
J_hi2          25.0  6 3 | 0.99741 1.017  100.6  -1.0 0.059 | 0.99734 1.029   59.2  -1.0 0.101 | - -> -
J_hi2          26.9  2 3 | 0.99780 1.012  202.2  -1.0 0.055 | 0.99776 1.020  118.9  -1.0 0.093 | - -> -
J_hi2          26.9  3 3 | 0.99780 1.013  163.2  -1.0 0.055 | 0.99776 1.022   96.0  -1.0 0.093 | - -> -
J_hi2          26.9  6 3 | 0.99780 1.016  104.9  -1.0 0.055 | 0.99776 1.027   61.7  -1.0 0.093 | - -> -
b_lo            3.1  2 3 | 0.99695 1.078   37.8  -1.0 0.412 | 0.99759 1.134   22.2  -1.0 0.701 | - -> -
b_lo            3.1  3 3 | 0.99696 1.084   30.4  -1.0 0.412 | 0.99759 1.145   17.9  -1.0 0.701 | - -> -
b_lo            3.1  6 3 | 0.99697 1.102   19.4  -1.0 0.412 | 0.99760 1.179   11.4  -1.0 0.701 | - -> -
b_lo            5.0  2 3 | 0.99660 1.077   38.0  -1.0 0.421 | 0.99730 1.133   22.3  -1.0 0.716 | - -> -
b_lo            5.0  3 3 | 0.99661 1.083   30.6  -1.0 0.421 | 0.99730 1.144   18.0  -1.0 0.716 | - -> -
b_lo            5.0  6 3 | 0.99662 1.101   19.5  -1.0 0.421 | 0.99731 1.178   11.5  -1.0 0.716 | - -> -
b_lo            8.0  2 3 | 0.99605 1.077   38.3  -1.0 0.422 | 0.99685 1.131   22.5  -1.0 0.718 | - -> -
b_lo            8.0  3 3 | 0.99605 1.082   30.8  -1.0 0.422 | 0.99685 1.142   18.1  -1.0 0.718 | - -> -
b_lo            8.0  6 3 | 0.99607 1.100   19.6  -1.0 0.422 | 0.99686 1.176   11.6  -1.0 0.718 | - -> -
b_lo           12.0  2 3 | 0.99531 1.060   44.3  -1.0 0.291 | 0.99617 1.103   26.1  -1.0 0.495 | - -> -
b_lo           12.0  3 3 | 0.99532 1.065   35.7  -1.0 0.291 | 0.99617 1.112   21.0  -1.0 0.495 | - -> -
b_lo           12.0  6 3 | 0.99534 1.080   22.8  -1.0 0.291 | 0.99619 1.139   13.4  -1.0 0.495 | - -> -
b_lo           17.0  2 3 | 0.99293 1.034   63.8  -1.0 0.135 | 0.99390 1.058   37.5  -1.0 0.229 | - -> -
b_lo           17.0  3 3 | 0.99295 1.037   51.5  -1.0 0.135 | 0.99391 1.064   30.3  -1.0 0.229 | - -> -
b_lo           17.0  6 3 | 0.99299 1.046   33.3  -1.0 0.135 | 0.99395 1.081   19.6  -1.0 0.229 | - -> -
b_lo           25.0  2 3 | 0.99357 1.028   72.7  -1.0 0.115 | 0.99436 1.048   42.8  -1.0 0.196 | - -> -
b_lo           25.0  3 3 | 0.99359 1.031   58.9  -1.0 0.115 | 0.99437 1.052   34.7  -1.0 0.196 | - -> -
b_lo           25.0  6 3 | 0.99362 1.039   38.3  -1.0 0.115 | 0.99441 1.067   22.5  -1.0 0.196 | - -> -
b_lo           26.9  2 3 | 0.99531 1.027   74.9  -1.0 0.111 | 0.99445 1.046   44.1  -1.0 0.189 | - -> -
b_lo           26.9  3 3 | 0.99531 1.029   60.7  -1.0 0.111 | 0.99446 1.050   35.7  -1.0 0.189 | - -> -
b_lo           26.9  6 3 | 0.99529 1.037   39.5  -1.0 0.111 | 0.99450 1.064   23.3  -1.0 0.189 | - -> -
b_hi            3.1  2 3 | 0.99908 1.048   50.5  -1.0 0.216 | 0.99906 1.083   29.7  -1.0 0.367 | - -> -
b_hi            3.1  3 3 | 0.99908 1.052   40.8  -1.0 0.216 | 0.99906 1.090   24.0  -1.0 0.367 | - -> -
b_hi            3.1  6 3 | 0.99908 1.065   26.3  -1.0 0.216 | 0.99906 1.113   15.4  -1.0 0.367 | - -> -
b_hi            5.0  2 3 | 0.99826 1.047   51.1  -1.0 0.214 | 0.99816 1.081   30.0  -1.0 0.363 | - -> -
b_hi            5.0  3 3 | 0.99826 1.052   41.2  -1.0 0.214 | 0.99815 1.089   24.3  -1.0 0.363 | - -> -
b_hi            5.0  6 3 | 0.99826 1.064   26.5  -1.0 0.214 | 0.99815 1.111   15.6  -1.0 0.363 | - -> -
b_hi            8.0  2 3 | 0.99672 1.046   52.0  -1.0 0.208 | 0.99597 1.079   30.6  -1.0 0.354 | - -> -
b_hi            8.0  3 3 | 0.99671 1.050   41.9  -1.0 0.208 | 0.99598 1.087   24.7  -1.0 0.354 | - -> -
b_hi            8.0  6 3 | 0.99671 1.062   27.0  -1.0 0.208 | 0.99600 1.109   15.9  -1.0 0.354 | - -> -
b_hi           12.0  2 3 | 0.99821 1.026   76.0  -1.0 0.111 | 0.99816 1.045   44.7  -1.0 0.189 | - -> -
b_hi           12.0  3 3 | 0.99821 1.029   61.6  -1.0 0.111 | 0.99816 1.049   36.3  -1.0 0.189 | - -> -
b_hi           12.0  6 3 | 0.99821 1.036   40.2  -1.0 0.111 | 0.99816 1.063   23.7  -1.0 0.189 | - -> -
b_hi           17.0  2 3 | 0.99731 1.012  134.1  -1.0 0.053 | 0.99726 1.021   78.9  -1.0 0.090 | - -> -
b_hi           17.0  3 3 | 0.99731 1.014  109.5  -1.0 0.053 | 0.99726 1.023   64.4  -1.0 0.090 | - -> -
b_hi           17.0  6 3 | 0.99731 1.018   72.9  -1.0 0.053 | 0.99726 1.030   42.9  -1.0 0.090 | - -> -
b_hi           25.0  2 3 | 0.99838 1.010  160.9  -1.0 0.044 | 0.99837 1.016   94.7  -1.0 0.074 | - -> -
b_hi           25.0  3 3 | 0.99838 1.011  131.7  -1.0 0.044 | 0.99837 1.019   77.5  -1.0 0.074 | - -> -
b_hi           25.0  6 3 | 0.99838 1.014   88.1  -1.0 0.044 | 0.99837 1.025   51.8  -1.0 0.074 | - -> -
b_hi           26.9  2 3 | 0.99857 1.009  167.4  -1.0 0.042 | 0.99856 1.016   98.5  -1.0 0.071 | - -> -
b_hi           26.9  3 3 | 0.99857 1.010  137.1  -1.0 0.042 | 0.99856 1.018   80.6  -1.0 0.071 | - -> -
b_hi           26.9  6 3 | 0.99857 1.014   91.8  -1.0 0.042 | 0.99856 1.023   54.0  -1.0 0.071 | - -> -
F_hi            3.1  2 3 | 0.99848 1.064   42.5  -1.0 0.310 | 0.99834 1.110   25.0  -1.0 0.527 | - -> -
F_hi            3.1  3 3 | 0.99848 1.069   34.2  -1.0 0.310 | 0.99834 1.119   20.1  -1.0 0.527 | - -> -
F_hi            3.1  6 3 | 0.99848 1.084   21.9  -1.0 0.310 | 0.99833 1.148   12.9  -1.0 0.527 | - -> -
F_hi            5.0  2 3 | 0.99611 1.063   42.8  -1.0 0.310 | 0.99684 1.108   25.2  -1.0 0.528 | - -> -
F_hi            5.0  3 3 | 0.99611 1.068   34.5  -1.0 0.310 | 0.99685 1.118   20.3  -1.0 0.528 | - -> -
F_hi            5.0  6 3 | 0.99614 1.084   22.1  -1.0 0.310 | 0.99687 1.146   13.0  -1.0 0.528 | - -> -
F_hi            8.0  2 3 | 0.99563 1.062   43.4  -1.0 0.306 | 0.99644 1.106   25.5  -1.0 0.520 | - -> -
F_hi            8.0  3 3 | 0.99564 1.067   34.9  -1.0 0.306 | 0.99645 1.116   20.6  -1.0 0.520 | - -> -
F_hi            8.0  6 3 | 0.99566 1.082   22.4  -1.0 0.306 | 0.99647 1.144   13.1  -1.0 0.520 | - -> -
F_hi           12.0  2 3 | 0.99701 1.038   59.0  -1.0 0.166 | 0.99657 1.065   34.7  -1.0 0.281 | - -> -
F_hi           12.0  3 3 | 0.99700 1.041   47.7  -1.0 0.166 | 0.99657 1.071   28.0  -1.0 0.281 | - -> -
F_hi           12.0  6 3 | 0.99700 1.052   30.8  -1.0 0.166 | 0.99655 1.090   18.1  -1.0 0.281 | - -> -
F_hi           17.0  2 3 | 0.99561 1.019   96.0  -1.0 0.079 | 0.99510 1.032   56.4  -1.0 0.134 | - -> -
F_hi           17.0  3 3 | 0.99560 1.021   78.0  -1.0 0.079 | 0.99509 1.036   45.9  -1.0 0.134 | - -> -
F_hi           17.0  6 3 | 0.99560 1.027   51.3  -1.0 0.079 | 0.99506 1.046   30.2  -1.0 0.134 | - -> -
F_hi           25.0  2 3 | 0.99750 1.015  113.0  -1.0 0.065 | 0.99744 1.026   66.4  -1.0 0.111 | - -> -
F_hi           25.0  3 3 | 0.99750 1.017   92.0  -1.0 0.065 | 0.99744 1.029   54.1  -1.0 0.111 | - -> -
F_hi           25.0  6 3 | 0.99750 1.022   60.9  -1.0 0.065 | 0.99744 1.038   35.8  -1.0 0.111 | - -> -
F_hi           26.9  2 3 | 0.99780 1.014  117.1  -1.0 0.063 | 0.99776 1.025   68.8  -1.0 0.107 | - -> -
F_hi           26.9  3 3 | 0.99780 1.016   95.4  -1.0 0.063 | 0.99776 1.028   56.1  -1.0 0.107 | - -> -
F_hi           26.9  6 3 | 0.99780 1.021   63.2  -1.0 0.063 | 0.99776 1.036   37.2  -1.0 0.107 | - -> -
F_lo            3.1  2 3 | 0.99848 1.064   42.5  -1.0 0.310 | 0.99834 1.110   25.0  -1.0 0.527 | - -> -
F_lo            3.1  3 3 | 0.99848 1.069   34.2  -1.0 0.310 | 0.99834 1.119   20.1  -1.0 0.527 | - -> -
F_lo            3.1  6 3 | 0.99848 1.084   21.9  -1.0 0.310 | 0.99833 1.148   12.9  -1.0 0.527 | - -> -
F_lo            5.0  2 3 | 0.99611 1.063   42.8  -1.0 0.310 | 0.99684 1.108   25.2  -1.0 0.528 | - -> -
F_lo            5.0  3 3 | 0.99611 1.068   34.5  -1.0 0.310 | 0.99685 1.118   20.3  -1.0 0.528 | - -> -
F_lo            5.0  6 3 | 0.99614 1.084   22.1  -1.0 0.310 | 0.99687 1.146   13.0  -1.0 0.528 | - -> -
F_lo            8.0  2 3 | 0.99563 1.062   43.4  -1.0 0.306 | 0.99644 1.106   25.5  -1.0 0.520 | - -> -
F_lo            8.0  3 3 | 0.99564 1.067   34.9  -1.0 0.306 | 0.99645 1.116   20.6  -1.0 0.520 | - -> -
F_lo            8.0  6 3 | 0.99566 1.082   22.4  -1.0 0.306 | 0.99647 1.144   13.1  -1.0 0.520 | - -> -
F_lo           12.0  2 3 | 0.99701 1.038   59.0  -1.0 0.166 | 0.99657 1.065   34.7  -1.0 0.281 | - -> -
F_lo           12.0  3 3 | 0.99700 1.041   47.7  -1.0 0.166 | 0.99657 1.071   28.0  -1.0 0.281 | - -> -
F_lo           12.0  6 3 | 0.99700 1.052   30.8  -1.0 0.166 | 0.99655 1.090   18.1  -1.0 0.281 | - -> -
F_lo           17.0  2 3 | 0.99561 1.019   96.0  -1.0 0.079 | 0.99510 1.032   56.4  -1.0 0.134 | - -> -
F_lo           17.0  3 3 | 0.99560 1.021   78.0  -1.0 0.079 | 0.99509 1.036   45.9  -1.0 0.134 | - -> -
F_lo           17.0  6 3 | 0.99560 1.027   51.3  -1.0 0.079 | 0.99506 1.046   30.2  -1.0 0.134 | - -> -
F_lo           25.0  2 3 | 0.99750 1.015  113.0  -1.0 0.065 | 0.99744 1.026   66.4  -1.0 0.111 | - -> -
F_lo           25.0  3 3 | 0.99750 1.017   92.0  -1.0 0.065 | 0.99744 1.029   54.1  -1.0 0.111 | - -> -
F_lo           25.0  6 3 | 0.99750 1.022   60.9  -1.0 0.065 | 0.99744 1.038   35.8  -1.0 0.111 | - -> -
F_lo           26.9  2 3 | 0.99780 1.014  117.1  -1.0 0.063 | 0.99776 1.025   68.8  -1.0 0.107 | - -> -
F_lo           26.9  3 3 | 0.99780 1.016   95.4  -1.0 0.063 | 0.99776 1.028   56.1  -1.0 0.107 | - -> -
F_lo           26.9  6 3 | 0.99780 1.021   63.2  -1.0 0.063 | 0.99776 1.036   37.2  -1.0 0.107 | - -> -
tau0            3.1  0 3 | 0.99848 1.054   84.1  -1.0 0.310 | 0.99834 1.091   49.5  -1.0 0.527 | - -> -
tau0            3.1  1 3 | 0.99848 1.059   56.3  -1.0 0.310 | 0.99834 1.100   33.1  -1.0 0.527 | - -> -
tau0            3.1  4 3 | 0.99848 1.074   28.8  -1.0 0.310 | 0.99834 1.129   16.9  -1.0 0.527 | - -> -
tau0            5.0  0 3 | 0.99609 1.053   84.8  -1.0 0.310 | 0.99683 1.090   49.9  -1.0 0.528 | - -> -
tau0            5.0  1 3 | 0.99610 1.058   56.8  -1.0 0.310 | 0.99684 1.099   33.4  -1.0 0.528 | - -> -
tau0            5.0  4 3 | 0.99612 1.073   29.0  -1.0 0.310 | 0.99686 1.127   17.0  -1.0 0.528 | - -> -
tau0            8.0  0 3 | 0.99561 1.052   85.9  -1.0 0.306 | 0.99643 1.088   50.5  -1.0 0.520 | - -> -
tau0            8.0  1 3 | 0.99562 1.057   57.5  -1.0 0.306 | 0.99644 1.097   33.8  -1.0 0.520 | - -> -
tau0            8.0  4 3 | 0.99564 1.072   29.3  -1.0 0.306 | 0.99645 1.125   17.3  -1.0 0.520 | - -> -
tau0           12.0  0 3 | 0.99701 1.031  116.3  -1.0 0.166 | 0.99658 1.052   68.4  -1.0 0.281 | - -> -
tau0           12.0  1 3 | 0.99701 1.034   77.9  -1.0 0.166 | 0.99658 1.059   45.8  -1.0 0.281 | - -> -
tau0           12.0  4 3 | 0.99700 1.045   40.2  -1.0 0.166 | 0.99656 1.078   23.6  -1.0 0.281 | - -> -
tau0           17.0  0 3 | 0.99561 1.015  187.6  -1.0 0.079 | 0.99512 1.025  110.3  -1.0 0.134 | - -> -
tau0           17.0  1 3 | 0.99561 1.017  126.2  -1.0 0.079 | 0.99511 1.028   74.2  -1.0 0.134 | - -> -
tau0           17.0  4 3 | 0.99560 1.023   66.1  -1.0 0.079 | 0.99508 1.039   38.9  -1.0 0.134 | - -> -
tau0           25.0  0 3 | 0.99750 1.011  220.0  -1.0 0.065 | 0.99744 1.020  129.4  -1.0 0.111 | - -> -
tau0           25.0  1 3 | 0.99750 1.013  148.2  -1.0 0.065 | 0.99744 1.023   87.2  -1.0 0.111 | - -> -
tau0           25.0  4 3 | 0.99750 1.019   78.2  -1.0 0.065 | 0.99744 1.032   46.0  -1.0 0.111 | - -> -
tau0           26.9  0 3 | 0.99780 1.011  227.8  -1.0 0.063 | 0.99776 1.019  134.0  -1.0 0.107 | - -> -
tau0           26.9  1 3 | 0.99780 1.013  153.5  -1.0 0.063 | 0.99776 1.022   90.3  -1.0 0.107 | - -> -
tau0           26.9  4 3 | 0.99780 1.018   81.1  -1.0 0.063 | 0.99776 1.030   47.7  -1.0 0.107 | - -> -
tau6            3.1  6 3 | 0.99848 1.084   21.9  -1.0 0.310 | 0.99833 1.148   12.9  -1.0 0.527 | - -> -
tau6            3.1  9 3 | 0.99848 1.100   16.4  -1.0 0.310 | 0.99833 1.177    9.6  -1.0 0.527 | - -> -
tau6            3.1 18 3 | 0.99848 1.144    9.7  -1.0 0.310 | 0.99833 1.266    5.7  -1.0 0.527 | - -> -
tau6            5.0  6 3 | 0.99614 1.084   22.1  -1.0 0.310 | 0.99687 1.146   13.0  -1.0 0.528 | - -> -
tau6            5.0  9 3 | 0.99616 1.099   16.5  -1.0 0.310 | 0.99688 1.175    9.7  -1.0 0.528 | - -> -
tau6            5.0 18 3 | 0.99623 1.143    9.8  -1.0 0.310 | 0.99693 1.264    5.7  -1.0 0.528 | - -> -
tau6            8.0  6 3 | 0.99566 1.082   22.4  -1.0 0.306 | 0.99647 1.144   13.1  -1.0 0.520 | - -> -
tau6            8.0  9 3 | 0.99568 1.097   16.7  -1.0 0.306 | 0.99648 1.173    9.8  -1.0 0.520 | - -> -
tau6            8.0 18 3 | 0.99575 1.141    9.8  -1.0 0.306 | 0.99653 1.260    5.8  -1.0 0.520 | - -> -
tau6           12.0  6 3 | 0.99700 1.052   30.8  -1.0 0.166 | 0.99655 1.090   18.1  -1.0 0.281 | - -> -
tau6           12.0  9 3 | 0.99700 1.062   23.2  -1.0 0.166 | 0.99653 1.108   13.6  -1.0 0.281 | - -> -
tau6           12.0 18 3 | 0.99698 1.089   14.1  -1.0 0.166 | 0.99646 1.160    8.3  -1.0 0.281 | - -> -
tau6           17.0  6 3 | 0.99560 1.027   51.3  -1.0 0.079 | 0.99506 1.046   30.2  -1.0 0.134 | - -> -
tau6           17.0  9 3 | 0.99559 1.032   39.2  -1.0 0.079 | 0.99503 1.056   23.1  -1.0 0.134 | - -> -
tau6           17.0 18 3 | 0.99557 1.046   24.8  -1.0 0.079 | 0.99492 1.081   14.6  -1.0 0.134 | - -> -
tau6           25.0  6 3 | 0.99750 1.022   60.9  -1.0 0.065 | 0.99744 1.038   35.8  -1.0 0.111 | - -> -
tau6           25.0  9 3 | 0.99750 1.026   46.8  -1.0 0.065 | 0.99744 1.046   27.5  -1.0 0.111 | - -> -
tau6           25.0 18 3 | 0.99749 1.038   29.9  -1.0 0.065 | 0.99743 1.066   17.6  -1.0 0.111 | - -> -
tau6           26.9  6 3 | 0.99780 1.021   63.2  -1.0 0.063 | 0.99776 1.036   37.2  -1.0 0.107 | - -> -
tau6           26.9  9 3 | 0.99780 1.025   48.7  -1.0 0.063 | 0.99776 1.044   28.6  -1.0 0.107 | - -> -
tau6           26.9 18 3 | 0.99780 1.036   31.1  -1.0 0.063 | 0.99776 1.063   18.3  -1.0 0.107 | - -> -
ms_free         3.1  2 3 | 0.99843 1.055   51.8  -1.0 0.282 | 0.99827 1.095   30.5  -1.0 0.480 | - -> -
ms_free         3.1  3 3 | 0.99843 1.059   41.7  -1.0 0.282 | 0.99827 1.102   24.5  -1.0 0.480 | - -> -
ms_free         3.1  6 3 | 0.99843 1.072   26.7  -1.0 0.282 | 0.99827 1.125   15.7  -1.0 0.480 | - -> -
ms_free         5.0  2 3 | 0.99632 1.046   64.5  -1.0 0.254 | 0.99696 1.079   38.0  -1.0 0.431 | - -> -
ms_free         5.0  3 3 | 0.99632 1.050   52.0  -1.0 0.254 | 0.99697 1.085   30.6  -1.0 0.431 | - -> -
ms_free         5.0  6 3 | 0.99634 1.059   33.2  -1.0 0.254 | 0.99698 1.103   19.5  -1.0 0.431 | - -> -
ms_free         8.0  2 3 | 0.99612 1.037   84.7  -1.0 0.218 | 0.99673 1.063   49.8  -1.0 0.371 | - -> -
ms_free         8.0  3 3 | 0.99613 1.039   68.1  -1.0 0.218 | 0.99674 1.067   40.1  -1.0 0.371 | - -> -
ms_free         8.0  6 3 | 0.99614 1.047   43.4  -1.0 0.218 | 0.99675 1.080   25.5  -1.0 0.371 | - -> -
ms_free        12.0  2 3 | 0.99865 1.033  298.2  -1.0 0.078 | 0.99869 1.056  175.4  -1.0 0.132 | (0.59, 0.345) -> (0.56, 0.346)
ms_free        12.0  3 3 | 0.99865 1.033  239.9  -1.0 0.078 | 0.99869 1.055  141.1  -1.0 0.132 | (0.59, 0.346) -> (0.56, 0.346)
ms_free        12.0  6 3 | 0.99864 1.032  152.8  -1.0 0.078 | 0.99869 1.055   89.8  -1.0 0.132 | (0.58, 0.346) -> (0.56, 0.347)
ms_free        17.0  2 3 | 0.99566 1.013  274.7  -1.0 0.076 | 0.99599 1.021  161.6  -1.0 0.129 | - -> -
ms_free        17.0  3 3 | 0.99566 1.013  221.0  -1.0 0.076 | 0.99599 1.021  130.0  -1.0 0.129 | - -> -
ms_free        17.0  6 3 | 0.99566 1.015  140.6  -1.0 0.076 | 0.99599 1.025   82.7  -1.0 0.129 | - -> -
ms_free        25.0  2 3 | 0.99733 1.014  177.0  -1.0 0.063 | 0.99725 1.023  104.1  -1.0 0.107 | - -> -
ms_free        25.0  3 3 | 0.99733 1.015  142.8  -1.0 0.063 | 0.99725 1.025   84.0  -1.0 0.107 | - -> -
ms_free        25.0  6 3 | 0.99733 1.018   91.8  -1.0 0.063 | 0.99725 1.031   54.0  -1.0 0.107 | - -> -
ms_free        26.9  2 3 | 0.99786 1.014  155.2  -1.0 0.059 | 0.99782 1.023   91.3  -1.0 0.100 | - -> -
ms_free        26.9  3 3 | 0.99786 1.015  125.6  -1.0 0.059 | 0.99782 1.025   73.9  -1.0 0.100 | - -> -
ms_free        26.9  6 3 | 0.99786 1.019   81.5  -1.0 0.059 | 0.99782 1.032   47.9  -1.0 0.100 | - -> -
light_b         3.1  2 3 | 0.99805 1.116   33.2  -1.0 0.652 | 0.99848 1.191   19.5 109.5 1.109 | - -> -
light_b         3.1  3 3 | 0.99805 1.115   26.7  -1.0 0.652 | 0.99848 1.190   15.7 109.8 1.109 | - -> -
light_b         3.1  6 3 | 0.99805 1.130   17.0  -1.0 0.652 | 0.99848 1.229   10.0 110.6 1.109 | - -> -
light_b         5.0  2 3 | 0.99786 1.128   33.2  -1.0 0.694 | 0.99832 1.210   19.5 100.1 1.180 | - -> -
light_b         5.0  3 3 | 0.99786 1.127   26.7  -1.0 0.694 | 0.99832 1.209   15.7 100.4 1.180 | - -> -
light_b         5.0  6 3 | 0.99786 1.131   17.0  -1.0 0.694 | 0.99832 1.230   10.0 101.3 1.180 | - -> -
light_b         8.0  2 3 | 0.99756 1.136   33.1  -1.0 0.748 | 0.99807 1.222   19.5  93.4 1.272 | - -> -
light_b         8.0  3 3 | 0.99756 1.135   26.6  -1.0 0.748 | 0.99807 1.221   15.7  93.7 1.272 | - -> -
light_b         8.0  6 3 | 0.99755 1.132   16.9  -1.0 0.748 | 0.99806 1.232   10.0  94.8 1.272 | - -> -
light_b        12.0  2 3 | 0.99688 1.134   33.0 142.4 0.805 | 0.99751 1.218   19.4  90.0 1.369 | - -> -
light_b        12.0  3 3 | 0.99687 1.133   26.5 143.0 0.805 | 0.99750 1.216   15.6  90.4 1.369 | - -> -
light_b        12.0  6 3 | 0.99685 1.135   16.8 144.7 0.805 | 0.99749 1.237    9.9  91.7 1.369 | - -> -
light_b        17.0  2 3 | 0.99661 1.131   33.0 137.6 0.812 | 0.99729 1.213   19.4  90.2 1.381 | - -> -
light_b        17.0  3 3 | 0.99660 1.130   26.5 138.2 0.812 | 0.99729 1.211   15.6  90.6 1.381 | - -> -
light_b        17.0  6 3 | 0.99658 1.136   16.8 140.0 0.812 | 0.99727 1.238    9.9  92.0 1.381 | - -> -
light_b        25.0  2 3 | 0.99606 1.123   32.9 134.0 0.810 | 0.99687 1.201   19.4  91.4 1.378 | - -> -
light_b        25.0  3 3 | 0.99605 1.122   26.4 134.6 0.810 | 0.99686 1.198   15.5  91.9 1.378 | - -> -
light_b        25.0  6 3 | 0.99602 1.138   16.7 136.6 0.810 | 0.99684 1.242    9.8  93.4 1.378 | - -> -
light_b        26.9  2 3 | 0.99593 1.122   32.9 133.6 0.808 | 0.99676 1.198   19.3  91.8 1.373 | - -> -
light_b        26.9  3 3 | 0.99591 1.120   26.4 134.3 0.808 | 0.99676 1.196   15.5  92.3 1.373 | - -> -
light_b        26.9  6 3 | 0.99588 1.138   16.7 136.3 0.808 | 0.99673 1.242    9.8  93.8 1.373 | - -> -
J_0.3           3.1  2 3 | 0.99841 1.053   55.9  -1.0 0.279 | 0.99821 1.091   32.9  -1.0 0.475 | - -> -
J_0.3           3.1  3 3 | 0.99841 1.057   45.0  -1.0 0.279 | 0.99821 1.098   26.5  -1.0 0.475 | - -> -
J_0.3           3.1  6 3 | 0.99841 1.068   28.7  -1.0 0.279 | 0.99821 1.119   16.9  -1.0 0.475 | - -> -
J_0.3           5.0  2 3 | 0.99640 1.053   56.2  -1.0 0.284 | 0.99706 1.090   33.1  -1.0 0.482 | - -> -
J_0.3           5.0  3 3 | 0.99641 1.056   45.3  -1.0 0.284 | 0.99706 1.097   26.6  -1.0 0.482 | - -> -
J_0.3           5.0  6 3 | 0.99642 1.068   28.9  -1.0 0.284 | 0.99708 1.118   17.0  -1.0 0.482 | - -> -
J_0.3           8.0  2 3 | 0.99596 1.052   56.7  -1.0 0.286 | 0.99669 1.089   33.4  -1.0 0.487 | - -> -
J_0.3           8.0  3 3 | 0.99597 1.056   45.7  -1.0 0.286 | 0.99669 1.096   26.9  -1.0 0.487 | - -> -
J_0.3           8.0  6 3 | 0.99599 1.067   29.1  -1.0 0.286 | 0.99671 1.117   17.1  -1.0 0.487 | - -> -
J_0.3          12.0  2 3 | 0.99685 1.035   72.0  -1.0 0.163 | 0.99607 1.060   42.3  -1.0 0.276 | - -> -
J_0.3          12.0  3 3 | 0.99685 1.038   58.1  -1.0 0.163 | 0.99604 1.065   34.1  -1.0 0.276 | - -> -
J_0.3          12.0  6 3 | 0.99684 1.046   37.3  -1.0 0.163 | 0.99593 1.080   21.9  -1.0 0.276 | - -> -
J_0.3          17.0  2 3 | 0.99546 1.019  107.7  -1.0 0.079 | 0.99476 1.032   63.3  -1.0 0.135 | - -> -
J_0.3          17.0  3 3 | 0.99546 1.021   87.2  -1.0 0.079 | 0.99475 1.035   51.3  -1.0 0.135 | - -> -
J_0.3          17.0  6 3 | 0.99545 1.026   56.7  -1.0 0.079 | 0.99469 1.045   33.3  -1.0 0.135 | - -> -
J_0.3          25.0  2 3 | 0.99747 1.015  124.0  -1.0 0.065 | 0.99741 1.026   72.9  -1.0 0.111 | - -> -
J_0.3          25.0  3 3 | 0.99747 1.017  100.6  -1.0 0.065 | 0.99741 1.029   59.2  -1.0 0.111 | - -> -
J_0.3          25.0  6 3 | 0.99747 1.022   65.8  -1.0 0.065 | 0.99741 1.037   38.7  -1.0 0.111 | - -> -
J_0.3          26.9  2 3 | 0.99778 1.015  127.9  -1.0 0.063 | 0.99774 1.025   75.2  -1.0 0.107 | - -> -
J_0.3          26.9  3 3 | 0.99778 1.016  103.8  -1.0 0.063 | 0.99774 1.028   61.1  -1.0 0.107 | - -> -
J_0.3          26.9  6 3 | 0.99778 1.021   68.0  -1.0 0.063 | 0.99774 1.036   40.0  -1.0 0.107 | - -> -
mode13          3.1  2 3 | 0.99848 1.054   38.5  -1.0 0.309 | 0.99834 1.089   22.7  -1.0 0.526 | (12.82, 0.142) -> (12.88, 0.147)
mode13          3.1  3 3 | 0.99848 1.059   31.1  -1.0 0.309 | 0.99834 1.099   18.3  -1.0 0.526 | (12.83, 0.141) -> (12.89, 0.146)
mode13          3.1  6 3 | 0.99848 1.074   20.4  -1.0 0.309 | 0.99833 1.127   12.0  -1.0 0.526 | (12.85, 0.139) -> (12.93, 0.142)
mode13          5.0  2 3 | 0.99611 1.053   38.9  -1.0 0.310 | 0.99684 1.088   22.9  -1.0 0.527 | (12.81, 0.143) -> (12.87, 0.148)
mode13          5.0  3 3 | 0.99611 1.058   31.4  -1.0 0.310 | 0.99685 1.097   18.5  -1.0 0.527 | (12.82, 0.143) -> (12.89, 0.147)
mode13          5.0  6 3 | 0.99614 1.073   20.5  -1.0 0.310 | 0.99687 1.125   12.1  -1.0 0.527 | (12.84, 0.141) -> (12.93, 0.143)
mode13          8.0  2 3 | 0.99563 1.051   39.5  -1.0 0.306 | 0.99644 1.086   23.2  -1.0 0.520 | (12.81, 0.145) -> (12.87, 0.15)
mode13          8.0  3 3 | 0.99564 1.056   31.9  -1.0 0.306 | 0.99645 1.095   18.7  -1.0 0.520 | (12.82, 0.144) -> (12.88, 0.149)
mode13          8.0  6 3 | 0.99566 1.071   20.8  -1.0 0.306 | 0.99646 1.122   12.2  -1.0 0.520 | (12.84, 0.142) -> (12.93, 0.145)
mode13         12.0  2 3 | 0.99701 1.033   55.5  -1.0 0.165 | 0.99657 1.057   32.7  -1.0 0.281 | (12.34, 0.167) -> (12.34, 0.173)
mode13         12.0  3 3 | 0.99700 1.036   45.0  -1.0 0.165 | 0.99657 1.063   26.5  -1.0 0.281 | (12.35, 0.167) -> (12.35, 0.173)
mode13         12.0  6 3 | 0.99700 1.045   29.5  -1.0 0.165 | 0.99655 1.078   17.4  -1.0 0.281 | (12.38, 0.166) -> (12.41, 0.173)
mode13         17.0  2 3 | 0.99561 1.017   93.8  -1.0 0.079 | 0.99510 1.030   55.2  -1.0 0.134 | (11.71, 0.155) -> (11.68, 0.157)
mode13         17.0  3 3 | 0.99560 1.019   76.5  -1.0 0.079 | 0.99509 1.033   45.0  -1.0 0.134 | (11.72, 0.155) -> (11.69, 0.157)
mode13         17.0  6 3 | 0.99560 1.025   51.0  -1.0 0.079 | 0.99506 1.043   30.0  -1.0 0.134 | (11.72, 0.156) -> (11.69, 0.158)
mode13         25.0  2 3 | 0.99750 1.014  111.4  -1.0 0.065 | 0.99744 1.024   65.5  -1.0 0.111 | (11.64, 0.145) -> (11.62, 0.146)
mode13         25.0  3 3 | 0.99750 1.016   91.1  -1.0 0.065 | 0.99744 1.027   53.6  -1.0 0.111 | (11.64, 0.145) -> (11.62, 0.146)
mode13         25.0  6 3 | 0.99750 1.020   61.1  -1.0 0.065 | 0.99744 1.035   35.9  -1.0 0.111 | (11.64, 0.145) -> (11.62, 0.147)
mode13         26.9  2 3 | 0.99780 1.013  115.6  -1.0 0.063 | 0.99776 1.023   68.0  -1.0 0.107 | (11.63, 0.143) -> (11.61, 0.143)
mode13         26.9  3 3 | 0.99780 1.015   94.6  -1.0 0.063 | 0.99776 1.026   55.6  -1.0 0.107 | (11.63, 0.143) -> (11.61, 0.144)
mode13         26.9  6 3 | 0.99780 1.019   63.5  -1.0 0.063 | 0.99776 1.033   37.3  -1.0 0.107 | (11.63, 0.143) -> (11.61, 0.145)
mode20          3.1  2 3 | 0.99848 1.062   37.4  -1.0 0.310 | 0.99834 1.105   22.0  -1.0 0.526 | (19.92, 0.075) -> (19.97, 0.075)
mode20          3.1  3 3 | 0.99848 1.067   30.7  -1.0 0.310 | 0.99834 1.115   18.0  -1.0 0.526 | (19.93, 0.074) -> (19.98, 0.074)
mode20          3.1  6 3 | 0.99848 1.082   22.2  -1.0 0.310 | 0.99833 1.143   13.0  -1.0 0.526 | (19.92, 0.073) -> (19.97, 0.072)
mode20          5.0  2 3 | 0.99611 1.061   37.8  -1.0 0.310 | 0.99684 1.104   22.2  -1.0 0.527 | (19.92, 0.075) -> (19.97, 0.076)
mode20          5.0  3 3 | 0.99611 1.066   31.0  -1.0 0.310 | 0.99685 1.113   18.2  -1.0 0.527 | (19.92, 0.075) -> (19.98, 0.075)
mode20          5.0  6 3 | 0.99614 1.081   22.3  -1.0 0.310 | 0.99687 1.141   13.1  -1.0 0.527 | (19.92, 0.073) -> (19.97, 0.072)
mode20          8.0  2 3 | 0.99563 1.060   38.4  -1.0 0.306 | 0.99644 1.102   22.6  -1.0 0.520 | (19.92, 0.076) -> (19.97, 0.077)
mode20          8.0  3 3 | 0.99564 1.065   31.4  -1.0 0.306 | 0.99645 1.111   18.5  -1.0 0.520 | (19.92, 0.076) -> (19.97, 0.076)
mode20          8.0  6 3 | 0.99566 1.080   22.6  -1.0 0.306 | 0.99646 1.139   13.3  -1.0 0.520 | (19.92, 0.074) -> (19.97, 0.074)
mode20         12.0  2 3 | 0.99701 1.037   54.6  -1.0 0.165 | 0.99657 1.062   32.1  -1.0 0.281 | (19.61, 0.096) -> (19.65, 0.098)
mode20         12.0  3 3 | 0.99700 1.040   44.5  -1.0 0.165 | 0.99657 1.069   26.2  -1.0 0.281 | (19.62, 0.096) -> (19.66, 0.097)
mode20         12.0  6 3 | 0.99700 1.050   31.0  -1.0 0.165 | 0.99655 1.087   18.2  -1.0 0.281 | (19.63, 0.095) -> (19.68, 0.095)
mode20         17.0  2 3 | 0.99561 1.018   93.3  -1.0 0.079 | 0.99510 1.030   54.9  -1.0 0.134 | (18.78, 0.114) -> (18.78, 0.116)
mode20         17.0  3 3 | 0.99560 1.020   76.3  -1.0 0.079 | 0.99509 1.034   44.9  -1.0 0.134 | (18.79, 0.114) -> (18.79, 0.116)
mode20         17.0  6 3 | 0.99560 1.026   52.2  -1.0 0.079 | 0.99506 1.044   30.7  -1.0 0.134 | (18.8, 0.114) -> (18.82, 0.115)
mode20         25.0  2 3 | 0.99750 1.014  111.0  -1.0 0.065 | 0.99744 1.024   65.3  -1.0 0.111 | (18.52, 0.111) -> (18.51, 0.112)
mode20         25.0  3 3 | 0.99750 1.016   91.0  -1.0 0.065 | 0.99744 1.027   53.5  -1.0 0.111 | (18.53, 0.111) -> (18.52, 0.112)
mode20         25.0  6 3 | 0.99750 1.021   62.3  -1.0 0.065 | 0.99744 1.036   36.6  -1.0 0.111 | (18.54, 0.111) -> (18.55, 0.112)
mode20         26.9  2 3 | 0.99780 1.013  115.3  -1.0 0.063 | 0.99776 1.023   67.8  -1.0 0.107 | (18.47, 0.109) -> (18.47, 0.111)
mode20         26.9  3 3 | 0.99780 1.015   94.5  -1.0 0.063 | 0.99776 1.026   55.6  -1.0 0.107 | (18.48, 0.11) -> (18.47, 0.111)
mode20         26.9  6 3 | 0.99780 1.020   64.7  -1.0 0.063 | 0.99776 1.035   38.1  -1.0 0.107 | (18.49, 0.11) -> (18.5, 0.111)
mode20_lo       3.1  2 3 | 0.99848 1.067   26.6  -1.0 0.309 | 0.99834 1.119   15.6  -1.0 0.525 | (19.79, 0.119) -> (20.0, 0.12)
mode20_lo       3.1  3 3 | 0.99848 1.075   21.0  -1.0 0.309 | 0.99834 1.133   12.3  -1.0 0.525 | (19.8, 0.117) -> (20.02, 0.116)
mode20_lo       3.1  6 3 | 0.99848 1.097   13.2  -1.0 0.309 | 0.99833 1.175    7.8  -1.0 0.525 | (19.8, 0.111) -> (20.01, 0.106)
mode20_lo       5.0  2 3 | 0.99610 1.066   27.0  -1.0 0.310 | 0.99684 1.116   15.9  -1.0 0.526 | (19.78, 0.121) -> (20.0, 0.122)
mode20_lo       5.0  3 3 | 0.99611 1.074   21.4  -1.0 0.310 | 0.99685 1.131   12.6  -1.0 0.526 | (19.79, 0.12) -> (20.01, 0.119)
mode20_lo       5.0  6 3 | 0.99614 1.095   13.5  -1.0 0.310 | 0.99687 1.171    7.9  -1.0 0.526 | (19.79, 0.114) -> (20.01, 0.109)
mode20_lo       8.0  2 3 | 0.99563 1.064   27.7  -1.0 0.306 | 0.99644 1.112   16.3  -1.0 0.519 | (19.77, 0.126) -> (19.99, 0.127)
mode20_lo       8.0  3 3 | 0.99564 1.071   21.9  -1.0 0.306 | 0.99645 1.126   12.9  -1.0 0.519 | (19.78, 0.124) -> (20.0, 0.123)
mode20_lo       8.0  6 3 | 0.99566 1.092   13.9  -1.0 0.306 | 0.99646 1.165    8.2  -1.0 0.519 | (19.78, 0.118) -> (20.0, 0.113)
mode20_lo      12.0  2 3 | 0.99701 1.034   45.7  -1.0 0.165 | 0.99657 1.059   26.9  -1.0 0.281 | (18.31, 0.212) -> (18.5, 0.219)
mode20_lo      12.0  3 3 | 0.99700 1.038   36.9  -1.0 0.165 | 0.99657 1.067   21.7  -1.0 0.281 | (18.34, 0.21) -> (18.56, 0.216)
mode20_lo      12.0  6 3 | 0.99700 1.049   24.4  -1.0 0.165 | 0.99655 1.086   14.3  -1.0 0.281 | (18.43, 0.204) -> (18.7, 0.204)
mode20_lo      17.0  2 3 | 0.99561 1.017   87.7  -1.0 0.079 | 0.99510 1.029   51.6  -1.0 0.134 | (14.97, 0.222) -> (14.86, 0.23)
mode20_lo      17.0  3 3 | 0.99560 1.019   72.0  -1.0 0.079 | 0.99509 1.032   42.3  -1.0 0.134 | (14.98, 0.223) -> (14.88, 0.232)
mode20_lo      17.0  6 3 | 0.99560 1.025   49.1  -1.0 0.079 | 0.99506 1.042   28.9  -1.0 0.134 | (15.02, 0.225) -> (14.96, 0.236)
mode20_lo      25.0  2 3 | 0.99750 1.014  106.9  -1.0 0.065 | 0.99744 1.024   62.9  -1.0 0.111 | (14.62, 0.187) -> (14.55, 0.19)
mode20_lo      25.0  3 3 | 0.99750 1.016   88.0  -1.0 0.065 | 0.99744 1.026   51.7  -1.0 0.111 | (14.63, 0.187) -> (14.56, 0.191)
mode20_lo      25.0  6 3 | 0.99750 1.020   60.2  -1.0 0.065 | 0.99744 1.034   35.4  -1.0 0.111 | (14.65, 0.189) -> (14.59, 0.195)
mode20_lo      26.9  2 3 | 0.99780 1.013  111.5  -1.0 0.063 | 0.99776 1.023   65.6  -1.0 0.107 | (14.58, 0.18) -> (14.51, 0.183)
mode20_lo      26.9  3 3 | 0.99780 1.015   91.8  -1.0 0.063 | 0.99776 1.025   54.0  -1.0 0.107 | (14.58, 0.18) -> (14.51, 0.184)
mode20_lo      26.9  6 3 | 0.99780 1.019   62.9  -1.0 0.063 | 0.99776 1.033   37.0  -1.0 0.107 | (14.6, 0.182) -> (14.54, 0.187)
tau9            3.1  9 3 | 0.99848 1.100   16.4  -1.0 0.310 | 0.99833 1.177    9.6  -1.0 0.527 | - -> -
tau9            3.1 14 3 | 0.99848 1.124   11.7  -1.0 0.310 | 0.99833 1.226    6.9  -1.0 0.527 | - -> -
tau9            3.1 27 3 | 0.99848 1.186    7.2  -1.0 0.310 | 0.99832 1.356    4.2  -1.0 0.527 | - -> -
tau9            5.0  9 3 | 0.99616 1.099   16.5  -1.0 0.310 | 0.99688 1.175    9.7  -1.0 0.528 | - -> -
tau9            5.0 14 3 | 0.99620 1.123   11.8  -1.0 0.310 | 0.99691 1.224    6.9  -1.0 0.528 | - -> -
tau9            5.0 27 3 | 0.99629 1.185    7.2  -1.0 0.310 | 0.99698 1.353    4.3  -1.0 0.528 | - -> -
tau9            8.0  9 3 | 0.99568 1.097   16.7  -1.0 0.306 | 0.99648 1.173    9.8  -1.0 0.520 | - -> -
tau9            8.0 14 3 | 0.99572 1.122   11.9  -1.0 0.306 | 0.99651 1.221    7.0  -1.0 0.520 | - -> -
tau9            8.0 27 3 | 0.99582 1.183    7.3  -1.0 0.306 | 0.99658 1.350    4.3  -1.0 0.520 | - -> -
tau9           12.0  9 3 | 0.99700 1.062   23.2  -1.0 0.166 | 0.99653 1.108   13.6  -1.0 0.281 | - -> -
tau9           12.0 14 3 | 0.99699 1.077   16.9  -1.0 0.166 | 0.99649 1.138    9.9  -1.0 0.281 | - -> -
tau9           12.0 27 3 | 0.99697 1.113   10.7  -1.0 0.166 | 0.99637 1.207    6.3  -1.0 0.281 | - -> -
tau9           17.0  9 3 | 0.99559 1.032   39.2  -1.0 0.079 | 0.99503 1.056   23.1  -1.0 0.134 | - -> -
tau9           17.0 14 3 | 0.99558 1.041   29.2  -1.0 0.079 | 0.99497 1.071   17.2  -1.0 0.134 | - -> -
tau9           17.0 27 3 | 0.99554 1.058   19.3  -1.0 0.079 | 0.99474 1.102   11.4  -1.0 0.134 | - -> -
tau9           25.0  9 3 | 0.99750 1.026   46.8  -1.0 0.065 | 0.99744 1.046   27.5  -1.0 0.111 | - -> -
tau9           25.0 14 3 | 0.99749 1.033   35.1  -1.0 0.065 | 0.99743 1.058   20.6  -1.0 0.111 | - -> -
tau9           25.0 27 3 | 0.99749 1.047   23.5  -1.0 0.065 | 0.99743 1.082   13.8  -1.0 0.111 | - -> -
tau9           26.9  9 3 | 0.99780 1.025   48.7  -1.0 0.063 | 0.99776 1.044   28.6  -1.0 0.107 | - -> -
tau9           26.9 14 3 | 0.99780 1.032   36.5  -1.0 0.063 | 0.99776 1.055   21.5  -1.0 0.107 | - -> -
tau9           26.9 27 3 | 0.99780 1.045   24.4  -1.0 0.063 | 0.99776 1.079   14.4  -1.0 0.107 | - -> -
J_x0.5          3.1  2 3 | 0.99854 1.077   29.3  -1.0 0.332 | 0.99843 1.134   17.3  -1.0 0.565 | - -> -
J_x0.5          3.1  3 3 | 0.99854 1.085   23.7  -1.0 0.332 | 0.99843 1.148   14.0  -1.0 0.565 | - -> -
J_x0.5          3.1  6 3 | 0.99854 1.108   15.3  -1.0 0.332 | 0.99843 1.192    9.0  -1.0 0.565 | - -> -
J_x0.5          5.0  2 3 | 0.99687 1.076   29.7  -1.0 0.327 | 0.99663 1.131   17.5  -1.0 0.555 | - -> -
J_x0.5          5.0  3 3 | 0.99686 1.083   24.0  -1.0 0.327 | 0.99663 1.145   14.1  -1.0 0.555 | - -> -
J_x0.5          5.0  6 3 | 0.99685 1.106   15.5  -1.0 0.327 | 0.99665 1.188    9.1  -1.0 0.555 | - -> -
J_x0.5          8.0  2 3 | 0.99531 1.074   30.3  -1.0 0.313 | 0.99620 1.128   17.8  -1.0 0.532 | - -> -
J_x0.5          8.0  3 3 | 0.99532 1.081   24.5  -1.0 0.313 | 0.99620 1.141   14.4  -1.0 0.532 | - -> -
J_x0.5          8.0  6 3 | 0.99535 1.103   15.8  -1.0 0.313 | 0.99623 1.183    9.3  -1.0 0.532 | - -> -
J_x0.5         12.0  2 3 | 0.99713 1.039   46.8  -1.0 0.166 | 0.99681 1.068   27.5  -1.0 0.282 | - -> -
J_x0.5         12.0  3 3 | 0.99713 1.044   38.0  -1.0 0.166 | 0.99681 1.076   22.4  -1.0 0.282 | - -> -
J_x0.5         12.0  6 3 | 0.99713 1.057   25.0  -1.0 0.166 | 0.99680 1.099   14.7  -1.0 0.282 | - -> -
J_x0.5         17.0  2 3 | 0.99573 1.018   87.0  -1.0 0.078 | 0.99533 1.030   51.2  -1.0 0.132 | - -> -
J_x0.5         17.0  3 3 | 0.99573 1.020   71.2  -1.0 0.078 | 0.99532 1.034   41.9  -1.0 0.132 | - -> -
J_x0.5         17.0  6 3 | 0.99572 1.026   47.8  -1.0 0.078 | 0.99530 1.045   28.1  -1.0 0.132 | - -> -
J_x0.5         25.0  2 3 | 0.99752 1.014  105.7  -1.0 0.065 | 0.99747 1.024   62.2  -1.0 0.111 | - -> -
J_x0.5         25.0  3 3 | 0.99752 1.016   86.7  -1.0 0.065 | 0.99747 1.027   51.0  -1.0 0.111 | - -> -
J_x0.5         25.0  6 3 | 0.99752 1.021   58.4  -1.0 0.065 | 0.99747 1.036   34.4  -1.0 0.111 | - -> -
J_x0.5         26.9  2 3 | 0.99782 1.013  110.2  -1.0 0.062 | 0.99779 1.023   64.8  -1.0 0.106 | - -> -
J_x0.5         26.9  3 3 | 0.99782 1.015   90.5  -1.0 0.062 | 0.99779 1.026   53.2  -1.0 0.106 | - -> -
J_x0.5         26.9  6 3 | 0.99782 1.020   61.0  -1.0 0.062 | 0.99778 1.035   35.9  -1.0 0.106 | - -> -
J_x2.5          3.1  2 3 | 0.99819 1.039   82.8  -1.0 0.221 | 0.99765 1.066   48.7  -1.0 0.376 | - -> -
J_x2.5          3.1  3 3 | 0.99819 1.042   66.7  -1.0 0.221 | 0.99765 1.071   39.2  -1.0 0.376 | - -> -
J_x2.5          3.1  6 3 | 0.99818 1.049   42.5  -1.0 0.221 | 0.99766 1.084   25.0  -1.0 0.376 | - -> -
J_x2.5          5.0  2 3 | 0.99696 1.039   83.1  -1.0 0.228 | 0.99746 1.066   48.9  -1.0 0.388 | - -> -
J_x2.5          5.0  3 3 | 0.99697 1.041   66.9  -1.0 0.228 | 0.99746 1.071   39.3  -1.0 0.388 | - -> -
J_x2.5          5.0  6 3 | 0.99697 1.049   42.6  -1.0 0.228 | 0.99747 1.084   25.1  -1.0 0.388 | - -> -
J_x2.5          8.0  2 3 | 0.99663 1.038   83.6  -1.0 0.237 | 0.99715 1.066   49.2  -1.0 0.403 | - -> -
J_x2.5          8.0  3 3 | 0.99663 1.041   67.3  -1.0 0.237 | 0.99716 1.070   39.6  -1.0 0.403 | - -> -
J_x2.5          8.0  6 3 | 0.99664 1.049   42.8  -1.0 0.237 | 0.99716 1.084   25.2  -1.0 0.403 | - -> -
J_x2.5         12.0  2 3 | 0.99633 1.029   98.6  -1.0 0.151 | 0.99601 1.049   58.0  -1.0 0.257 | - -> -
J_x2.5         12.0  3 3 | 0.99632 1.031   79.4  -1.0 0.151 | 0.99602 1.053   46.7  -1.0 0.257 | - -> -
J_x2.5         12.0  6 3 | 0.99630 1.037   50.7  -1.0 0.151 | 0.99604 1.064   29.8  -1.0 0.257 | - -> -
J_x2.5         17.0  2 3 | 0.99507 1.018  133.0  -1.0 0.079 | 0.99411 1.030   78.2  -1.0 0.135 | - -> -
J_x2.5         17.0  3 3 | 0.99507 1.019  107.4  -1.0 0.079 | 0.99412 1.033   63.2  -1.0 0.135 | - -> -
J_x2.5         17.0  6 3 | 0.99505 1.024   69.1  -1.0 0.079 | 0.99416 1.041   40.6  -1.0 0.135 | - -> -
J_x2.5         25.0  2 3 | 0.99741 1.015  148.7  -1.0 0.065 | 0.99734 1.025   87.5  -1.0 0.111 | - -> -
J_x2.5         25.0  3 3 | 0.99741 1.016  120.2  -1.0 0.065 | 0.99734 1.028   70.7  -1.0 0.111 | - -> -
J_x2.5         25.0  6 3 | 0.99741 1.020   77.7  -1.0 0.065 | 0.99734 1.034   45.7  -1.0 0.111 | - -> -
J_x2.5         26.9  2 3 | 0.99774 1.014  152.5  -1.0 0.063 | 0.99770 1.024   89.7  -1.0 0.106 | - -> -
J_x2.5         26.9  3 3 | 0.99774 1.016  123.3  -1.0 0.063 | 0.99770 1.027   72.5  -1.0 0.106 | - -> -
J_x2.5         26.9  6 3 | 0.99774 1.019   79.8  -1.0 0.063 | 0.99769 1.033   46.9  -1.0 0.106 | - -> -
b_x0.5          3.1  2 3 | 0.99744 1.091   34.6  -1.0 0.522 | 0.99800 1.156   20.4  -1.0 0.887 | - -> -
b_x0.5          3.1  3 3 | 0.99744 1.097   27.9  -1.0 0.522 | 0.99800 1.168   16.4  -1.0 0.887 | - -> -
b_x0.5          3.1  6 3 | 0.99745 1.118   17.8  -1.0 0.522 | 0.99801 1.207   10.4  -1.0 0.887 | - -> -
b_x0.5          5.0  2 3 | 0.99706 1.090   34.8  -1.0 0.547 | 0.99769 1.155   20.4 161.3 0.929 | - -> -
b_x0.5          5.0  3 3 | 0.99706 1.097   28.0  -1.0 0.547 | 0.99769 1.168   16.5 161.8 0.929 | - -> -
b_x0.5          5.0  6 3 | 0.99707 1.117   17.8  -1.0 0.547 | 0.99769 1.206   10.5 163.5 0.929 | - -> -
b_x0.5          8.0  2 3 | 0.99645 1.090   35.0  -1.0 0.560 | 0.99719 1.154   20.6 142.4 0.952 | - -> -
b_x0.5          8.0  3 3 | 0.99645 1.097   28.1  -1.0 0.560 | 0.99719 1.167   16.5 143.0 0.952 | - -> -
b_x0.5          8.0  6 3 | 0.99646 1.117   17.9  -1.0 0.560 | 0.99719 1.206   10.5 144.6 0.952 | - -> -
b_x0.5         12.0  2 3 | 0.99541 1.064   42.5  -1.0 0.322 | 0.99628 1.110   25.0  -1.0 0.547 | - -> -
b_x0.5         12.0  3 3 | 0.99542 1.069   34.2  -1.0 0.322 | 0.99628 1.120   20.1  -1.0 0.547 | - -> -
b_x0.5         12.0  6 3 | 0.99545 1.085   21.9  -1.0 0.322 | 0.99630 1.149   12.9  -1.0 0.547 | - -> -
b_x0.5         17.0  2 3 | 0.99287 1.037   59.9  -1.0 0.148 | 0.99390 1.064   35.2  -1.0 0.251 | - -> -
b_x0.5         17.0  3 3 | 0.99288 1.041   48.3  -1.0 0.148 | 0.99391 1.070   28.4  -1.0 0.251 | - -> -
b_x0.5         17.0  6 3 | 0.99293 1.051   31.2  -1.0 0.148 | 0.99395 1.088   18.3  -1.0 0.251 | - -> -
b_x0.5         25.0  2 3 | 0.99357 1.031   67.9  -1.0 0.128 | 0.99440 1.053   39.9  -1.0 0.217 | - -> -
b_x0.5         25.0  3 3 | 0.99358 1.034   54.9  -1.0 0.128 | 0.99441 1.058   32.3  -1.0 0.217 | - -> -
b_x0.5         25.0  6 3 | 0.99362 1.043   35.6  -1.0 0.128 | 0.99445 1.074   21.0  -1.0 0.217 | - -> -
b_x0.5         26.9  2 3 | 0.99370 1.029   69.8  -1.0 0.123 | 0.99450 1.050   41.1  -1.0 0.210 | - -> -
b_x0.5         26.9  3 3 | 0.99371 1.032   56.5  -1.0 0.123 | 0.99451 1.056   33.2  -1.0 0.210 | - -> -
b_x0.5         26.9  6 3 | 0.99375 1.041   36.7  -1.0 0.123 | 0.99454 1.071   21.6  -1.0 0.210 | - -> -
b_x0.5_Jx2.5    3.1  2 3 | 0.99829 1.060   75.1  -1.0 0.281 | 0.99856 1.100   44.2  -1.0 0.478 | - -> -
b_x0.5_Jx2.5    3.1  3 3 | 0.99829 1.059   60.5  -1.0 0.281 | 0.99856 1.099   35.6  -1.0 0.478 | - -> -
b_x0.5_Jx2.5    3.1  6 3 | 0.99829 1.059   38.5  -1.0 0.281 | 0.99856 1.100   22.7  -1.0 0.478 | - -> -
b_x0.5_Jx2.5    5.0  2 3 | 0.99810 1.074   75.3  -1.0 0.304 | 0.99838 1.123   44.3  -1.0 0.517 | - -> -
b_x0.5_Jx2.5    5.0  3 3 | 0.99810 1.074   60.6  -1.0 0.304 | 0.99838 1.123   35.6  -1.0 0.517 | - -> -
b_x0.5_Jx2.5    5.0  6 3 | 0.99810 1.073   38.5  -1.0 0.304 | 0.99837 1.121   22.7  -1.0 0.517 | - -> -
b_x0.5_Jx2.5    8.0  2 3 | 0.99780 1.081   75.5  -1.0 0.340 | 0.99808 1.135   44.4  -1.0 0.578 | - -> -
b_x0.5_Jx2.5    8.0  3 3 | 0.99780 1.081   60.7  -1.0 0.340 | 0.99808 1.135   35.7  -1.0 0.578 | - -> -
b_x0.5_Jx2.5    8.0  6 3 | 0.99779 1.079   38.6  -1.0 0.340 | 0.99807 1.132   22.7  -1.0 0.578 | - -> -
b_x0.5_Jx2.5   12.0  2 3 | 0.99655 1.041   82.8  -1.0 0.252 | 0.99708 1.069   48.7  -1.0 0.429 | - -> -
b_x0.5_Jx2.5   12.0  3 3 | 0.99655 1.042   66.6  -1.0 0.252 | 0.99708 1.072   39.2  -1.0 0.429 | - -> -
b_x0.5_Jx2.5   12.0  6 3 | 0.99656 1.050   42.4  -1.0 0.252 | 0.99708 1.085   24.9  -1.0 0.429 | - -> -
b_x0.5_Jx2.5   17.0  2 3 | 0.99358 1.029   99.2  -1.0 0.152 | 0.99453 1.049   58.4  -1.0 0.259 | - -> -
b_x0.5_Jx2.5   17.0  3 3 | 0.99359 1.031   79.8  -1.0 0.152 | 0.99454 1.053   47.0  -1.0 0.259 | - -> -
b_x0.5_Jx2.5   17.0  6 3 | 0.99362 1.037   50.8  -1.0 0.152 | 0.99456 1.064   29.9  -1.0 0.259 | - -> -
b_x0.5_Jx2.5   25.0  2 3 | 0.99405 1.025  106.9  -1.0 0.127 | 0.99485 1.043   62.9  -1.0 0.216 | - -> -
b_x0.5_Jx2.5   25.0  3 3 | 0.99406 1.027   86.1  -1.0 0.127 | 0.99486 1.046   50.6  -1.0 0.216 | - -> -
b_x0.5_Jx2.5   25.0  6 3 | 0.99409 1.033   55.0  -1.0 0.127 | 0.99489 1.057   32.4  -1.0 0.216 | - -> -
b_x0.5_Jx2.5   26.9  2 3 | 0.99414 1.024  108.7  -1.0 0.122 | 0.99492 1.042   64.0  -1.0 0.207 | - -> -
b_x0.5_Jx2.5   26.9  3 3 | 0.99415 1.026   87.6  -1.0 0.122 | 0.99493 1.045   51.5  -1.0 0.207 | - -> -
b_x0.5_Jx2.5   26.9  6 3 | 0.99419 1.032   56.0  -1.0 0.122 | 0.99496 1.055   32.9  -1.0 0.207 | - -> -
lb_mode20       3.1  2 3 | 0.99805 1.116   27.8  -1.0 0.651 | 0.99848 1.191   16.4 109.5 1.107 | (20.03, 0.057) -> (20.08, 0.057)
lb_mode20       3.1  3 3 | 0.99805 1.115   23.2  -1.0 0.651 | 0.99848 1.190   13.7 109.8 1.107 | (20.03, 0.057) -> (20.08, 0.056)
lb_mode20       3.1  6 3 | 0.99805 1.127   17.5  -1.0 0.651 | 0.99848 1.222   10.3 110.6 1.107 | (20.02, 0.056) -> (20.06, 0.054)
lb_mode20       5.0  2 3 | 0.99786 1.128   27.8  -1.0 0.693 | 0.99832 1.210   16.4 100.1 1.178 | (20.03, 0.057) -> (20.08, 0.057)
lb_mode20       5.0  3 3 | 0.99786 1.127   23.2  -1.0 0.693 | 0.99832 1.209   13.7 100.4 1.178 | (20.03, 0.057) -> (20.08, 0.056)
lb_mode20       5.0  6 3 | 0.99786 1.127   17.5  -1.0 0.693 | 0.99832 1.223   10.3 101.3 1.178 | (20.02, 0.056) -> (20.06, 0.054)
lb_mode20       8.0  2 3 | 0.99756 1.136   27.8  -1.0 0.747 | 0.99807 1.222   16.3  93.4 1.269 | (20.04, 0.057) -> (20.08, 0.057)
lb_mode20       8.0  3 3 | 0.99756 1.135   23.2  -1.0 0.747 | 0.99807 1.221   13.6  93.7 1.269 | (20.03, 0.057) -> (20.08, 0.056)
lb_mode20       8.0  6 3 | 0.99755 1.132   17.5  -1.0 0.747 | 0.99806 1.225   10.3  94.8 1.269 | (20.03, 0.056) -> (20.07, 0.054)
lb_mode20      12.0  2 3 | 0.99688 1.134   27.7 142.5 0.804 | 0.99751 1.218   16.3  90.0 1.367 | (20.04, 0.057) -> (20.09, 0.057)
lb_mode20      12.0  3 3 | 0.99687 1.133   23.1 143.0 0.804 | 0.99750 1.216   13.6  90.4 1.367 | (20.04, 0.057) -> (20.09, 0.056)
lb_mode20      12.0  6 3 | 0.99685 1.131   17.4 144.8 0.804 | 0.99749 1.229   10.3  91.7 1.367 | (20.03, 0.056) -> (20.07, 0.054)
lb_mode20      17.0  2 3 | 0.99661 1.131   27.7 137.7 0.811 | 0.99729 1.213   16.3  90.2 1.378 | (20.05, 0.057) -> (20.09, 0.057)
lb_mode20      17.0  3 3 | 0.99660 1.130   23.1 138.3 0.811 | 0.99729 1.211   13.6  90.6 1.378 | (20.04, 0.057) -> (20.09, 0.056)
lb_mode20      17.0  6 3 | 0.99658 1.132   17.4 140.1 0.811 | 0.99727 1.230   10.2  92.0 1.378 | (20.04, 0.056) -> (20.08, 0.054)
lb_mode20      25.0  2 3 | 0.99606 1.123   27.6 134.0 0.809 | 0.99687 1.201   16.3  91.4 1.375 | (20.05, 0.057) -> (20.1, 0.057)
lb_mode20      25.0  3 3 | 0.99605 1.122   23.1 134.6 0.809 | 0.99686 1.198   13.6  91.9 1.375 | (20.05, 0.057) -> (20.1, 0.056)
lb_mode20      25.0  6 3 | 0.99602 1.134   17.4 136.6 0.809 | 0.99684 1.233   10.2  93.4 1.375 | (20.04, 0.056) -> (20.08, 0.054)
lb_mode20      26.9  2 3 | 0.99593 1.122   27.6 133.7 0.806 | 0.99677 1.198   16.3  91.8 1.371 | (20.05, 0.057) -> (20.1, 0.057)
lb_mode20      26.9  3 3 | 0.99592 1.120   23.0 134.3 0.806 | 0.99676 1.195   13.6  92.3 1.371 | (20.05, 0.057) -> (20.1, 0.056)
lb_mode20      26.9  6 3 | 0.99588 1.134   17.4 136.3 0.806 | 0.99673 1.234   10.2  93.8 1.371 | (20.04, 0.056) -> (20.08, 0.054)
lb_mode20_lo    3.1  2 3 | 0.99805 1.166   13.5  -1.0 0.647 | 0.99848 1.305    7.9 109.5 1.100 | (20.22, 0.049) -> (20.41, 0.047)
lb_mode20_lo    3.1  3 3 | 0.99805 1.188   10.1  -1.0 0.647 | 0.99848 1.352    6.0 109.8 1.100 | (20.22, 0.047) -> (20.4, 0.045)
lb_mode20_lo    3.1  6 3 | 0.99805 1.250    5.9  -1.0 0.647 | 0.99848 1.502    3.5 110.7 1.100 | (20.18, 0.042) -> (20.34, 0.037)
lb_mode20_lo    5.0  2 3 | 0.99787 1.166   13.5  -1.0 0.689 | 0.99832 1.305    7.9 100.1 1.171 | (20.23, 0.049) -> (20.42, 0.047)
lb_mode20_lo    5.0  3 3 | 0.99786 1.188   10.1  -1.0 0.689 | 0.99832 1.352    6.0 100.4 1.171 | (20.23, 0.047) -> (20.41, 0.045)
lb_mode20_lo    5.0  6 3 | 0.99786 1.250    5.9  -1.0 0.689 | 0.99832 1.503    3.5 101.3 1.171 | (20.19, 0.042) -> (20.35, 0.037)
lb_mode20_lo    8.0  2 3 | 0.99756 1.166   13.4  -1.0 0.742 | 0.99807 1.306    7.9  93.4 1.262 | (20.24, 0.049) -> (20.43, 0.047)
lb_mode20_lo    8.0  3 3 | 0.99756 1.188   10.1  -1.0 0.742 | 0.99807 1.353    5.9  93.7 1.262 | (20.24, 0.047) -> (20.43, 0.045)
lb_mode20_lo    8.0  6 3 | 0.99755 1.250    5.9  -1.0 0.742 | 0.99806 1.503    3.5  94.8 1.262 | (20.21, 0.042) -> (20.36, 0.037)
lb_mode20_lo   12.0  2 3 | 0.99688 1.167   13.4 142.7 0.799 | 0.99751 1.306    7.9  90.0 1.359 | (20.27, 0.049) -> (20.46, 0.048)
lb_mode20_lo   12.0  3 3 | 0.99687 1.188   10.1 143.3 0.799 | 0.99751 1.353    5.9  90.4 1.359 | (20.27, 0.047) -> (20.46, 0.045)
lb_mode20_lo   12.0  6 3 | 0.99685 1.251    5.9 145.0 0.799 | 0.99749 1.504    3.5  91.7 1.359 | (20.24, 0.042) -> (20.39, 0.037)
lb_mode20_lo   17.0  2 3 | 0.99661 1.167   13.4 137.8 0.806 | 0.99730 1.306    7.9  90.2 1.370 | (20.28, 0.049) -> (20.48, 0.048)
lb_mode20_lo   17.0  3 3 | 0.99660 1.188   10.1 138.4 0.806 | 0.99729 1.354    5.9  90.6 1.370 | (20.28, 0.047) -> (20.47, 0.045)
lb_mode20_lo   17.0  6 3 | 0.99658 1.251    5.9 140.2 0.806 | 0.99727 1.505    3.5  92.0 1.370 | (20.25, 0.042) -> (20.4, 0.037)
lb_mode20_lo   25.0  2 3 | 0.99607 1.167   13.4 134.0 0.805 | 0.99687 1.307    7.9  91.3 1.368 | (20.31, 0.049) -> (20.5, 0.048)
lb_mode20_lo   25.0  3 3 | 0.99605 1.189   10.1 134.7 0.805 | 0.99686 1.354    5.9  91.9 1.368 | (20.3, 0.047) -> (20.49, 0.045)
lb_mode20_lo   25.0  6 3 | 0.99602 1.251    5.9 136.6 0.805 | 0.99684 1.506    3.5  93.4 1.368 | (20.27, 0.042) -> (20.42, 0.037)
lb_mode20_lo   26.9  2 3 | 0.99593 1.167   13.4 133.7 0.802 | 0.99677 1.307    7.9  91.7 1.364 | (20.31, 0.049) -> (20.5, 0.048)
lb_mode20_lo   26.9  3 3 | 0.99592 1.189   10.0 134.4 0.802 | 0.99676 1.354    5.9  92.3 1.364 | (20.31, 0.047) -> (20.5, 0.045)
lb_mode20_lo   26.9  6 3 | 0.99588 1.252    5.9 136.3 0.802 | 0.99674 1.506    3.5  93.8 1.364 | (20.27, 0.042) -> (20.43, 0.037)
mode16_lo       3.1  2 3 | 0.99848 1.072   27.4  -1.0 0.308 | 0.99834 1.126   16.1  -1.0 0.524 | (16.23, 0.145) -> (16.49, 0.15)
mode16_lo       3.1  3 3 | 0.99848 1.081   21.7  -1.0 0.308 | 0.99834 1.142   12.8  -1.0 0.524 | (16.25, 0.142) -> (16.52, 0.146)
mode16_lo       3.1  6 3 | 0.99848 1.105   13.4  -1.0 0.308 | 0.99833 1.190    7.9  -1.0 0.524 | (16.29, 0.135) -> (16.58, 0.132)
mode16_lo       5.0  2 3 | 0.99610 1.071   27.8  -1.0 0.309 | 0.99684 1.123   16.4  -1.0 0.526 | (16.22, 0.148) -> (16.48, 0.153)
mode16_lo       5.0  3 3 | 0.99611 1.079   22.0  -1.0 0.309 | 0.99685 1.139   13.0  -1.0 0.526 | (16.24, 0.146) -> (16.52, 0.149)
mode16_lo       5.0  6 3 | 0.99614 1.103   13.7  -1.0 0.309 | 0.99687 1.185    8.0  -1.0 0.526 | (16.28, 0.138) -> (16.57, 0.136)
mode16_lo       8.0  2 3 | 0.99563 1.068   28.5  -1.0 0.305 | 0.99644 1.119   16.7  -1.0 0.519 | (16.2, 0.153) -> (16.46, 0.159)
mode16_lo       8.0  3 3 | 0.99563 1.076   22.6  -1.0 0.305 | 0.99645 1.134   13.3  -1.0 0.519 | (16.23, 0.151) -> (16.5, 0.155)
mode16_lo       8.0  6 3 | 0.99566 1.099   14.0  -1.0 0.305 | 0.99646 1.179    8.3  -1.0 0.519 | (16.27, 0.144) -> (16.57, 0.141)
mode16_lo      12.0  2 3 | 0.99701 1.036   46.0  -1.0 0.165 | 0.99657 1.062   27.1  -1.0 0.281 | (14.38, 0.25) -> (14.5, 0.271)
mode16_lo      12.0  3 3 | 0.99700 1.040   37.2  -1.0 0.165 | 0.99657 1.070   21.9  -1.0 0.281 | (14.43, 0.249) -> (14.6, 0.268)
mode16_lo      12.0  6 3 | 0.99700 1.052   24.3  -1.0 0.165 | 0.99655 1.092   14.3  -1.0 0.281 | (14.57, 0.244) -> (14.86, 0.256)
mode16_lo      17.0  2 3 | 0.99561 1.016   87.5  -1.0 0.079 | 0.99510 1.028   51.5  -1.0 0.134 | (11.98, 0.193) -> (11.87, 0.196)
mode16_lo      17.0  3 3 | 0.99560 1.019   71.7  -1.0 0.079 | 0.99509 1.032   42.2  -1.0 0.134 | (11.98, 0.194) -> (11.87, 0.198)
mode16_lo      17.0  6 3 | 0.99560 1.025   48.5  -1.0 0.079 | 0.99506 1.042   28.5  -1.0 0.134 | (11.99, 0.196) -> (11.88, 0.203)
mode16_lo      25.0  2 3 | 0.99750 1.013  106.6  -1.0 0.065 | 0.99744 1.023   62.7  -1.0 0.111 | (11.86, 0.159) -> (11.8, 0.16)
mode16_lo      25.0  3 3 | 0.99750 1.015   87.6  -1.0 0.065 | 0.99744 1.026   51.5  -1.0 0.111 | (11.86, 0.159) -> (11.79, 0.161)
mode16_lo      25.0  6 3 | 0.99750 1.020   59.5  -1.0 0.065 | 0.99744 1.034   35.0  -1.0 0.111 | (11.86, 0.161) -> (11.8, 0.164)
mode16_lo      26.9  2 3 | 0.99780 1.013  111.2  -1.0 0.063 | 0.99776 1.021   65.4  -1.0 0.107 | (11.84, 0.153) -> (11.78, 0.154)
mode16_lo      26.9  3 3 | 0.99780 1.014   91.4  -1.0 0.063 | 0.99776 1.024   53.8  -1.0 0.107 | (11.84, 0.153) -> (11.78, 0.154)
mode16_lo      26.9  6 3 | 0.99780 1.019   62.1  -1.0 0.063 | 0.99776 1.033   36.5  -1.0 0.107 | (11.84, 0.155) -> (11.79, 0.157)
mode13_lo       3.1  2 3 | 0.99848 1.073   28.6  -1.0 0.308 | 0.99834 1.128   16.8  -1.0 0.523 | (12.56, 0.201) -> (12.88, 0.219)
mode13_lo       3.1  3 3 | 0.99848 1.082   22.8  -1.0 0.308 | 0.99834 1.143   13.4  -1.0 0.523 | (12.6, 0.199) -> (12.95, 0.213)
mode13_lo       3.1  6 3 | 0.99848 1.106   14.3  -1.0 0.308 | 0.99833 1.191    8.4  -1.0 0.523 | (12.7, 0.19) -> (13.11, 0.194)
mode13_lo       5.0  2 3 | 0.99610 1.072   29.0  -1.0 0.308 | 0.99684 1.125   17.0  -1.0 0.524 | (12.55, 0.206) -> (12.87, 0.224)
mode13_lo       5.0  3 3 | 0.99611 1.080   23.1  -1.0 0.308 | 0.99685 1.140   13.6  -1.0 0.524 | (12.59, 0.204) -> (12.94, 0.218)
mode13_lo       5.0  6 3 | 0.99613 1.104   14.5  -1.0 0.308 | 0.99687 1.187    8.5  -1.0 0.524 | (12.69, 0.194) -> (13.11, 0.199)
mode13_lo       8.0  2 3 | 0.99563 1.069   29.6  -1.0 0.305 | 0.99644 1.121   17.4  -1.0 0.518 | (12.52, 0.214) -> (12.84, 0.232)
mode13_lo       8.0  3 3 | 0.99563 1.077   23.6  -1.0 0.305 | 0.99645 1.136   13.9  -1.0 0.518 | (12.56, 0.211) -> (12.92, 0.227)
mode13_lo       8.0  6 3 | 0.99566 1.101   14.8  -1.0 0.305 | 0.99646 1.181    8.7  -1.0 0.518 | (12.67, 0.202) -> (13.1, 0.207)
mode13_lo      12.0  2 3 | 0.99701 1.037   46.8  -1.0 0.165 | 0.99657 1.064   27.5  -1.0 0.281 | (10.14, 0.293) -> (9.67, 0.335)
mode13_lo      12.0  3 3 | 0.99701 1.041   37.9  -1.0 0.165 | 0.99657 1.072   22.3  -1.0 0.281 | (10.17, 0.295) -> (9.68, 0.346)
mode13_lo      12.0  6 3 | 0.99700 1.054   24.7  -1.0 0.165 | 0.99655 1.094   14.6  -1.0 0.281 | (10.27, 0.302) -> (9.9, 0.382)
mode13_lo      17.0  2 3 | 0.99561 1.017   87.8  -1.0 0.079 | 0.99510 1.029   51.6  -1.0 0.134 | (9.22, 0.162) -> (9.15, 0.161)
mode13_lo      17.0  3 3 | 0.99560 1.019   71.9  -1.0 0.079 | 0.99509 1.033   42.3  -1.0 0.134 | (9.21, 0.163) -> (9.15, 0.162)
mode13_lo      17.0  6 3 | 0.99560 1.025   48.4  -1.0 0.079 | 0.99507 1.043   28.5  -1.0 0.134 | (9.21, 0.165) -> (9.13, 0.165)
mode13_lo      25.0  2 3 | 0.99750 1.013  106.7  -1.0 0.065 | 0.99744 1.023   62.8  -1.0 0.111 | (9.21, 0.135) -> (9.17, 0.134)
mode13_lo      25.0  3 3 | 0.99750 1.015   87.6  -1.0 0.065 | 0.99744 1.026   51.5  -1.0 0.111 | (9.21, 0.135) -> (9.17, 0.135)
mode13_lo      25.0  6 3 | 0.99750 1.020   59.3  -1.0 0.065 | 0.99744 1.035   34.9  -1.0 0.111 | (9.2, 0.137) -> (9.16, 0.137)
mode13_lo      26.9  2 3 | 0.99780 1.013  111.3  -1.0 0.063 | 0.99776 1.022   65.5  -1.0 0.107 | (9.21, 0.13) -> (9.17, 0.129)
mode13_lo      26.9  3 3 | 0.99780 1.015   91.4  -1.0 0.063 | 0.99776 1.025   53.8  -1.0 0.107 | (9.21, 0.13) -> (9.17, 0.13)
mode13_lo      26.9  6 3 | 0.99780 1.019   61.9  -1.0 0.063 | 0.99776 1.033   36.4  -1.0 0.107 | (9.2, 0.131) -> (9.16, 0.132)

WORST Ms at delay x1.5 (w 3) on b964: (1.3543268884631798, ('lb_mode20_lo', 26.9, 3, 1.1886538313031687))
WORST b964 GM: (np.float64(3.4571349532818454), ('lb_mode20_lo', 26.9, 6, 3, np.float64(5.877739144556785)))
MOST NEGATIVE matched-pole zeta change b964 - V294: -0.0056785868487723296 ('lb_mode20_lo', 26.9, 6, 3)
  pairs: [(20.27, 0.0425, 20.43, 0.0368)]

R5 stress flexible-mode zeta (mine, exact ZOH): member v : open / V294 / b964   (designer: mode20 .076/.099/.115 -> .077/.101/.116; mode13 .145/.171/.146 -> .150/.178/.147; mode20_lo .126/.226/.191 -> .128/.235/.193)
mode13        5 : mine 12.74Hz z0.1371 / 12.81Hz z0.1431 / 12.87Hz z0.1478 | VP.linear_poles 12.81Hz z0.1388 / 12.88Hz z0.1452 / 12.94Hz z0.1503
mode13       12 : mine 12.34Hz z0.1588 / 12.34Hz z0.1669 / 12.34Hz z0.1734 | VP.linear_poles 12.39Hz z0.1623 / 12.39Hz z0.1709 / 12.37Hz z0.1778
mode13       25 : mine 11.67Hz z0.1435 / 11.64Hz z0.1447 / 11.62Hz z0.1455 | VP.linear_poles 11.69Hz z0.1454 / 11.66Hz z0.1464 / 11.64Hz z0.1470
mode20        5 : mine 19.85Hz z0.0746 / 19.92Hz z0.0753 / 19.97Hz z0.0757 | VP.linear_poles 19.96Hz z0.0756 / 20.03Hz z0.0764 / 20.08Hz z0.0770
mode20       12 : mine 19.56Hz z0.0945 / 19.61Hz z0.0964 / 19.65Hz z0.0977 | VP.linear_poles 19.67Hz z0.0972 / 19.72Hz z0.0994 / 19.76Hz z0.1010
mode20       25 : mine 18.53Hz z0.1086 / 18.52Hz z0.1106 / 18.51Hz z0.1120 | VP.linear_poles 18.55Hz z0.1128 / 18.54Hz z0.1149 / 18.53Hz z0.1165
mode20_lo     5 : mine 19.49Hz z0.1193 / 19.78Hz z0.1214 / 20.00Hz z0.1224 | VP.linear_poles 19.63Hz z0.1228 / 19.93Hz z0.1258 / 20.15Hz z0.1275
mode20_lo    12 : mine 18.07Hz z0.2011 / 18.31Hz z0.2119 / 18.50Hz z0.2191 | VP.linear_poles 18.16Hz z0.2134 / 18.39Hz z0.2260 / 18.59Hz z0.2346
mode20_lo    25 : mine 14.72Hz z0.1815 / 14.62Hz z0.1867 / 14.55Hz z0.1902 | VP.linear_poles 14.61Hz z0.1863 / 14.50Hz z0.1906 / 14.42Hz z0.1934
