check: L_o at 0.01 Hz (must be large, positive real part = negative feedback): nominal 12 m/s V294 (0.805-3.03j)

member v pipe relay | V294 GM PM Ms f_Ms | b964 GM PM Ms f_Ms | ratio GM, dMs
nominal     3.1 22 0 |  17.27  105.5  1.15  1.10 |  21.71  102.5  1.16  0.94 | 1.257 +0.008
nominal     3.1 22 1 |  11.08   87.6  1.23  1.23 |  13.93   83.7  1.23  1.07 | 1.256 +0.004
nominal     3.1 62 0 |   9.00  101.7  1.23  0.98 |  10.43   98.6  1.24  0.85 | 1.160 +0.008
nominal     3.1 62 1 |   5.80   80.9  1.36  1.09 |   6.73   77.1  1.37  0.97 | 1.162 +0.003
nominal     5.0 22 0 |  17.30  132.9  1.13  1.32 |  21.65  133.0  1.13  1.13 | 1.251 +0.002
nominal     5.0 22 1 |  11.10  112.7  1.20  1.44 |  13.88  108.0  1.20  1.25 | 1.251 -0.003
nominal     5.0 62 0 |   9.19  131.7  1.20  1.15 |  10.66  131.8  1.20  1.01 | 1.160 +0.001
nominal     5.0 62 1 |   5.91  107.0  1.32  1.23 |   6.87  102.2  1.32  1.10 | 1.162 -0.005
nominal     8.0 22 0 |  16.19  120.4  1.12  1.62 |  20.11  120.4  1.11  1.40 | 1.242 -0.004
nominal     8.0 22 1 |  10.38  145.3  1.19  1.73 |  12.88  145.4  1.18  1.51 | 1.242 -0.011
nominal     8.0 62 0 |   8.84  119.9  1.18  1.38 |  10.24  119.9  1.18  1.23 | 1.159 -0.005
nominal     8.0 62 1 |   5.68  144.4  1.31  1.45 |   6.59  144.5  1.29  1.31 | 1.160 -0.014
nominal    12.0 22 0 |  24.05  118.5  1.08  1.70 |  27.57  118.5  1.07  1.51 | 1.146 -0.001
nominal    12.0 22 1 |  15.40  141.6  1.12  1.82 |  17.65  141.7  1.11  1.62 | 1.146 -0.003
nominal    12.0 62 0 |  12.91  118.0  1.12  1.40 |  14.15  118.0  1.12  1.28 | 1.096 -0.001
nominal    12.0 62 1 |   8.28  140.7  1.19  1.48 |   9.08  140.8  1.19  1.35 | 1.097 -0.004
nominal    17.0 22 0 |  40.48  102.5  1.04  2.31 |  43.50  102.5  1.04  2.17 | 1.075 -0.001
nominal    17.0 22 1 |  25.90  110.8  1.06  2.38 |  27.83  110.8  1.06  2.25 | 1.075 -0.002
nominal    17.0 62 0 |  21.48  102.3  1.06  1.78 |  22.55  102.3  1.06  1.70 | 1.050 -0.001
nominal    17.0 62 1 |  13.76  110.6  1.10  1.84 |  14.45  110.6  1.10  1.75 | 1.050 -0.002
nominal    22.0 22 0 |  34.70  108.8  1.05  2.13 |  37.02  108.8  1.05  2.00 | 1.067 -0.001
nominal    22.0 22 1 |  22.20  122.3  1.07  2.23 |  23.69  122.3  1.07  2.10 | 1.067 -0.002
nominal    22.0 62 0 |  18.05  108.5  1.08  1.65 |  18.85  108.5  1.08  1.57 | 1.044 -0.001
nominal    22.0 62 1 |  11.56  121.9  1.12  1.72 |  12.08  121.9  1.12  1.65 | 1.045 -0.002
nominal    26.9 22 0 |  30.84  117.2  1.06  1.97 |  32.71  117.2  1.06  1.85 | 1.061 -0.001
nominal    26.9 22 1 |  19.74  139.2  1.09  2.10 |  20.93  139.2  1.09  1.98 | 1.061 -0.002
nominal    26.9 62 0 |  15.79  116.7  1.09  1.53 |  16.42  116.7  1.09  1.47 | 1.040 -0.000
nominal    26.9 62 1 |  10.12  138.4  1.15  1.62 |  10.52  138.4  1.15  1.54 | 1.040 -0.001
J_lo        3.1 22 0 |  20.26  104.9  1.13  1.19 |  25.75  101.8  1.14  1.00 | 1.271 +0.011
J_lo        3.1 22 1 |  12.98   89.0  1.19  1.37 |  16.48   84.9  1.20  1.15 | 1.270 +0.009
J_lo        3.1 62 0 |   9.96  100.9  1.21  1.04 |  11.62   97.8  1.22  0.90 | 1.167 +0.011
J_lo        3.1 62 1 |   6.40   82.2  1.33  1.18 |   7.48   78.1  1.33  1.01 | 1.169 +0.008
J_lo        5.0 22 0 |  20.29  134.0  1.11  1.44 |  25.63  134.1  1.11  1.21 | 1.263 +0.004
J_lo        5.0 22 1 |  12.99  113.2  1.17  1.59 |  16.40  108.4  1.17  1.34 | 1.263 +0.001
J_lo        5.0 62 0 |  10.18  132.7  1.18  1.23 |  11.86  132.7  1.18  1.07 | 1.165 +0.004
J_lo        5.0 62 1 |   6.54  107.4  1.29  1.34 |   7.63  102.5  1.29  1.18 | 1.167 -0.001
J_lo        8.0 22 0 |  18.96  121.3  1.10  1.79 |  23.75  121.3  1.10  1.51 | 1.253 -0.002
J_lo        8.0 22 1 |  12.13  147.2  1.15  1.94 |  15.20  147.3  1.15  1.63 | 1.252 -0.006
J_lo        8.0 62 0 |   9.78  120.8  1.17  1.48 |  11.36  120.8  1.16  1.31 | 1.162 -0.002
J_lo        8.0 62 1 |   6.28  146.2  1.27  1.57 |   7.30  146.2  1.26  1.40 | 1.163 -0.009
J_lo       12.0 22 0 |  32.66  116.2  1.06  1.81 |  36.82  116.2  1.06  1.60 | 1.127 -0.000
J_lo       12.0 22 1 |  20.90  137.2  1.09  1.94 |  23.56  137.2  1.09  1.72 | 1.127 -0.001
J_lo       12.0 62 0 |  16.35  115.7  1.09  1.45 |  17.69  115.7  1.09  1.32 | 1.082 +0.000
J_lo       12.0 62 1 |  10.48  136.5  1.15  1.53 |  11.35  136.5  1.15  1.41 | 1.083 -0.001
J_lo       17.0 22 0 |  45.60  102.5  1.04  2.39 |  48.92  102.5  1.03  2.25 | 1.073 -0.001
J_lo       17.0 22 1 |  29.17  110.7  1.06  2.47 |  31.29  110.7  1.05  2.32 | 1.073 -0.002
J_lo       17.0 62 0 |  22.96  102.3  1.06  1.82 |  24.06  102.3  1.06  1.73 | 1.048 -0.001
J_lo       17.0 62 1 |  14.70  110.5  1.09  1.87 |  15.41  110.5  1.09  1.79 | 1.048 -0.002
J_lo       22.0 22 0 |  40.65  108.5  1.04  2.17 |  43.18  108.5  1.04  2.04 | 1.062 -0.001
J_lo       22.0 22 1 |  26.01  121.8  1.07  2.28 |  27.63  121.8  1.06  2.14 | 1.062 -0.001
J_lo       22.0 62 0 |  20.08  108.2  1.07  1.66 |  20.90  108.2  1.07  1.59 | 1.041 -0.000
J_lo       22.0 62 1 |  12.86  121.4  1.11  1.73 |  13.39  121.5  1.11  1.66 | 1.041 -0.001
J_lo       26.9 22 0 |  37.22  116.2  1.05  1.98 |  39.25  116.2  1.05  1.87 | 1.055 -0.000
J_lo       26.9 22 1 |  23.82  137.4  1.07  2.12 |  25.11  137.4  1.07  2.00 | 1.055 -0.001
J_lo       26.9 62 0 |  18.13  115.7  1.08  1.53 |  18.78  115.7  1.08  1.45 | 1.036 -0.000
J_lo       26.9 62 1 |  11.62  136.6  1.13  1.62 |  12.04  136.6  1.13  1.54 | 1.036 -0.001
J_hi        3.1 22 0 |  16.73  118.5  1.16  0.94 |  19.92  117.2  1.16  0.84 | 1.190 +0.003
J_hi        3.1 22 1 |  10.79   95.5  1.24  1.04 |  12.85   92.5  1.24  0.94 | 1.190 -0.001
J_hi        3.1 62 0 |   9.26  116.1  1.22  0.85 |  10.35  114.7  1.22  0.78 | 1.118 +0.003
J_hi        3.1 62 1 |   5.99   90.3  1.35  0.93 |   6.71   87.3  1.35  0.86 | 1.120 -0.002
J_hi        5.0 22 0 |  16.41  124.7  1.14  1.10 |  19.54  124.7  1.14  1.00 | 1.191 -0.001
J_hi        5.0 22 1 |  10.57  131.7  1.22  1.19 |  12.59  128.6  1.21  1.09 | 1.190 -0.006
J_hi        5.0 62 0 |   9.20  124.0  1.20  1.00 |  10.33  124.0  1.20  0.91 | 1.122 -0.002
J_hi        5.0 62 1 |   5.94  128.3  1.32  1.06 |   6.68  125.0  1.32  0.98 | 1.124 -0.008
J_hi        8.0 22 0 |  14.86  115.1  1.14  1.32 |  17.69  115.1  1.13  1.22 | 1.191 -0.006
J_hi        8.0 22 1 |   9.56  133.9  1.22  1.40 |  11.39  133.9  1.21  1.29 | 1.190 -0.013
J_hi        8.0 62 0 |   8.50  114.7  1.19  1.19 |   9.58  114.7  1.19  1.10 | 1.127 -0.007
J_hi        8.0 62 1 |   5.48  133.3  1.32  1.23 |   6.18  133.3  1.31  1.16 | 1.129 -0.016
J_hi       12.0 22 0 |  14.59  120.9  1.14  1.37 |  16.99  120.9  1.13  1.26 | 1.165 -0.005
J_hi       12.0 22 1 |   9.38  146.2  1.22  1.45 |  10.92  146.3  1.21  1.34 | 1.164 -0.011
J_hi       12.0 62 0 |   8.35  120.3  1.20  1.21 |   9.27  120.3  1.19  1.12 | 1.110 -0.005
J_hi       12.0 62 1 |   5.38  145.1  1.33  1.26 |   5.97  145.1  1.31  1.19 | 1.111 -0.013
J_hi       17.0 22 0 |  28.33  103.1  1.05  2.06 |  30.69  103.1  1.05  1.95 | 1.083 -0.002
J_hi       17.0 22 1 |  18.14  111.6  1.09  2.12 |  19.65  111.6  1.08  2.01 | 1.083 -0.004
J_hi       17.0 62 0 |  16.46  102.9  1.08  1.66 |  17.42  102.9  1.08  1.59 | 1.058 -0.002
J_hi       17.0 62 1 |  10.55  111.4  1.13  1.70 |  11.16  111.4  1.13  1.63 | 1.058 -0.004
J_hi       22.0 22 0 |  27.65  108.9  1.06  1.92 |  29.53  108.9  1.06  1.82 | 1.068 -0.001
J_hi       22.0 22 1 |  17.71  122.5  1.09  2.01 |  18.91  122.5  1.09  1.91 | 1.068 -0.003
J_hi       22.0 62 0 |  15.62  108.6  1.09  1.54 |  16.34  108.6  1.09  1.48 | 1.046 -0.001
J_hi       22.0 62 1 |  10.01  122.2  1.14  1.60 |  10.48  122.2  1.14  1.54 | 1.047 -0.002
J_hi       26.9 22 0 |  27.05  116.2  1.06  1.81 |  28.61  116.2  1.06  1.70 | 1.058 -0.001
J_hi       26.9 22 1 |  17.33  137.4  1.10  1.91 |  18.32  137.4  1.10  1.82 | 1.058 -0.002
J_hi       26.9 62 0 |  14.94  115.7  1.10  1.44 |  15.52  115.7  1.10  1.38 | 1.039 -0.001
J_hi       26.9 62 1 |   9.58  136.6  1.16  1.51 |   9.95  136.6  1.15  1.45 | 1.039 -0.002
J_hi2       3.1 22 0 |  19.40  124.4  1.13  0.88 |  22.14  124.4  1.13  0.81 | 1.141 +0.001
J_hi2       3.1 22 1 |  12.54  113.0  1.20  0.95 |  14.31  111.1  1.20  0.89 | 1.141 -0.001
J_hi2       3.1 62 0 |  11.04  123.3  1.18  0.80 |  12.02  123.3  1.18  0.75 | 1.089 +0.001
J_hi2       3.1 62 1 |   7.15  109.5  1.28  0.87 |   7.79  107.5  1.28  0.81 | 1.090 -0.001
J_hi2       5.0 22 0 |  18.57  116.7  1.12  1.03 |  21.25  116.7  1.12  0.95 | 1.144 -0.001
J_hi2       5.0 22 1 |  12.00  138.3  1.19  1.09 |  13.73  138.3  1.19  1.01 | 1.144 -0.005
J_hi2       5.0 62 0 |  10.68  116.2  1.17  0.93 |  11.67  116.2  1.17  0.88 | 1.093 -0.002
J_hi2       5.0 62 1 |   6.90  137.5  1.27  0.99 |   7.56  137.5  1.27  0.93 | 1.095 -0.006
J_hi2       8.0 22 0 |  16.21  109.9  1.13  1.22 |  18.62  109.9  1.12  1.15 | 1.149 -0.005
J_hi2       8.0 22 1 |  10.46  123.8  1.20  1.26 |  12.01  123.8  1.19  1.21 | 1.149 -0.010
J_hi2       8.0 62 0 |   9.47  109.6  1.17  1.10 |  10.42  109.6  1.17  1.04 | 1.100 -0.006
J_hi2       8.0 62 1 |   6.11  123.4  1.29  1.15 |   6.73  123.4  1.27  1.09 | 1.102 -0.012
J_hi2      12.0 22 0 |  10.79  120.9  1.21  1.15 |  12.58  120.9  1.20  1.07 | 1.165 -0.009
J_hi2      12.0 22 1 |   6.98  146.6  1.34  1.21 |   8.13  146.6  1.32  1.15 | 1.165 -0.020
J_hi2      12.0 62 0 |   6.24  120.3  1.29  1.04 |   6.93  120.4  1.28  0.99 | 1.109 -0.011
J_hi2      12.0 62 1 |   4.04  145.5  1.50  1.10 |   4.49  145.6  1.48  1.04 | 1.111 -0.028
J_hi2      17.0 22 0 |  23.49  103.1  1.07  1.81 |  25.47  103.1  1.06  1.73 | 1.084 -0.003
J_hi2      17.0 22 1 |  15.07  111.7  1.11  1.87 |  16.33  111.7  1.10  1.79 | 1.084 -0.005
J_hi2      17.0 62 0 |  14.07  102.9  1.10  1.53 |  14.91  102.9  1.09  1.47 | 1.059 -0.003
J_hi2      17.0 62 1 |   9.03  111.4  1.16  1.57 |   9.57  111.4  1.15  1.51 | 1.060 -0.005
J_hi2      22.0 22 0 |  25.12  108.6  1.07  1.75 |  26.75  108.6  1.06  1.66 | 1.065 -0.002
J_hi2      22.0 22 1 |  16.11  121.8  1.10  1.81 |  17.15  121.8  1.10  1.73 | 1.065 -0.003
J_hi2      22.0 62 0 |  14.66  108.3  1.10  1.44 |  15.32  108.3  1.09  1.38 | 1.045 -0.001
J_hi2      22.0 62 1 |   9.41  121.5  1.15  1.50 |   9.83  121.5  1.15  1.44 | 1.045 -0.003
J_hi2      26.9 22 0 |  26.09  114.9  1.07  1.66 |  27.47  114.9  1.06  1.59 | 1.053 -0.001
J_hi2      26.9 22 1 |  16.72  135.0  1.10  1.75 |  17.61  135.0  1.10  1.67 | 1.053 -0.002
J_hi2      26.9 62 0 |  14.90  114.5  1.10  1.35 |  15.43  114.5  1.10  1.31 | 1.036 -0.001
J_hi2      26.9 62 1 |   9.56  134.4  1.16  1.43 |   9.90  134.4  1.16  1.38 | 1.036 -0.002
b_lo        3.1 22 0 |  12.67   97.9  1.23  1.09 |  16.83   92.1  1.23  0.93 | 1.328 +0.009
b_lo        3.1 22 1 |   8.14   74.6  1.34  1.23 |  10.81   70.2  1.34  1.06 | 1.327 -0.001
b_lo        3.1 62 0 |   6.48   92.3  1.35  0.99 |   7.78   86.4  1.35  0.86 | 1.200 +0.008
b_lo        3.1 62 1 |   4.19   65.5  1.57  1.10 |   5.04   61.5  1.56  0.97 | 1.203 -0.010
b_lo        5.0 22 0 |  12.74  137.3  1.19  1.32 |  16.83  137.5  1.18  1.13 | 1.320 -0.001
b_lo        5.0 22 1 |   8.18   97.6  1.29  1.44 |  10.80   91.2  1.28  1.25 | 1.319 -0.012
b_lo        5.0 62 0 |   6.71  136.1  1.29  1.16 |   8.08  136.2  1.28  1.03 | 1.203 -0.004
b_lo        5.0 62 1 |   4.33   89.0  1.48  1.26 |   5.21   82.6  1.46  1.12 | 1.205 -0.023
b_lo        8.0 22 0 |  11.98  121.5  1.16  1.63 |  15.67  121.5  1.15  1.41 | 1.309 -0.010
b_lo        8.0 22 1 |   7.68  147.4  1.26  1.75 |  10.05  147.5  1.24  1.51 | 1.308 -0.025
b_lo        8.0 62 0 |   6.56  120.9  1.26  1.41 |   7.89  121.0  1.25  1.25 | 1.204 -0.014
b_lo        8.0 62 1 |   4.21  146.5  1.44  1.50 |   5.08  146.6  1.41  1.34 | 1.206 -0.037
b_lo       12.0 22 0 |  13.84  120.9  1.13  1.81 |  17.04  120.9  1.12  1.57 | 1.231 -0.007
b_lo       12.0 22 1 |   8.87  146.2  1.21  1.92 |  10.91  146.3  1.19  1.69 | 1.231 -0.017
b_lo       12.0 62 0 |   7.65  120.4  1.21  1.51 |   8.83  120.4  1.20  1.35 | 1.153 -0.009
b_lo       12.0 62 1 |   4.91  145.3  1.35  1.59 |   5.67  145.3  1.33  1.44 | 1.155 -0.022
b_lo       17.0 22 0 |  23.04  103.0  1.06  2.64 |  25.89  103.0  1.06  2.47 | 1.124 -0.004
b_lo       17.0 22 1 |  14.74  111.3  1.10  2.72 |  16.56  111.3  1.09  2.54 | 1.123 -0.008
b_lo       17.0 62 0 |  13.09  102.9  1.10  2.04 |  14.19  102.9  1.09  1.92 | 1.084 -0.004
b_lo       17.0 62 1 |   8.38  111.1  1.16  2.09 |   9.09  111.1  1.15  1.97 | 1.085 -0.008
b_lo       22.0 22 0 |  19.50  110.0  1.08  2.44 |  21.68  110.0  1.07  2.26 | 1.112 -0.004
b_lo       22.0 22 1 |  12.47  123.7  1.13  2.54 |  13.87  123.7  1.12  2.38 | 1.112 -0.008
b_lo       22.0 62 0 |  10.77  109.7  1.13  1.89 |  11.58  109.7  1.12  1.78 | 1.075 -0.004
b_lo       22.0 62 1 |   6.89  123.3  1.21  1.95 |   7.42  123.3  1.20  1.85 | 1.076 -0.008
b_lo       26.9 22 0 |  17.14  120.1  1.09  2.26 |  18.90  120.1  1.09  2.09 | 1.103 -0.004
b_lo       26.9 22 1 |  10.97  144.5  1.15  2.38 |  12.09  144.5  1.14  2.23 | 1.103 -0.008
b_lo       26.9 62 0 |   9.24  119.5  1.16  1.76 |   9.88  119.5  1.15  1.66 | 1.068 -0.004
b_lo       26.9 62 1 |   5.92  143.6  1.26  1.84 |   6.33  143.6  1.25  1.75 | 1.069 -0.009
b_hi        3.1 22 0 |  25.30  105.3  1.10  1.07 |  30.09  104.2  1.10  0.93 | 1.190 +0.006
b_hi        3.1 22 1 |  16.22   95.8  1.14  1.23 |  19.29   93.7  1.15  1.06 | 1.189 +0.005
b_hi        3.1 62 0 |  13.24  102.8  1.15  0.94 |  14.82  101.6  1.15  0.83 | 1.119 +0.006
b_hi        3.1 62 1 |   8.51   91.4  1.23  1.06 |   9.54   89.3  1.23  0.94 | 1.121 +0.005
b_hi        5.0 22 0 |  25.27  126.4  1.08  1.29 |  29.95  126.4  1.09  1.12 | 1.185 +0.002
b_hi        5.0 22 1 |  16.20  119.4  1.13  1.43 |  19.19  117.6  1.13  1.23 | 1.185 +0.001
b_hi        5.0 62 0 |  13.39  125.3  1.13  1.10 |  14.97  125.3  1.13  0.99 | 1.118 +0.003
b_hi        5.0 62 1 |   8.60  115.9  1.21  1.21 |   9.63  113.9  1.21  1.09 | 1.120 +0.001
b_hi        8.0 22 0 |  23.55  118.7  1.08  1.57 |  27.75  118.7  1.08  1.38 | 1.178 -0.001
b_hi        8.0 22 1 |  15.09  141.9  1.12  1.69 |  17.77  141.9  1.12  1.48 | 1.178 -0.003
b_hi        8.0 62 0 |  12.69  118.1  1.13  1.32 |  14.16  118.1  1.12  1.19 | 1.116 -0.001
b_hi        8.0 62 1 |   8.14  141.0  1.20  1.40 |   9.10  141.0  1.20  1.26 | 1.117 -0.004
b_hi       12.0 22 0 |  36.15  115.9  1.05  1.60 |  39.89  115.9  1.05  1.44 | 1.103 +0.000
b_hi       12.0 22 1 |  23.15  136.8  1.08  1.72 |  25.54  136.8  1.08  1.56 | 1.103 -0.001
b_hi       12.0 62 0 |  18.90  115.3  1.08  1.29 |  20.17  115.3  1.08  1.21 | 1.067 +0.000
b_hi       12.0 62 1 |  12.12  135.9  1.13  1.38 |  12.94  135.9  1.13  1.28 | 1.068 -0.000
b_hi       17.0 22 0 |  60.41  101.9  1.03  2.09 |  63.53  101.9  1.03  1.97 | 1.052 -0.000
b_hi       17.0 22 1 |  38.65  110.1  1.04  2.16 |  40.65  110.1  1.04  2.06 | 1.052 -0.001
b_hi       17.0 62 0 |  30.88  101.7  1.04  1.60 |  31.93  101.7  1.04  1.54 | 1.034 -0.000
b_hi       17.0 62 1 |  19.78  109.9  1.07  1.66 |  20.46  109.9  1.07  1.60 | 1.034 -0.001
b_hi       22.0 22 0 |  52.08  107.4  1.03  1.92 |  54.47  107.4  1.03  1.82 | 1.046 -0.000
b_hi       22.0 22 1 |  33.33  120.7  1.05  2.03 |  34.86  120.7  1.05  1.92 | 1.046 -0.001
b_hi       22.0 62 0 |  26.23  107.1  1.05  1.48 |  27.02  107.1  1.05  1.43 | 1.030 -0.000
b_hi       22.0 62 1 |  16.81  120.3  1.09  1.56 |  17.32  120.3  1.09  1.50 | 1.030 -0.000
b_hi       26.9 22 0 |  46.50  114.1  1.04  1.78 |  48.43  114.1  1.04  1.67 | 1.042 -0.000
b_hi       26.9 22 1 |  29.76  133.8  1.06  1.89 |  31.00  133.8  1.06  1.81 | 1.041 -0.000
b_hi       26.9 62 0 |  23.15  113.5  1.06  1.38 |  23.77  113.6  1.06  1.32 | 1.027 +0.000
b_hi       26.9 62 1 |  14.84  132.9  1.10  1.47 |  15.24  132.9  1.10  1.41 | 1.027 -0.000
tau0        3.1 22 0 |  17.95  105.7  1.15  1.10 |  22.55  102.7  1.16  0.94 | 1.257 +0.008
tau0        3.1 22 1 |  11.52   87.9  1.22  1.25 |  14.47   83.9  1.23  1.07 | 1.256 +0.005
tau0        3.1 62 0 |   9.17  101.8  1.23  0.98 |  10.63   98.8  1.23  0.86 | 1.159 +0.008
tau0        3.1 62 1 |   5.91   81.2  1.36  1.09 |   6.86   77.3  1.36  0.97 | 1.161 +0.004
tau0        5.0 22 0 |  17.97  133.0  1.13  1.32 |  22.48  133.1  1.13  1.13 | 1.251 +0.002
tau0        5.0 22 1 |  11.53  112.9  1.19  1.45 |  14.41  108.3  1.19  1.25 | 1.250 -0.002
tau0        5.0 62 0 |   9.36  131.8  1.20  1.16 |  10.85  131.9  1.20  1.01 | 1.159 +0.002
tau0        5.0 62 1 |   6.02  107.3  1.32  1.25 |   6.99  102.4  1.31  1.10 | 1.161 -0.005
tau0        8.0 22 0 |  16.80  120.5  1.12  1.63 |  20.86  120.5  1.11  1.41 | 1.242 -0.004
tau0        8.0 22 1 |  10.77  145.4  1.18  1.75 |  13.37  145.5  1.17  1.51 | 1.241 -0.010
tau0        8.0 62 0 |   8.99  119.9  1.18  1.38 |  10.41  119.9  1.18  1.23 | 1.158 -0.004
tau0        8.0 62 1 |   5.77  144.4  1.30  1.47 |   6.69  144.5  1.29  1.31 | 1.160 -0.013
tau0       12.0 22 0 |  25.08  118.6  1.07  1.72 |  28.74  118.6  1.07  1.53 | 1.146 -0.001
tau0       12.0 22 1 |  16.06  141.7  1.11  1.84 |  18.40  141.7  1.11  1.65 | 1.146 -0.003
tau0       12.0 62 0 |  13.16  118.0  1.12  1.41 |  14.42  118.0  1.12  1.29 | 1.095 -0.001
tau0       12.0 62 1 |   8.44  140.8  1.19  1.48 |   9.26  140.8  1.19  1.37 | 1.096 -0.003
tau0       17.0 22 0 |  42.43  102.5  1.04  2.35 |  45.59  102.5  1.04  2.20 | 1.074 -0.001
tau0       17.0 22 1 |  27.15  110.8  1.06  2.42 |  29.16  110.8  1.06  2.28 | 1.074 -0.002
tau0       17.0 62 0 |  21.92  102.3  1.06  1.81 |  23.00  102.3  1.06  1.72 | 1.049 -0.001
tau0       17.0 62 1 |  14.04  110.6  1.10  1.85 |  14.73  110.6  1.10  1.76 | 1.050 -0.002
tau0       22.0 22 0 |  36.43  108.8  1.05  2.16 |  38.86  108.8  1.05  2.03 | 1.067 -0.001
tau0       22.0 22 1 |  23.31  122.3  1.07  2.26 |  24.86  122.3  1.07  2.13 | 1.066 -0.002
tau0       22.0 62 0 |  18.43  108.5  1.08  1.67 |  19.24  108.5  1.08  1.59 | 1.044 -0.001
tau0       22.0 62 1 |  11.81  121.9  1.12  1.73 |  12.33  121.9  1.12  1.66 | 1.044 -0.002
tau0       26.9 22 0 |  32.43  117.3  1.05  2.00 |  34.38  117.3  1.05  1.88 | 1.060 -0.001
tau0       26.9 22 1 |  20.75  139.3  1.08  2.13 |  22.00  139.3  1.08  2.01 | 1.060 -0.001
tau0       26.9 62 0 |  16.13  116.7  1.09  1.56 |  16.77  116.7  1.09  1.48 | 1.039 -0.000
tau0       26.9 62 1 |  10.34  138.4  1.14  1.63 |  10.75  138.4  1.14  1.57 | 1.040 -0.001
tau6        3.1 22 0 |  16.06  105.1  1.16  1.09 |  20.19  102.1  1.16  0.93 | 1.257 +0.007
tau6        3.1 22 1 |  10.31   87.0  1.24  1.22 |  12.96   83.1  1.24  1.06 | 1.257 +0.003
tau6        3.1 62 0 |   8.67  101.3  1.23  0.95 |  10.06   98.2  1.24  0.84 | 1.160 +0.007
tau6        3.1 62 1 |   5.59   80.3  1.38  1.07 |   6.49   76.5  1.38  0.95 | 1.162 +0.001
tau6        5.0 22 0 |  16.12  132.8  1.13  1.29 |  20.16  132.9  1.13  1.12 | 1.251 +0.001
tau6        5.0 22 1 |  10.34  112.1  1.21  1.43 |  12.93  107.5  1.20  1.23 | 1.251 -0.004
tau6        5.0 62 0 |   8.88  131.6  1.20  1.13 |  10.30  131.7  1.20  1.00 | 1.161 +0.000
tau6        5.0 62 1 |   5.71  106.5  1.33  1.22 |   6.64  101.7  1.32  1.09 | 1.163 -0.007
tau6        8.0 22 0 |  15.10  120.4  1.12  1.60 |  18.76  120.4  1.12  1.38 | 1.242 -0.005
tau6        8.0 22 1 |   9.68  145.2  1.19  1.70 |  12.02  145.3  1.18  1.48 | 1.242 -0.012
tau6        8.0 62 0 |   8.55  119.8  1.19  1.37 |   9.92  119.9  1.18  1.22 | 1.160 -0.006
tau6        8.0 62 1 |   5.49  144.3  1.31  1.44 |   6.38  144.4  1.30  1.29 | 1.162 -0.016
tau6       12.0 22 0 |  22.26  118.5  1.08  1.67 |  25.52  118.5  1.08  1.48 | 1.146 -0.001
tau6       12.0 22 1 |  14.26  141.5  1.12  1.78 |  16.34  141.6  1.12  1.59 | 1.146 -0.004
tau6       12.0 62 0 |  12.44  118.0  1.12  1.37 |  13.64  118.0  1.12  1.26 | 1.097 -0.001
tau6       12.0 62 1 |   7.98  140.6  1.20  1.45 |   8.76  140.7  1.19  1.34 | 1.098 -0.004
tau6       17.0 22 0 |  37.13  102.5  1.04  2.25 |  39.91  102.5  1.04  2.12 | 1.075 -0.001
tau6       17.0 22 1 |  23.75  110.7  1.06  2.32 |  25.53  110.7  1.06  2.19 | 1.075 -0.002
tau6       17.0 62 0 |  20.67  102.3  1.06  1.75 |  21.71  102.3  1.06  1.66 | 1.050 -0.001
tau6       17.0 62 1 |  13.24  110.5  1.10  1.79 |  13.91  110.5  1.10  1.72 | 1.051 -0.002
tau6       22.0 22 0 |  31.72  108.8  1.05  2.07 |  33.85  108.8  1.05  1.95 | 1.067 -0.001
tau6       22.0 22 1 |  20.30  122.2  1.08  2.17 |  21.66  122.2  1.08  2.06 | 1.067 -0.002
tau6       22.0 62 0 |  17.34  108.4  1.08  1.62 |  18.11  108.4  1.08  1.54 | 1.045 -0.001
tau6       22.0 62 1 |  11.11  121.9  1.13  1.67 |  11.61  121.9  1.13  1.62 | 1.045 -0.002
tau6       26.9 22 0 |  28.12  117.2  1.06  1.92 |  29.83  117.2  1.06  1.81 | 1.061 -0.001
tau6       26.9 22 1 |  18.00  139.1  1.09  2.04 |  19.09  139.1  1.09  1.92 | 1.061 -0.002
tau6       26.9 62 0 |  15.14  116.7  1.10  1.50 |  15.75  116.7  1.09  1.44 | 1.040 -0.001
tau6       26.9 62 1 |   9.70  138.3  1.15  1.59 |  10.10  138.3  1.15  1.51 | 1.041 -0.002
ms_free     3.1 22 0 |  16.52  106.9  1.16  1.04 |  20.54  104.1  1.17  0.91 | 1.243 +0.006
ms_free     3.1 22 1 |  10.62   87.8  1.24  1.18 |  13.19   84.1  1.24  1.03 | 1.243 +0.002
ms_free     3.1 62 0 |   8.77  103.3  1.23  0.93 |  10.10  100.4  1.24  0.83 | 1.151 +0.007
ms_free     3.1 62 1 |   5.66   81.3  1.38  1.04 |   6.52   77.7  1.38  0.93 | 1.153 +0.001
ms_free     5.0 22 0 |  16.18  128.0  1.14  1.21 |  19.75  128.1  1.14  1.07 | 1.221 -0.001
ms_free     5.0 22 1 |  10.41  122.5  1.22  1.29 |  12.70  118.2  1.21  1.16 | 1.220 -0.006
ms_free     5.0 62 0 |   8.91  127.2  1.20  1.07 |  10.17  127.2  1.20  0.97 | 1.141 -0.001
ms_free     5.0 62 1 |   5.74  118.0  1.33  1.15 |   6.57  113.4  1.32  1.04 | 1.143 -0.009
ms_free     8.0 22 0 |  14.92  115.1  1.14  1.34 |  17.79  115.1  1.13  1.23 | 1.193 -0.006
ms_free     8.0 22 1 |   9.60  134.0  1.22  1.41 |  11.45  134.0  1.20  1.31 | 1.192 -0.013
ms_free     8.0 62 0 |   8.53  114.7  1.19  1.19 |   9.62  114.7  1.19  1.10 | 1.129 -0.007
ms_free     8.0 62 1 |   5.49  133.4  1.32  1.25 |   6.21  133.4  1.31  1.16 | 1.130 -0.016
ms_free    12.0 22 0 |   7.73  111.9  1.37  0.81 |   8.61  111.9  1.36  0.79 | 1.113 -0.016
ms_free    12.0 22 1 |   5.11  127.1  1.62  0.85 |   5.69  127.2  1.59  0.83 | 1.114 -0.034
ms_free    12.0 62 0 |   4.61  111.6  1.48  0.78 |   4.97  111.6  1.46  0.76 | 1.076 -0.021
ms_free    12.0 62 1 |   3.03  126.7  1.88  0.81 |   3.27  126.8  1.82  0.79 | 1.078 -0.053
ms_free    17.0 22 0 |  18.91  102.1  1.09  1.41 |  20.32  102.1  1.09  1.37 | 1.075 -0.003
ms_free    17.0 22 1 |  12.19  109.8  1.15  1.44 |  13.10  109.8  1.14  1.41 | 1.075 -0.006
ms_free    17.0 62 0 |  11.54  101.9  1.12  1.26 |  12.16  101.9  1.12  1.23 | 1.053 -0.003
ms_free    17.0 62 1 |   7.43  109.7  1.20  1.29 |   7.83  109.7  1.20  1.26 | 1.054 -0.006
ms_free    22.0 22 0 |  22.15  108.2  1.08  1.62 |  23.59  108.2  1.07  1.56 | 1.065 -0.002
ms_free    22.0 22 1 |  14.22  121.1  1.12  1.67 |  15.14  121.1  1.12  1.62 | 1.065 -0.003
ms_free    22.0 62 0 |  13.17  107.9  1.11  1.37 |  13.76  107.9  1.11  1.32 | 1.045 -0.002
ms_free    22.0 62 1 |   8.45  120.8  1.18  1.43 |   8.84  120.8  1.17  1.38 | 1.046 -0.004
ms_free    26.9 22 0 |  27.70  116.5  1.06  1.81 |  29.28  116.5  1.06  1.70 | 1.057 -0.001
ms_free    26.9 22 1 |  17.74  137.9  1.10  1.91 |  18.75  137.9  1.09  1.82 | 1.057 -0.002
ms_free    26.9 62 0 |  15.21  116.0  1.10  1.44 |  15.79  116.0  1.09  1.38 | 1.038 -0.001
ms_free    26.9 62 1 |   9.75  137.1  1.15  1.51 |  10.13  137.1  1.15  1.45 | 1.039 -0.002
light_b     3.1 22 0 |   6.91   59.0  1.56  1.06 |  10.50   55.6  1.54  0.90 | 1.521 -0.014
light_b     3.1 22 1 |   4.47   41.8  1.87  1.21 |   6.78   41.6  1.78  1.04 | 1.518 -0.085
light_b     3.1 62 0 |   3.27   48.3  1.94  0.98 |   4.24   46.0  1.88  0.85 | 1.295 -0.052
light_b     3.1 62 1 |   2.13   28.0  2.81  1.10 |   2.77   29.5  2.52  0.97 | 1.302 -0.286
light_b     5.0 22 0 |   6.82   71.2  1.49  1.18 |  10.33   67.0  1.46  1.01 | 1.515 -0.030
light_b     5.0 22 1 |   4.40   47.3  1.78  1.32 |   6.66   47.5  1.68  1.13 | 1.512 -0.100
light_b     5.0 62 0 |   3.33   60.1  1.82  1.09 |   4.35   56.9  1.75  0.94 | 1.305 -0.071
light_b     5.0 62 1 |   2.16   32.7  2.60  1.21 |   2.83   34.6  2.31  1.06 | 1.311 -0.290
light_b     8.0 22 0 |   6.22   88.9  1.45  1.38 |   9.37   82.5  1.40  1.19 | 1.506 -0.052
light_b     8.0 22 1 |   4.01   52.6  1.74  1.51 |   6.03   53.7  1.61  1.31 | 1.504 -0.135
light_b     8.0 62 0 |   3.17   77.3  1.77  1.25 |   4.18   71.6  1.67  1.09 | 1.317 -0.103
light_b     8.0 62 1 |   2.05   36.3  2.57  1.35 |   2.71   39.5  2.21  1.21 | 1.322 -0.363
light_b    12.0 22 0 |   5.34  126.6  1.42  1.75 |   7.96  126.7  1.33  1.53 | 1.491 -0.083
light_b    12.0 22 1 |   3.43   63.1  1.72  1.88 |   5.11   66.2  1.53  1.66 | 1.490 -0.191
light_b    12.0 62 0 |   2.92  126.0  1.73  1.54 |   3.89  126.1  1.58  1.37 | 1.332 -0.146
light_b    12.0 62 1 |   1.88   44.2  2.58  1.65 |   2.51   49.8  2.10  1.47 | 1.335 -0.485
light_b    17.0 22 0 |   4.07  134.2  1.55  1.92 |   6.05   99.4  1.41  1.70 | 1.487 -0.137
light_b    17.0 22 1 |   2.61   49.6  2.01  2.10 |   3.88   56.2  1.67  1.88 | 1.486 -0.338
light_b    17.0 62 0 |   2.28  133.4  2.04  1.69 |   3.05   85.9  1.77  1.50 | 1.335 -0.273
light_b    17.0 62 1 |   1.47   26.8  3.86  1.81 |   1.96   36.7  2.62  1.63 | 1.338 -1.248
light_b    22.0 22 0 |   3.19   76.2  1.71  2.13 |   4.73   79.8  1.49  1.91 | 1.482 -0.217
light_b    22.0 22 1 |   2.05   39.1  2.45  2.34 |   3.03   49.0  1.85  2.12 | 1.481 -0.599
light_b    22.0 62 0 |   1.84   56.5  2.53  1.84 |   2.46   62.7  2.01  1.65 | 1.338 -0.514
light_b    22.0 62 1 |   1.18   12.2  8.13  1.98 |   1.58   26.4  3.51  1.81 | 1.341 -4.622
light_b    26.9 22 0 |   2.63   63.6  1.90  2.32 |   3.88   70.8  1.58  2.10 | 1.478 -0.321
light_b    26.9 22 1 |   1.68   30.3  3.11  2.54 |   2.49   43.5  2.07  2.35 | 1.477 -1.039
light_b    26.9 62 0 |   1.55   40.5  3.25  1.98 |   2.07   51.2  2.31  1.79 | 1.340 -0.943
light_b    26.9 62 1 |   0.99    0.5 103.78  2.14 |   1.33   17.7  5.14  1.97 | 1.342 -98.639 !GM
tau9        3.1 22 0 |  15.27  104.8  1.16  1.07 |  19.19  101.8  1.17  0.92 | 1.257 +0.007
tau9        3.1 22 1 |   9.80   86.5  1.24  1.21 |  12.31   82.7  1.24  1.04 | 1.256 +0.002
tau9        3.1 62 0 |   8.44  101.0  1.24  0.95 |   9.80   98.0  1.25  0.84 | 1.161 +0.007
tau9        3.1 62 1 |   5.44   79.9  1.38  1.06 |   6.33   76.1  1.38  0.94 | 1.163 +0.000
tau9        5.0 22 0 |  15.33  132.7  1.14  1.28 |  19.18  132.8  1.14  1.10 | 1.251 +0.000
tau9        5.0 22 1 |   9.84  111.8  1.21  1.41 |  12.30  107.2  1.21  1.22 | 1.250 -0.005
tau9        5.0 62 0 |   8.65  131.5  1.21  1.12 |  10.05  131.6  1.21  1.00 | 1.161 -0.000
tau9        5.0 62 1 |   5.57  106.1  1.34  1.22 |   6.48  101.4  1.33  1.09 | 1.163 -0.008
tau9        8.0 22 0 |  14.39  120.3  1.13  1.57 |  17.86  120.3  1.12  1.37 | 1.242 -0.005
tau9        8.0 22 1 |   9.22  145.2  1.20  1.69 |  11.45  145.2  1.19  1.47 | 1.241 -0.013
tau9        8.0 62 0 |   8.35  119.8  1.19  1.35 |   9.69  119.8  1.19  1.21 | 1.161 -0.006
tau9        8.0 62 1 |   5.36  144.2  1.32  1.43 |   6.23  144.3  1.30  1.28 | 1.162 -0.017
tau9       12.0 22 0 |  21.09  118.4  1.08  1.65 |  24.18  118.4  1.08  1.45 | 1.146 -0.002
tau9       12.0 22 1 |  13.51  141.5  1.13  1.75 |  15.48  141.5  1.12  1.57 | 1.146 -0.005
tau9       12.0 62 0 |  12.11  117.9  1.13  1.35 |  13.29  117.9  1.12  1.25 | 1.097 -0.001
tau9       12.0 62 1 |   7.77  140.6  1.20  1.44 |   8.53  140.6  1.20  1.32 | 1.098 -0.005
tau9       17.0 22 0 |  34.99  102.5  1.04  2.20 |  37.62  102.5  1.04  2.07 | 1.075 -0.001
tau9       17.0 22 1 |  22.39  110.7  1.07  2.28 |  24.07  110.7  1.06  2.14 | 1.075 -0.002
tau9       17.0 62 0 |  20.11  102.3  1.07  1.72 |  21.13  102.3  1.06  1.65 | 1.051 -0.001
tau9       17.0 62 1 |  12.88  110.5  1.10  1.76 |  13.54  110.5  1.10  1.69 | 1.051 -0.002
tau9       22.0 22 0 |  29.84  108.7  1.05  2.03 |  31.84  108.7  1.05  1.91 | 1.067 -0.001
tau9       22.0 22 1 |  19.09  122.2  1.08  2.13 |  20.38  122.2  1.08  2.01 | 1.067 -0.002
tau9       22.0 62 0 |  16.84  108.4  1.08  1.59 |  17.60  108.4  1.08  1.53 | 1.045 -0.001
tau9       22.0 62 1 |  10.79  121.9  1.13  1.66 |  11.28  121.9  1.13  1.59 | 1.045 -0.002
tau9       26.9 22 0 |  26.40  117.1  1.06  1.88 |  28.01  117.1  1.06  1.76 | 1.061 -0.001
tau9       26.9 22 1 |  16.90  139.1  1.10  2.00 |  17.93  139.1  1.10  1.89 | 1.061 -0.002
tau9       26.9 62 0 |  14.69  116.6  1.10  1.48 |  15.29  116.6  1.10  1.41 | 1.041 -0.001
tau9       26.9 62 1 |   9.42  138.2  1.16  1.56 |   9.80  138.2  1.16  1.50 | 1.041 -0.002
lb_J2.5     3.1 22 0 |   4.51   36.8  2.12  0.77 |   6.31   37.3  2.03  0.71 | 1.399 -0.084
lb_J2.5     3.1 22 1 |   2.99   24.0  2.86  0.88 |   4.19   26.2  2.59  0.80 | 1.400 -0.277
lb_J2.5     3.1 62 0 |   2.29   27.3  2.85  0.73 |   2.77   28.6  2.65  0.68 | 1.207 -0.202
lb_J2.5     3.1 62 1 |   1.52   12.5  5.46  0.84 |   1.85   15.7  4.30  0.78 | 1.216 -1.158
lb_J2.5     5.0 22 0 |   4.49   42.6  1.99  0.85 |   6.31   43.8  1.88  0.78 | 1.404 -0.103
lb_J2.5     5.0 22 1 |   2.97   26.6  2.70  0.94 |   4.17   29.5  2.40  0.88 | 1.405 -0.296
lb_J2.5     5.0 62 0 |   2.33   32.4  2.63  0.81 |   2.85   34.4  2.40  0.75 | 1.223 -0.225
lb_J2.5     5.0 62 1 |   1.54   14.3  5.01  0.90 |   1.89   18.2  3.86  0.84 | 1.230 -1.148
lb_J2.5     8.0 22 0 |   4.16   47.5  1.94  0.98 |   5.86   50.3  1.80  0.90 | 1.410 -0.139
lb_J2.5     8.0 22 1 |   2.73   27.8  2.68  1.07 |   3.85   32.1  2.31  1.00 | 1.410 -0.375
lb_J2.5     8.0 62 0 |   2.20   35.8  2.59  0.92 |   2.74   39.7  2.29  0.86 | 1.244 -0.301
lb_J2.5     8.0 62 1 |   1.45   13.9  5.35  1.01 |   1.81   19.5  3.79  0.94 | 1.250 -1.559
lb_J2.5    12.0 22 0 |   3.63   56.6  1.89  1.21 |   5.15   64.0  1.70  1.12 | 1.418 -0.196
lb_J2.5    12.0 22 1 |   2.37   29.3  2.72  1.29 |   3.36   36.7  2.21  1.22 | 1.418 -0.517
lb_J2.5    12.0 62 0 |   2.01   42.5  2.61  1.13 |   2.56   51.4  2.18  1.06 | 1.277 -0.430
lb_J2.5    12.0 62 1 |   1.31   12.4  6.42  1.22 |   1.67   21.4  3.77  1.15 | 1.281 -2.653
lb_J2.5    17.0 22 0 |   2.78   41.2  2.25  1.32 |   3.96   49.7  1.90  1.23 | 1.420 -0.343
lb_J2.5    17.0 22 1 |   1.81   19.9  3.73  1.44 |   2.58   28.6  2.65  1.35 | 1.420 -1.082
lb_J2.5    17.0 62 0 |   1.56   24.8  3.80  1.23 |   2.00   35.0  2.74  1.16 | 1.286 -1.051
lb_J2.5    17.0 62 1 |   1.01    0.5 77.78  1.35 |   1.30   11.1  6.82  1.26 | 1.290 -70.959 !GM
lb_J2.5    22.0 22 0 |   2.20   30.8  2.75  1.45 |   3.12   40.7  2.15  1.37 | 1.422 -0.597
lb_J2.5    22.0 22 1 |   1.43   12.1  5.86  1.60 |   2.03   22.1  3.30  1.51 | 1.422 -2.561
lb_J2.5    22.0 42 1 |   1.03    1.0 57.74  1.54 |   1.39   12.1  6.00  1.45 | 1.352 -51.736 !GM
lb_J2.5    22.0 62 0 |   1.25   12.1  7.07  1.35 |   1.62   23.9  3.69  1.28 | 1.296 -3.375
lb_J2.5    22.0 62 1 |   0.81   10.0  6.99  1.48 |   1.05    2.1 32.14  1.40 | 1.299 +25.148 !GM !Ms
lb_J2.5    26.9 22 0 |   1.82   23.3  3.43  1.57 |   2.59   34.4  2.43  1.48 | 1.424 -1.006
lb_J2.5    26.9 22 1 |   1.18    5.7 12.02  1.73 |   1.68   16.9  4.24  1.66 | 1.424 -7.782
lb_J2.5    26.9 42 1 |   0.85    6.6 10.37  1.67 |   1.16    5.7 12.55  1.59 | 1.357 +2.187 !GM !Ms
lb_J2.5    26.9 62 0 |   1.05    2.5 28.60  1.45 |   1.36   15.6  5.36  1.38 | 1.304 -23.237 !GM
lb_J2.5    26.9 62 1 |   0.68   18.9  3.60  1.62 |   0.88    5.5 12.77  1.53 | 1.307 +9.169 !GM !Ms
lb_b0.5     3.1 22 0 |   4.52   33.7  2.17  1.03 |   7.86   35.0  2.03  0.89 | 1.737 -0.144
lb_b0.5     3.1 22 1 |   2.95   23.0  2.89  1.19 |   5.10   26.6  2.45  1.03 | 1.729 -0.440
lb_b0.5     3.1 62 0 |   1.95   20.7  3.52  0.98 |   2.69   23.7  2.97  0.85 | 1.381 -0.553
lb_b0.5     3.1 62 1 |   1.28    7.2  9.10  1.13 |   1.79   13.0  4.97  0.99 | 1.395 -4.128
lb_b0.5     5.0 22 0 |   4.58   41.6  1.95  1.16 |   7.84   43.6  1.80  1.00 | 1.714 -0.149
lb_b0.5     5.0 22 1 |   2.98   27.3  2.59  1.31 |   5.08   31.7  2.18  1.13 | 1.707 -0.408
lb_b0.5     5.0 62 0 |   2.08   27.6  2.94  1.09 |   2.91   31.5  2.48  0.94 | 1.401 -0.458
lb_b0.5     5.0 62 1 |   1.36   10.4  6.73  1.22 |   1.91   17.2  3.96  1.07 | 1.411 -2.765
lb_b0.5     8.0 22 0 |   4.30   51.1  1.81  1.35 |   7.25   54.5  1.64  1.18 | 1.686 -0.172
lb_b0.5     8.0 22 1 |   2.78   31.5  2.41  1.50 |   4.68   37.7  1.98  1.31 | 1.682 -0.437
lb_b0.5     8.0 62 0 |   2.08   35.5  2.64  1.25 |   2.95   41.1  2.18  1.10 | 1.420 -0.460
lb_b0.5     8.0 62 1 |   1.35   12.6  6.02  1.38 |   1.93   21.5  3.43  1.22 | 1.428 -2.596
lb_b0.5    12.0 22 0 |   3.83   75.6  1.67  1.73 |   6.31   82.3  1.47  1.51 | 1.648 -0.201
lb_b0.5    12.0 22 1 |   2.47   39.3  2.27  1.88 |   4.06   49.2  1.77  1.66 | 1.645 -0.498
lb_b0.5    12.0 62 0 |   2.05   58.0  2.35  1.57 |   2.96   67.5  1.89  1.38 | 1.440 -0.462
lb_b0.5    12.0 62 1 |   1.32   16.7  5.43  1.69 |   1.91   30.3  2.90  1.50 | 1.445 -2.536
lb_b0.5    17.0 22 0 |   2.94   57.9  1.90  1.92 |   4.82   67.7  1.57  1.70 | 1.638 -0.324
lb_b0.5    17.0 22 1 |   1.89   29.4  2.90  2.12 |   3.10   42.4  1.97  1.89 | 1.636 -0.929
lb_b0.5    17.0 62 0 |   1.63   36.8  3.16  1.72 |   2.35   50.2  2.20  1.53 | 1.444 -0.956
lb_b0.5    17.0 62 1 |   1.05    2.9 29.12  1.87 |   1.52   20.5  4.09  1.67 | 1.448 -25.027
lb_b0.5    22.0 22 0 |   2.33   47.0  2.20  2.14 |   3.79   59.9  1.68  1.92 | 1.627 -0.519
lb_b0.5    22.0 22 1 |   1.50   20.2  4.14  2.35 |   2.43   37.0  2.24  2.14 | 1.626 -1.902
lb_b0.5    22.0 62 0 |   1.33   22.4  4.86  1.88 |   1.93   39.7  2.62  1.69 | 1.446 -2.240
lb_b0.5    22.0 62 1 |   0.86   10.6  7.98  2.06 |   1.24   11.7  7.11  1.85 | 1.450 -0.872 !GM
lb_b0.5    26.9 22 0 |   1.93   38.7  2.60  2.34 |   3.13   54.6  1.80  2.13 | 1.618 -0.801
lb_b0.5    26.9 22 1 |   1.24   11.7  7.12  2.57 |   2.01   32.2  2.60  2.39 | 1.617 -4.519
lb_b0.5    26.9 42 1 |   0.91    5.8 14.38  2.38 |   1.41   17.8  4.68  2.19 | 1.541 -9.703 !GM
lb_b0.5    26.9 62 0 |   1.14   10.7  9.84  2.03 |   1.65   31.9  3.18  1.84 | 1.448 -6.665
lb_b0.5    26.9 62 1 |   0.73   23.4  3.62  2.22 |   1.06    3.5 23.95  2.03 | 1.451 +20.330 !GM !Ms

min GM ratio b964/V294 over everything: 1.027 at ('b_hi', 26.9, 62.0, 0.0) GM 23.15 -> 23.77
max Ms increase: +25.148 at ('lb_J2.5', 22.0, 62.0, 1.0) Ms 6.987 -> 32.135
lowest b964 GM: 0.88 (V294 0.68) at ('lb_J2.5', 26.9, 62.0, 1.0)
highest b964 Ms: 32.135 (V294 6.987) at ('lb_J2.5', 22.0, 62.0, 1.0)

relay DF: min over n in [0,1] of GM, and whether any n has GM < 1 (a limit cycle exists at N(A) = n* slope)
  nominal    3.1 pipe 22 : V294 GMmin 11.08 (n 1.0)  b964 GMmin 13.93 (n 1.0)
  nominal    3.1 pipe 62 : V294 GMmin 5.80 (n 1.0)  b964 GMmin 6.73 (n 1.0)
  nominal    8.0 pipe 22 : V294 GMmin 10.38 (n 1.0)  b964 GMmin 12.88 (n 1.0)
  nominal    8.0 pipe 62 : V294 GMmin 5.68 (n 1.0)  b964 GMmin 6.59 (n 1.0)
  nominal   17.0 pipe 22 : V294 GMmin 25.90 (n 1.0)  b964 GMmin 27.83 (n 1.0)
  nominal   17.0 pipe 62 : V294 GMmin 13.76 (n 1.0)  b964 GMmin 14.45 (n 1.0)
  nominal   26.9 pipe 22 : V294 GMmin 19.74 (n 1.0)  b964 GMmin 20.93 (n 1.0)
  nominal   26.9 pipe 62 : V294 GMmin 10.12 (n 1.0)  b964 GMmin 10.52 (n 1.0)
  b_lo       3.1 pipe 22 : V294 GMmin 8.14 (n 1.0)  b964 GMmin 10.81 (n 1.0)
  b_lo       3.1 pipe 62 : V294 GMmin 4.19 (n 1.0)  b964 GMmin 5.04 (n 1.0)
  b_lo       8.0 pipe 22 : V294 GMmin 7.68 (n 1.0)  b964 GMmin 10.05 (n 1.0)
  b_lo       8.0 pipe 62 : V294 GMmin 4.21 (n 1.0)  b964 GMmin 5.08 (n 1.0)
  b_lo      17.0 pipe 22 : V294 GMmin 14.74 (n 1.0)  b964 GMmin 16.56 (n 1.0)
  b_lo      17.0 pipe 62 : V294 GMmin 8.38 (n 1.0)  b964 GMmin 9.09 (n 1.0)
  b_lo      26.9 pipe 22 : V294 GMmin 10.97 (n 1.0)  b964 GMmin 12.09 (n 1.0)
  b_lo      26.9 pipe 62 : V294 GMmin 5.92 (n 1.0)  b964 GMmin 6.33 (n 1.0)
  tau6       3.1 pipe 22 : V294 GMmin 10.31 (n 1.0)  b964 GMmin 12.96 (n 1.0)
  tau6       3.1 pipe 62 : V294 GMmin 5.59 (n 1.0)  b964 GMmin 6.49 (n 1.0)
  tau6       8.0 pipe 22 : V294 GMmin 9.68 (n 1.0)  b964 GMmin 12.02 (n 1.0)
  tau6       8.0 pipe 62 : V294 GMmin 5.49 (n 1.0)  b964 GMmin 6.38 (n 1.0)
  tau6      17.0 pipe 22 : V294 GMmin 23.75 (n 1.0)  b964 GMmin 25.53 (n 1.0)
  tau6      17.0 pipe 62 : V294 GMmin 13.24 (n 1.0)  b964 GMmin 13.91 (n 1.0)
  tau6      26.9 pipe 22 : V294 GMmin 18.00 (n 1.0)  b964 GMmin 19.09 (n 1.0)
  tau6      26.9 pipe 62 : V294 GMmin 9.70 (n 1.0)  b964 GMmin 10.10 (n 1.0)
  light_b    3.1 pipe 22 : V294 GMmin 4.47 (n 1.0)  b964 GMmin 6.78 (n 1.0)
  light_b    3.1 pipe 62 : V294 GMmin 2.13 (n 1.0)  b964 GMmin 2.77 (n 1.0)
  light_b    8.0 pipe 22 : V294 GMmin 4.01 (n 1.0)  b964 GMmin 6.03 (n 1.0)
  light_b    8.0 pipe 62 : V294 GMmin 2.05 (n 1.0)  b964 GMmin 2.71 (n 1.0)
  light_b   17.0 pipe 22 : V294 GMmin 2.61 (n 1.0)  b964 GMmin 3.88 (n 1.0)
  light_b   17.0 pipe 62 : V294 GMmin 1.47 (n 1.0)  b964 GMmin 1.96 (n 1.0)
  light_b   26.9 pipe 22 : V294 GMmin 1.68 (n 1.0)  b964 GMmin 2.49 (n 1.0)
  light_b   26.9 pipe 62 : V294 GMmin 0.99 (n 1.0)  b964 GMmin 1.33 (n 1.0)
  lb_b0.5    3.1 pipe 22 : V294 GMmin 2.95 (n 1.0)  b964 GMmin 5.10 (n 1.0)
  lb_b0.5    3.1 pipe 62 : V294 GMmin 1.28 (n 1.0)  b964 GMmin 1.79 (n 1.0)
  lb_b0.5    8.0 pipe 22 : V294 GMmin 2.78 (n 1.0)  b964 GMmin 4.68 (n 1.0)
  lb_b0.5    8.0 pipe 62 : V294 GMmin 1.35 (n 1.0)  b964 GMmin 1.93 (n 1.0)
  lb_b0.5   17.0 pipe 22 : V294 GMmin 1.89 (n 1.0)  b964 GMmin 3.10 (n 1.0)
  lb_b0.5   17.0 pipe 62 : V294 GMmin 1.05 (n 1.0)  b964 GMmin 1.52 (n 1.0)
  lb_b0.5   26.9 pipe 22 : V294 GMmin 1.24 (n 1.0)  b964 GMmin 2.01 (n 1.0)
  lb_b0.5   26.9 pipe 62 : V294 GMmin 0.73 (n 1.0)  b964 GMmin 1.06 (n 1.0)
  lb_J2.5    3.1 pipe 22 : V294 GMmin 2.99 (n 1.0)  b964 GMmin 4.19 (n 1.0)
  lb_J2.5    3.1 pipe 62 : V294 GMmin 1.52 (n 1.0)  b964 GMmin 1.85 (n 1.0)
  lb_J2.5    8.0 pipe 22 : V294 GMmin 2.73 (n 1.0)  b964 GMmin 3.85 (n 1.0)
  lb_J2.5    8.0 pipe 62 : V294 GMmin 1.45 (n 1.0)  b964 GMmin 1.81 (n 1.0)
  lb_J2.5   17.0 pipe 22 : V294 GMmin 1.81 (n 1.0)  b964 GMmin 2.58 (n 1.0)
  lb_J2.5   17.0 pipe 62 : V294 GMmin 1.01 (n 1.0)  b964 GMmin 1.30 (n 1.0)
  lb_J2.5   26.9 pipe 22 : V294 GMmin 1.18 (n 1.0)  b964 GMmin 1.68 (n 1.0)
  lb_J2.5   26.9 pipe 62 : V294 GMmin 0.68 (n 1.0)  b964 GMmin 0.88 (n 1.0)  !! LIMIT CYCLE PREDICTED
