======================================================================================================================
1  PER-ROUTE, 2-8 m/s, engaged hands-off
======================================================================================================================
route  rev                        sec |     g=0.50: maxFF maxTOT sRail     g=1.00: maxFF maxTOT sRail     g=2.00: maxFF maxTOT sRail
r71    rev 2                    192.6 |           0.637   1.237   0.06           1.120   1.690   0.29           1.180   1.808   1.03
r72    rev 3                    135.5 |           0.768   0.584   0.00           1.043   0.827   0.00           1.503   1.281   0.20
r73    rev 3 (+0.212 relay)      70.6 |           0.814   1.321   0.39           1.098   1.604   0.70           1.531   2.039   1.10
r74    rev 4                     27.6 |           0.427   0.614   0.00           0.480   0.734   0.00           0.745   0.992   0.00
r75    rev 4                    198.3 |           0.572   1.127   0.03           0.706   1.132   0.03           0.974   1.140   0.08
r76    rev 5                     78.0 |           0.481   0.594   0.00           0.614   0.602   0.00           0.881   0.741   0.00
r6c    rev 6.4                   77.3 |           0.515   0.825   0.00           0.575   0.796   0.00           0.745   0.827   0.00
r6d    rev 6.4                   89.2 |           0.932   1.163   0.17           1.247   1.505   0.36           1.620   1.821   0.83
r6e    rev 6.4 HoldLevel OFF    158.2 |           0.785   0.937   0.00           1.041   1.166   0.29           1.529   1.654   1.06

======================================================================================================================
2  THE 20 LARGEST |hold+move| FRAMES at the flown gain 0.5, 2-8 m/s
======================================================================================================================
  |FF| route    t rel s      v    angle   ang_des  des rate    hold    move  |TOT| log
 0.932 r6d        787.3   2.29   -392.4    -385.4    -347.2  -0.616  -0.316      1.048
 0.930 r6d        787.3   2.27   -392.6    -388.5    -343.4  -0.618  -0.312      1.052
 0.928 r6d        787.3   2.30   -392.3    -381.8    -345.7  -0.614  -0.314      1.020
 0.917 r6d        787.3   2.27   -392.7    -390.2    -327.9  -0.619  -0.298      1.030
 0.914 r6d        787.3   2.32   -392.2    -377.2    -333.7  -0.611  -0.303      0.972
 0.899 r6d        787.3   2.33   -392.1    -372.5    -320.2  -0.607  -0.291      0.913
 0.896 r6d        787.3   2.26   -393.0    -390.8    -303.8  -0.620  -0.276      0.980
 0.871 r6d        787.2   2.35   -391.9    -366.7    -294.2  -0.604  -0.267      0.850
 0.864 r6d        787.3   2.26   -393.2    -390.0    -269.7  -0.619  -0.245      0.909
 0.848 r6d        787.2   2.37   -391.8    -361.6    -272.1  -0.600  -0.247      0.787
 0.834 r6d        787.3   2.25   -393.4    -389.1    -236.5  -0.619  -0.215      0.831
 0.829 r6d        787.2   2.38   -391.7    -357.2    -254.7  -0.597  -0.232      0.736
 0.814 r73        621.1   2.07   -317.1    -369.6    -311.8  -0.531  -0.283      1.321
 0.811 r73        621.1   2.09   -318.8    -360.2    -314.5  -0.525  -0.286      1.207
 0.796 r73        621.1   2.07   -316.3    -370.4    -291.4  -0.531  -0.265      1.304
 0.788 r73        621.1   2.10   -319.1    -355.0    -293.4  -0.522  -0.267      1.124
 0.785 r6e        823.2   2.01   -341.7    -365.8    -281.5  -0.529  -0.256      0.910
 0.777 r73        621.2   2.08   -315.4    -371.0    -270.3  -0.532  -0.246      1.284
 0.771 r6e        823.2   2.02   -339.5    -361.7    -268.8  -0.526  -0.244      0.894
 0.768 r72        114.0   2.22    331.0     316.6     300.5   0.495   0.273      0.554

======================================================================================================================
3  SENSITIVITY of the 2-8 m/s ceiling (criterion A: max |hold+move| <= 1.00)
======================================================================================================================
subset                    sec  g: pooled max<=1  g: median route  g: p99.9<=1 |  max|FF| @0.5     @1.0     @2.0  p99.9 @0.5     @2.0
all 2-8                1027.4               0.6              0.9         1.25 |         0.932    1.247    1.620       0.710    1.240
2-8, |angle|<=200      1001.9              0.85             2.15          1.9 |         0.754    1.120    1.417       0.515    1.035
2-8, |angle|<=90        876.2              0.85              2.6          2.6 |         0.637    1.105    1.180       0.405    0.845
3-8                     883.4              0.85             2.05         1.75 |         0.754    1.120    1.417       0.565    1.075
5-8                     598.8              1.85             2.55         2.35 |         0.512    0.646    1.050       0.485    0.890

per-route max |hold+move| in the 2-8 band, by gain (the pooled max is the WORST route):
  all 2-8
      gain     r6c     r6d     r6e     r71     r72     r73     r74     r75     r76
      0.50   0.515   0.932   0.785   0.637   0.768   0.814   0.427   0.572   0.481
      0.75   0.539   1.089   0.913   0.878   0.905   0.956   0.426   0.639   0.547
      1.00   0.575   1.247   1.041   1.120   1.043   1.098   0.480   0.706   0.614
      1.50   0.645   1.563   1.297   1.180   1.318   1.383   0.612   0.840   0.747
      2.00   0.745   1.620   1.529   1.180   1.503   1.531   0.745   0.974   0.881
  2-8, |angle|<=90
      gain     r6c     r6d     r6e     r71     r72     r73     r74     r75     r76
      0.50   0.460   0.540   0.477   0.637   0.447   0.367   0.352   0.411   0.423
      0.75   0.482   0.635   0.585   0.871   0.512   0.410   0.415   0.479   0.480
      1.00   0.527   0.730   0.707   1.105   0.579   0.455   0.480   0.549   0.536
      1.50   0.636   0.919   1.039   1.180   0.711   0.544   0.612   0.689   0.650
      2.00   0.745   1.109   1.130   1.180   0.844   0.634   0.745   0.829   0.764
