======================================================================================================================================================
P1: D2a exactly as the panel fitted it (Kd 34, 7 knots)   [31 s, 12600 points]  GATED FAILS (exact periodic): 0
member                    tier  min PM (v)      #<bar  min GM_exact (v)    max rho  least-damped low pole (v)     max M20 (V295)  max L20/V295  max T530 dB  max Tr1.6-3
nominal                   A        64.9 ( 1.00)     0     24.6 ( 8.00)    0.9815    0.34 Hz z 0.660 (11.90)    2.29 (3.38)    0.677     -8.0     1.00
J_lo                      A        65.8 (27.00)     0     23.5 ( 8.00)    0.9834    0.32 Hz z 0.641 (11.90)    2.29 (3.38)    0.677     -6.3     0.90
J_hi                      A        46.7 ( 1.00)     0     27.8 ( 8.00)    0.9759    1.60 Hz z 0.481 ( 8.00)    2.29 (3.38)    0.677    -15.2     1.22
b_lo                      A        56.8 ( 8.00)     0     22.2 ( 8.00)    0.9774    2.85 Hz z 0.520 ( 8.00)    2.29 (3.38)    0.677     -6.0     1.20
b_hi                      A        57.7 (26.90)     0     27.6 ( 8.00)    0.9869    0.32 Hz z 0.555 (11.90)    2.29 (3.38)    0.677    -10.8     0.80
tau0                      A        66.0 ( 1.00)     0     29.5 ( 8.00)    0.9815    0.34 Hz z 0.661 (11.90)    2.29 (3.38)    0.677     -8.2     0.98
tau6                      A        62.7 ( 1.00)     0     19.3 ( 8.00)    0.9816    0.34 Hz z 0.656 (11.90)    2.29 (3.38)    0.677     -7.7     1.03
mode13                    A        64.8 ( 1.00)     0     26.1 ( 8.00)    0.9815    0.34 Hz z 0.660 (11.90)    2.29 (3.38)    0.677     -8.3     1.00
mode20                    A        64.9 ( 1.00)     0     25.5 ( 8.00)    0.9815    0.34 Hz z 0.660 (11.90)    2.29 (3.38)    0.677     -8.1     1.00
ms_free                   A        47.6 ( 8.75)     0     26.4 ( 1.00)    0.9902    0.76 Hz z 0.201 (11.90)    2.29 (3.38)    0.677    -10.7     1.21
b_lo*J_hi                 B        37.4 ( 1.00)     0     25.9 ( 8.00)    0.9779    1.86 Hz z 0.296 ( 8.00)    2.29 (3.38)    0.677    -14.8     1.66
b_lo*tau6                 B        53.1 ( 8.00)     0     16.8 ( 8.00)    0.9772    2.93 Hz z 0.477 ( 8.00)    2.29 (3.38)    0.677     -5.6     1.25
J1.0                      B        39.0 ( 1.00)     0     31.9 ( 8.00)    0.9784    1.26 Hz z 0.363 ( 8.00)    2.29 (3.38)    0.677    -21.6     0.98
b_q                       B        64.9 ( 1.00)     0     24.1 (27.00)    0.9815    3.89 Hz z 0.530 (17.50)    2.29 (3.38)    0.677     -6.7     1.00
b_q*J_hi                  B        46.7 ( 1.00)     0     23.7 (27.00)    0.9804    2.49 Hz z 0.290 (17.50)    2.29 (3.38)    0.677    -13.5     1.22
b_q*J1.0                  B        37.6 (15.50)     0     23.1 (27.00)    0.9846    1.64 Hz z 0.150 (15.75)    2.29 (3.38)    0.677    -20.2     1.68
b_q*tau6                  B        62.7 ( 1.00)     0     18.8 (27.00)    0.9816    3.98 Hz z 0.497 (17.50)    2.29 (3.38)    0.677     -6.2     1.03
nominal+h10               B        59.4 ( 1.00)     0     29.0 ( 1.00)    0.9816    0.35 Hz z 0.650 (11.90)    2.22 (3.38)    0.655    -10.1     1.11
J_lo+h10                  B        63.5 (27.00)     0     26.9 ( 1.00)    0.9835    0.33 Hz z 0.632 (11.90)    2.22 (3.38)    0.655     -7.9     0.98
J_hi+h10                  B        42.2 ( 1.00)     0     33.1 ( 8.00)    0.9759    1.60 Hz z 0.412 ( 8.00)    2.22 (3.38)    0.655    -17.3     1.39
b_lo+h10                  B        52.6 ( 1.00)     0     27.2 ( 1.00)    0.9771    2.60 Hz z 0.453 ( 8.00)    2.22 (3.38)    0.655     -8.2     1.37
b_hi+h10                  B        55.7 (27.00)     0     31.3 ( 1.00)    0.9870    0.32 Hz z 0.546 (11.90)    2.22 (3.38)    0.655    -12.7     0.87
tau0+h10                  B        60.5 ( 1.00)     0     35.1 ( 1.00)    0.9816    0.35 Hz z 0.652 (11.90)    2.22 (3.38)    0.655    -10.2     1.09
tau6+h10                  B        57.3 ( 1.00)     0     22.6 ( 8.00)    0.9817    0.35 Hz z 0.647 (11.90)    2.22 (3.38)    0.655     -9.8     1.15
mode13+h10                B        59.4 ( 1.00)     0     29.2 ( 1.00)    0.9816    0.35 Hz z 0.650 (11.90)    2.22 (3.38)    0.655    -10.3     1.11
mode20+h10                B        59.4 ( 1.00)     0     29.6 ( 1.00)    0.9816    0.35 Hz z 0.650 (11.90)    2.22 (3.38)    0.655    -10.2     1.11
ms_free+h10               B        43.8 ( 8.75)     0     30.2 ( 1.00)    0.9909    0.76 Hz z 0.189 (11.90)    2.22 (3.38)    0.655    -12.5     1.37
b_lo*J_hi+h10             B        32.6 ( 1.00)     0     30.8 ( 8.00)    0.9777    1.82 Hz z 0.242 ( 8.00)    2.22 (3.38)    0.655    -16.7     2.00
b_lo*tau6+h10             B        49.5 ( 8.00)     0     19.7 ( 8.00)    0.9769    2.65 Hz z 0.420 ( 8.00)    2.22 (3.38)    0.655     -8.0     1.42
J1.0+h10                  B        35.5 ( 1.00)     0     36.8 ( 8.00)    0.9805    1.26 Hz z 0.321 ( 8.00)    2.22 (3.38)    0.655    -23.2     1.04
b_q+h10                   B        59.4 ( 1.00)     0     26.9 (12.50)    0.9816    3.53 Hz z 0.526 (17.50)    2.22 (3.38)    0.655     -8.0     1.11
b_q*J_hi+h10              B        42.2 ( 1.00)     0     24.1 (27.00)    0.9802    2.42 Hz z 0.261 (17.50)    2.22 (3.38)    0.655    -15.9     1.39
b_q*J1.0+h10              B        34.0 (27.00)     0     15.1 (27.00)    0.9869    1.77 Hz z 0.127 (17.50)    2.22 (3.38)    0.655    -22.4     2.03
b_q*tau6+h10              B        57.3 ( 1.00)     0     21.0 (13.75)    0.9817    3.59 Hz z 0.501 (17.50)    2.22 (3.38)    0.655     -7.6     1.15
J_hi*tau6                 report   45.0 ( 1.00)     0     22.3 ( 8.00)    0.9759    1.63 Hz z 0.460 ( 8.00)    2.29 (3.38)    0.677    -15.2     1.28
J_hi*tau6+h10             report   40.5 ( 1.00)     0     24.6 ( 8.00)    0.9760    1.61 Hz z 0.392 ( 8.00)    2.22 (3.38)    0.655    -17.2     1.46
J_hi2                     report   40.7 ( 1.00)     0     30.4 ( 8.00)    0.9755    1.36 Hz z 0.388 ( 8.00)    2.29 (3.38)    0.677    -19.6     1.14
J_hi2+h10                 report   36.9 ( 1.00)     0     35.4 ( 8.00)    0.9772    1.36 Hz z 0.339 ( 8.00)    2.22 (3.38)    0.655    -21.2     1.26
J_hi2*tau6                report   39.3 ( 1.00)     0     24.8 ( 8.00)    0.9755    1.37 Hz z 0.372 ( 8.00)    2.29 (3.38)    0.677    -19.5     1.19
J_hi2*tau6+h10            report   35.5 ( 1.00)     0     26.3 ( 8.00)    0.9778    1.37 Hz z 0.324 ( 8.00)    2.22 (3.38)    0.655    -21.2     1.31
J1.0*tau6                 report   37.7 ( 1.00)     0     26.1 ( 8.00)    0.9789    1.27 Hz z 0.350 ( 8.00)    2.29 (3.38)    0.677    -21.6     1.02
J1.0*tau6+h10             report   34.2 ( 1.00)     0     27.3 ( 8.00)    0.9811    1.26 Hz z 0.308 ( 8.00)    2.22 (3.38)    0.655    -23.2     1.08
b_lo*J_hi*tau6            report   35.2 ( 8.00)     0     20.1 ( 8.00)    0.9778    1.87 Hz z 0.276 ( 8.00)    2.29 (3.38)    0.677    -14.7     1.76
b_lo*J_hi*tau6+h10        report   30.5 ( 8.00)     0     21.3 ( 8.00)    0.9775    1.83 Hz z 0.223 ( 8.00)    2.22 (3.38)    0.655    -16.6     2.16
b_lo*J_hi2                report   31.4 ( 1.00)     0     28.6 ( 8.00)    0.9791    1.54 Hz z 0.232 ( 8.00)    2.29 (3.38)    0.677    -19.3     1.85
b_lo*J_hi2+h10            report   27.2 ( 1.00)    30     33.1 ( 8.00)    0.9827    1.52 Hz z 0.190 ( 8.00)    2.22 (3.38)    0.655    -21.0     2.18
b_lo*J_hi2*tau6           report   29.8 ( 1.00)    11     22.6 ( 8.00)    0.9800    1.54 Hz z 0.216 ( 8.00)    2.29 (3.38)    0.677    -19.3     1.98
b_lo*J_hi2*tau6+h10       report   25.5 ( 1.00)    31     22.5 ( 8.00)    0.9837    1.52 Hz z 0.176 ( 8.00)    2.22 (3.38)    0.655    -20.9     2.35
b_lo*J1.0                 report   29.8 ( 1.00)    10     30.1 ( 8.00)    0.9827    1.41 Hz z 0.213 ( 8.00)    2.29 (3.38)    0.677    -21.3     1.58
b_lo*J1.0+h10             report   25.9 ( 1.00)    30     34.3 ( 8.00)    0.9855    1.40 Hz z 0.177 ( 8.00)    2.22 (3.38)    0.655    -23.0     1.72
b_lo*J1.0*tau6            report   28.3 ( 1.00)    16     23.9 ( 8.00)    0.9835    1.42 Hz z 0.200 ( 8.00)    2.29 (3.38)    0.677    -21.3     1.66
b_lo*J1.0*tau6+h10        report   24.4 ( 1.00)    31     23.1 ( 8.00)    0.9863    1.40 Hz z 0.164 ( 8.00)    2.22 (3.38)    0.655    -23.0     1.80
b/1.9                     report   56.8 ( 8.00)     0     22.1 ( 8.00)    0.9778    2.85 Hz z 0.520 ( 8.00)    2.29 (3.38)    0.677     -6.0     1.20
b/1.9+h10                 report   52.6 ( 1.00)     0     27.1 ( 1.00)    0.9775    2.60 Hz z 0.453 ( 8.00)    2.22 (3.38)    0.655     -8.2     1.37
b/1.9*tau6                report   53.1 ( 8.00)     0     16.8 ( 8.00)    0.9776    2.93 Hz z 0.477 ( 8.00)    2.29 (3.38)    0.677     -5.6     1.25
b/1.9*tau6+h10            report   49.5 ( 8.00)     0     19.7 ( 8.00)    0.9773    2.65 Hz z 0.420 ( 8.00)    2.22 (3.38)    0.655     -8.0     1.42
b/1.9*J_hi                report   37.4 ( 1.00)     0     25.8 ( 8.00)    0.9782    1.86 Hz z 0.296 ( 8.00)    2.29 (3.38)    0.677    -14.8     1.66
b/1.9*J_hi+h10            report   32.6 ( 1.00)     0     30.7 ( 8.00)    0.9780    1.82 Hz z 0.242 ( 8.00)    2.22 (3.38)    0.655    -16.7     2.00
b/1.9*J_hi*tau6           report   35.2 ( 8.00)     0     20.1 ( 8.00)    0.9781    1.87 Hz z 0.276 ( 8.00)    2.29 (3.38)    0.677    -14.7     1.76
b/1.9*J_hi*tau6+h10       report   30.5 ( 8.00)     0     21.3 ( 8.00)    0.9778    1.83 Hz z 0.223 ( 8.00)    2.22 (3.38)    0.655    -16.6     2.16
b/1.9*J_hi2               report   31.4 ( 1.00)     0     28.6 ( 8.00)    0.9791    1.54 Hz z 0.232 ( 8.00)    2.29 (3.38)    0.677    -19.3     1.85
b/1.9*J_hi2+h10           report   27.2 ( 1.00)    30     33.1 ( 8.00)    0.9827    1.52 Hz z 0.190 ( 8.00)    2.22 (3.38)    0.655    -21.0     2.18
b/1.9*J_hi2*tau6          report   29.8 ( 1.00)    11     22.6 ( 8.00)    0.9800    1.54 Hz z 0.216 ( 8.00)    2.29 (3.38)    0.677    -19.3     1.98
b/1.9*J_hi2*tau6+h10      report   25.5 ( 1.00)    31     22.5 ( 8.00)    0.9837    1.52 Hz z 0.176 ( 8.00)    2.22 (3.38)    0.655    -20.9     2.35
b/1.9*J1.0                report   29.8 ( 1.00)    10     30.1 ( 8.00)    0.9827    1.41 Hz z 0.213 ( 8.00)    2.29 (3.38)    0.677    -21.2     1.58
b/1.9*J1.0+h10            report   25.9 ( 1.00)    30     34.3 ( 8.00)    0.9855    1.40 Hz z 0.177 ( 8.00)    2.22 (3.38)    0.655    -23.0     1.72
b/1.9*J1.0*tau6           report   28.3 ( 1.00)    16     23.9 ( 8.00)    0.9835    1.42 Hz z 0.200 ( 8.00)    2.29 (3.38)    0.677    -21.1     1.66
b/1.9*J1.0*tau6+h10       report   24.4 ( 1.00)    31     23.1 ( 8.00)    0.9863    1.40 Hz z 0.164 ( 8.00)    2.22 (3.38)    0.655    -23.0     1.80
b_q*J_hi*tau6             report   45.0 ( 1.00)     0     18.2 (27.00)    0.9803    2.50 Hz z 0.274 (17.50)    2.29 (3.38)    0.677    -13.4     1.28
b_q*J_hi*tau6+h10         report   40.5 ( 1.00)     0     16.1 (27.00)    0.9801    2.43 Hz z 0.247 (17.50)    2.22 (3.38)    0.655    -15.9     1.46
b_q*J_hi2                 report   40.7 ( 1.00)     0     23.3 (27.00)    0.9807    1.99 Hz z 0.190 (17.50)    2.29 (3.38)    0.677    -18.0     1.48
b_q*J_hi2+h10             report   36.9 ( 1.00)     0     17.1 (27.00)    0.9812    1.96 Hz z 0.165 (17.50)    2.22 (3.38)    0.655    -20.3     1.76
b_q*J_hi2*tau6            report   39.3 ( 1.00)     0     17.5 (27.00)    0.9806    2.00 Hz z 0.178 (17.50)    2.29 (3.38)    0.677    -18.0     1.58
b_q*J_hi2*tau6+h10        report   35.5 ( 1.00)     0     13.0 (27.00)    0.9823    1.96 Hz z 0.154 (17.50)    2.22 (3.38)    0.655    -20.3     1.90
b_q*J1.0*tau6             report   35.3 (15.75)     0     17.1 (27.00)    0.9855    1.80 Hz z 0.140 (17.50)    2.29 (3.38)    0.677    -20.2     1.81
b_q*J1.0*tau6+h10         report   31.7 (27.00)     0     11.7 (27.00)    0.9878    1.77 Hz z 0.118 (17.50)    2.22 (3.38)    0.655    -22.4     2.20
b_lo*J0.3                 report   44.6 ( 8.00)     0     23.2 ( 8.00)    0.9775    2.34 Hz z 0.387 ( 8.00)    2.29 (3.38)    0.677     -9.6     1.45
b_lo*J0.3+h10             report   40.0 ( 8.00)     0     28.4 ( 8.00)    0.9772    2.24 Hz z 0.319 ( 8.00)    2.22 (3.38)    0.655    -11.8     1.70
J1.3                      report   37.7 ( 1.00)     0     33.6 ( 8.00)    0.9819    1.15 Hz z 0.345 ( 8.00)    2.29 (3.38)    0.677    -24.0     0.76
b_lo*J1.3                 report   28.7 ( 1.00)    13     31.9 ( 8.00)    0.9884    0.92 Hz z 0.198 (11.90)    2.29 (3.38)    0.677    -23.4     1.11
b_q*J1.3                  report   27.2 (15.75)    20     22.5 (27.00)    0.9904    1.46 Hz z 0.105 (15.75)    2.29 (3.38)    0.677    -22.7     2.33
b_q*J1.3+h10              report   23.6 (15.75)    84     13.0 (27.00)    0.9922    1.44 Hz z 0.086 (15.75)    2.22 (3.38)    0.655    -24.8     2.85
tau10                     report   60.4 ( 1.00)     0     16.2 ( 8.00)    0.9816    0.35 Hz z 0.653 (11.90)    2.29 (3.38)    0.677     -7.4     1.06
b_lo*tau10                report   49.5 ( 8.00)     0     13.6 ( 8.00)    0.9771    3.00 Hz z 0.433 ( 8.00)    2.29 (3.38)    0.677     -5.3     1.29
light_b                   report   11.7 (27.00)    93      9.3 (27.00)    0.9825    3.72 Hz z 0.075 (27.00)    2.29 (3.38)    0.677     -0.8     2.25
b_q0                      report   64.9 ( 1.00)     0     24.1 (27.00)    0.9815    3.89 Hz z 0.530 (17.50)    2.29 (3.38)    0.677     -6.7     1.00
b_q0*J_hi                 report   46.7 ( 1.00)     0     23.7 (27.00)    0.9804    2.49 Hz z 0.290 (17.50)    2.29 (3.38)    0.677    -13.5     1.22
bq10*J1.0                 report   37.6 (15.50)     0     23.1 (27.00)    0.9846    1.64 Hz z 0.150 (15.75)    2.29 (3.38)    0.677    -20.2     1.68
bq10*J1.0+h10             report   34.0 (27.00)     0     15.1 (27.00)    0.9869    1.77 Hz z 0.127 (17.50)    2.22 (3.38)    0.655    -22.4     2.03
bq10*J1.0*tau6+h10        report   31.7 (27.00)     0     11.7 (27.00)    0.9878    1.77 Hz z 0.118 (17.50)    2.22 (3.38)    0.655    -22.4     2.20
   UNSTABLE points on ANY member (gated or report): 0 []
======================================================================================================================================================
P2: Kd 34, 6-knot refit under D2a's envelope (no 15.5 m/s knot): -6 B   [31 s, 12600 points]  GATED FAILS (exact periodic): 0
member                    tier  min PM (v)      #<bar  min GM_exact (v)    max rho  least-damped low pole (v)     max M20 (V295)  max L20/V295  max T530 dB  max Tr1.6-3
nominal                   A        64.9 ( 1.00)     0     24.6 ( 8.00)    0.9815    0.34 Hz z 0.660 (11.90)    2.29 (3.38)    0.677     -8.0     1.00
J_lo                      A        65.8 (26.90)     0     23.5 ( 8.00)    0.9834    0.32 Hz z 0.641 (11.90)    2.29 (3.38)    0.677     -6.3     0.90
J_hi                      A        46.7 ( 1.00)     0     27.8 ( 8.00)    0.9759    1.60 Hz z 0.481 ( 8.00)    2.29 (3.38)    0.677    -15.2     1.22
b_lo                      A        56.8 ( 8.00)     0     22.2 ( 8.00)    0.9775    2.85 Hz z 0.520 ( 8.00)    2.29 (3.38)    0.677     -6.0     1.20
b_hi                      A        57.7 (26.90)     0     27.6 ( 8.00)    0.9869    0.32 Hz z 0.555 (11.90)    2.29 (3.38)    0.677    -10.8     0.80
tau0                      A        66.0 ( 1.00)     0     29.5 ( 8.00)    0.9815    0.34 Hz z 0.661 (11.90)    2.29 (3.38)    0.677     -8.2     0.98
tau6                      A        62.7 ( 1.00)     0     19.3 ( 8.00)    0.9816    0.34 Hz z 0.656 (11.90)    2.29 (3.38)    0.677     -7.7     1.03
mode13                    A        64.8 ( 1.00)     0     26.1 ( 8.00)    0.9815    0.34 Hz z 0.660 (11.90)    2.29 (3.38)    0.677     -8.3     1.00
mode20                    A        64.9 ( 1.00)     0     25.5 ( 8.00)    0.9815    0.34 Hz z 0.660 (11.90)    2.29 (3.38)    0.677     -8.1     1.00
ms_free                   A        47.6 ( 8.75)     0     26.4 ( 1.00)    0.9902    0.76 Hz z 0.201 (11.90)    2.29 (3.38)    0.677    -10.7     1.21
b_lo*J_hi                 B        37.4 ( 1.00)     0     25.9 ( 8.00)    0.9780    1.86 Hz z 0.296 ( 8.00)    2.29 (3.38)    0.677    -14.8     1.66
b_lo*tau6                 B        53.1 ( 8.00)     0     16.8 ( 8.00)    0.9773    2.93 Hz z 0.477 ( 8.00)    2.29 (3.38)    0.677     -5.6     1.25
J1.0                      B        39.0 ( 1.00)     0     31.9 ( 8.00)    0.9784    1.26 Hz z 0.363 ( 8.00)    2.29 (3.38)    0.677    -21.6     0.98
b_q                       B        64.9 ( 1.00)     0     24.1 (26.90)    0.9815    3.89 Hz z 0.532 (17.50)    2.29 (3.38)    0.677     -6.7     1.00
b_q*J_hi                  B        46.7 ( 1.00)     0     23.7 (26.90)    0.9805    2.48 Hz z 0.293 (17.50)    2.29 (3.38)    0.677    -13.5     1.22
b_q*J1.0                  B        37.4 (15.50)     0     23.1 (26.90)    0.9846    1.64 Hz z 0.150 (15.75)    2.29 (3.38)    0.677    -20.2     1.68
b_q*tau6                  B        62.7 ( 1.00)     0     18.8 (26.90)    0.9816    3.98 Hz z 0.500 (17.50)    2.29 (3.38)    0.677     -6.2     1.03
nominal+h10               B        59.4 ( 1.00)     0     29.0 ( 1.00)    0.9816    0.35 Hz z 0.650 (11.90)    2.22 (3.38)    0.655    -10.1     1.11
J_lo+h10                  B        63.5 (26.90)     0     26.9 ( 1.00)    0.9835    0.33 Hz z 0.632 (11.90)    2.22 (3.38)    0.655     -7.9     0.98
J_hi+h10                  B        42.2 ( 1.00)     0     33.1 ( 8.00)    0.9759    1.60 Hz z 0.412 ( 8.00)    2.22 (3.38)    0.655    -17.3     1.39
b_lo+h10                  B        52.6 ( 1.00)     0     27.2 ( 1.00)    0.9772    2.60 Hz z 0.453 ( 8.00)    2.22 (3.38)    0.655     -8.2     1.37
b_hi+h10                  B        55.7 (26.90)     0     31.3 ( 1.00)    0.9870    0.32 Hz z 0.546 (11.90)    2.22 (3.38)    0.655    -12.7     0.87
tau0+h10                  B        60.5 ( 1.00)     0     35.1 ( 1.00)    0.9816    0.35 Hz z 0.652 (11.90)    2.22 (3.38)    0.655    -10.2     1.09
tau6+h10                  B        57.3 ( 1.00)     0     22.6 ( 8.00)    0.9817    0.35 Hz z 0.647 (11.90)    2.22 (3.38)    0.655     -9.8     1.15
mode13+h10                B        59.4 ( 1.00)     0     29.2 ( 1.00)    0.9816    0.35 Hz z 0.650 (11.90)    2.22 (3.38)    0.655    -10.3     1.11
mode20+h10                B        59.4 ( 1.00)     0     29.6 ( 1.00)    0.9816    0.35 Hz z 0.650 (11.90)    2.22 (3.38)    0.655    -10.2     1.11
ms_free+h10               B        43.8 ( 8.75)     0     30.2 ( 1.00)    0.9909    0.76 Hz z 0.189 (11.90)    2.22 (3.38)    0.655    -12.5     1.37
b_lo*J_hi+h10             B        32.6 ( 1.00)     0     30.8 ( 8.00)    0.9778    1.82 Hz z 0.242 ( 8.00)    2.22 (3.38)    0.655    -16.7     2.00
b_lo*tau6+h10             B        49.5 ( 8.00)     0     19.7 ( 8.00)    0.9770    2.65 Hz z 0.420 ( 8.00)    2.22 (3.38)    0.655     -8.0     1.42
J1.0+h10                  B        35.5 ( 1.00)     0     36.8 ( 8.00)    0.9805    1.26 Hz z 0.321 ( 8.00)    2.22 (3.38)    0.655    -23.2     1.04
b_q+h10                   B        59.4 ( 1.00)     0     26.9 (12.50)    0.9816    3.53 Hz z 0.529 (17.50)    2.22 (3.38)    0.655     -8.0     1.11
b_q*J_hi+h10              B        42.2 ( 1.00)     0     24.0 (26.90)    0.9803    2.42 Hz z 0.264 (17.50)    2.22 (3.38)    0.655    -15.9     1.39
b_q*J1.0+h10              B        34.0 (26.90)     0     15.1 (26.90)    0.9870    1.62 Hz z 0.129 (15.75)    2.22 (3.38)    0.655    -22.4     2.03
b_q*tau6+h10              B        57.3 ( 1.00)     0     21.0 (13.75)    0.9817    3.59 Hz z 0.504 (17.50)    2.22 (3.38)    0.655     -7.6     1.15
J_hi*tau6                 report   45.0 ( 1.00)     0     22.3 ( 8.00)    0.9759    1.63 Hz z 0.460 ( 8.00)    2.29 (3.38)    0.677    -15.2     1.28
J_hi*tau6+h10             report   40.5 ( 1.00)     0     24.6 ( 8.00)    0.9760    1.61 Hz z 0.392 ( 8.00)    2.22 (3.38)    0.655    -17.2     1.46
J_hi2                     report   40.7 ( 1.00)     0     30.4 ( 8.00)    0.9754    1.36 Hz z 0.388 ( 8.00)    2.29 (3.38)    0.677    -19.6     1.14
J_hi2+h10                 report   36.9 ( 1.00)     0     35.4 ( 8.00)    0.9772    1.36 Hz z 0.339 ( 8.00)    2.22 (3.38)    0.655    -21.2     1.26
J_hi2*tau6                report   39.3 ( 1.00)     0     24.8 ( 8.00)    0.9754    1.37 Hz z 0.372 ( 8.00)    2.29 (3.38)    0.677    -19.5     1.19
J_hi2*tau6+h10            report   35.5 ( 1.00)     0     26.3 ( 8.00)    0.9778    1.37 Hz z 0.324 ( 8.00)    2.22 (3.38)    0.655    -21.2     1.31
J1.0*tau6                 report   37.7 ( 1.00)     0     26.1 ( 8.00)    0.9789    1.27 Hz z 0.350 ( 8.00)    2.29 (3.38)    0.677    -21.6     1.02
J1.0*tau6+h10             report   34.2 ( 1.00)     0     27.3 ( 8.00)    0.9811    1.26 Hz z 0.308 ( 8.00)    2.22 (3.38)    0.655    -23.2     1.08
b_lo*J_hi*tau6            report   35.2 ( 8.00)     0     20.1 ( 8.00)    0.9779    1.87 Hz z 0.276 ( 8.00)    2.29 (3.38)    0.677    -14.7     1.76
b_lo*J_hi*tau6+h10        report   30.5 ( 8.00)     0     21.3 ( 8.00)    0.9776    1.83 Hz z 0.223 ( 8.00)    2.22 (3.38)    0.655    -16.6     2.16
b_lo*J_hi2                report   31.4 ( 1.00)     0     28.6 ( 8.00)    0.9791    1.54 Hz z 0.232 ( 8.00)    2.29 (3.38)    0.677    -19.3     1.85
b_lo*J_hi2+h10            report   27.2 ( 1.00)    30     33.1 ( 8.00)    0.9827    1.52 Hz z 0.190 ( 8.00)    2.22 (3.38)    0.655    -21.0     2.18
b_lo*J_hi2*tau6           report   29.8 ( 1.00)    11     22.6 ( 8.00)    0.9800    1.54 Hz z 0.216 ( 8.00)    2.29 (3.38)    0.677    -19.3     1.98
b_lo*J_hi2*tau6+h10       report   25.5 ( 1.00)    31     22.5 ( 8.00)    0.9837    1.52 Hz z 0.176 ( 8.00)    2.22 (3.38)    0.655    -20.9     2.35
b_lo*J1.0                 report   29.8 ( 1.00)    10     30.1 ( 8.00)    0.9827    1.41 Hz z 0.213 ( 8.00)    2.29 (3.38)    0.677    -21.3     1.58
b_lo*J1.0+h10             report   25.9 ( 1.00)    30     34.3 ( 8.00)    0.9855    1.40 Hz z 0.177 ( 8.00)    2.22 (3.38)    0.655    -23.0     1.72
b_lo*J1.0*tau6            report   28.3 ( 1.00)    16     23.9 ( 8.00)    0.9835    1.42 Hz z 0.200 ( 8.00)    2.29 (3.38)    0.677    -21.3     1.66
b_lo*J1.0*tau6+h10        report   24.4 ( 1.00)    31     23.1 ( 8.00)    0.9863    1.40 Hz z 0.164 ( 8.00)    2.22 (3.38)    0.655    -23.0     1.80
b/1.9                     report   56.8 ( 8.00)     0     22.1 ( 8.00)    0.9779    2.85 Hz z 0.520 ( 8.00)    2.29 (3.38)    0.677     -6.0     1.20
b/1.9+h10                 report   52.6 ( 1.00)     0     27.1 ( 1.00)    0.9776    2.60 Hz z 0.453 ( 8.00)    2.22 (3.38)    0.655     -8.2     1.37
b/1.9*tau6                report   53.1 ( 8.00)     0     16.8 ( 8.00)    0.9777    2.93 Hz z 0.477 ( 8.00)    2.29 (3.38)    0.677     -5.6     1.25
b/1.9*tau6+h10            report   49.5 ( 8.00)     0     19.7 ( 8.00)    0.9774    2.65 Hz z 0.420 ( 8.00)    2.22 (3.38)    0.655     -8.0     1.42
b/1.9*J_hi                report   37.4 ( 1.00)     0     25.8 ( 8.00)    0.9783    1.86 Hz z 0.296 ( 8.00)    2.29 (3.38)    0.677    -14.8     1.66
b/1.9*J_hi+h10            report   32.6 ( 1.00)     0     30.7 ( 8.00)    0.9781    1.82 Hz z 0.242 ( 8.00)    2.22 (3.38)    0.655    -16.7     2.00
b/1.9*J_hi*tau6           report   35.2 ( 8.00)     0     20.1 ( 8.00)    0.9782    1.87 Hz z 0.276 ( 8.00)    2.29 (3.38)    0.677    -14.7     1.76
b/1.9*J_hi*tau6+h10       report   30.5 ( 8.00)     0     21.3 ( 8.00)    0.9779    1.83 Hz z 0.223 ( 8.00)    2.22 (3.38)    0.655    -16.6     2.16
b/1.9*J_hi2               report   31.4 ( 1.00)     0     28.6 ( 8.00)    0.9791    1.54 Hz z 0.232 ( 8.00)    2.29 (3.38)    0.677    -19.3     1.85
b/1.9*J_hi2+h10           report   27.2 ( 1.00)    30     33.1 ( 8.00)    0.9827    1.52 Hz z 0.190 ( 8.00)    2.22 (3.38)    0.655    -21.0     2.18
b/1.9*J_hi2*tau6          report   29.8 ( 1.00)    11     22.6 ( 8.00)    0.9800    1.54 Hz z 0.216 ( 8.00)    2.29 (3.38)    0.677    -19.3     1.98
b/1.9*J_hi2*tau6+h10      report   25.5 ( 1.00)    31     22.5 ( 8.00)    0.9837    1.52 Hz z 0.176 ( 8.00)    2.22 (3.38)    0.655    -20.9     2.35
b/1.9*J1.0                report   29.8 ( 1.00)    10     30.1 ( 8.00)    0.9827    1.41 Hz z 0.213 ( 8.00)    2.29 (3.38)    0.677    -21.2     1.58
b/1.9*J1.0+h10            report   25.9 ( 1.00)    30     34.3 ( 8.00)    0.9855    1.40 Hz z 0.177 ( 8.00)    2.22 (3.38)    0.655    -23.0     1.72
b/1.9*J1.0*tau6           report   28.3 ( 1.00)    16     23.9 ( 8.00)    0.9835    1.42 Hz z 0.200 ( 8.00)    2.29 (3.38)    0.677    -21.1     1.66
b/1.9*J1.0*tau6+h10       report   24.4 ( 1.00)    31     23.1 ( 8.00)    0.9863    1.40 Hz z 0.164 ( 8.00)    2.22 (3.38)    0.655    -23.0     1.80
b_q*J_hi*tau6             report   45.0 ( 1.00)     0     18.1 (26.90)    0.9804    2.50 Hz z 0.277 (17.50)    2.29 (3.38)    0.677    -13.4     1.28
b_q*J_hi*tau6+h10         report   40.5 ( 1.00)     0     16.1 (26.90)    0.9802    2.42 Hz z 0.250 (17.50)    2.22 (3.38)    0.655    -15.9     1.46
b_q*J_hi2                 report   40.7 ( 1.00)     0     23.3 (26.90)    0.9808    1.79 Hz z 0.192 (15.50)    2.29 (3.38)    0.677    -18.0     1.48
b_q*J_hi2+h10             report   36.9 ( 1.00)     0     17.1 (26.90)    0.9812    1.95 Hz z 0.167 (17.50)    2.22 (3.38)    0.655    -20.3     1.77
b_q*J_hi2*tau6            report   39.3 ( 1.00)     0     17.5 (26.90)    0.9807    1.99 Hz z 0.181 (17.50)    2.29 (3.38)    0.677    -18.0     1.58
b_q*J_hi2*tau6+h10        report   35.5 ( 1.00)     0     13.0 (26.90)    0.9823    1.95 Hz z 0.156 (17.50)    2.22 (3.38)    0.655    -20.3     1.90
b_q*J1.0*tau6             report   35.1 (15.50)     0     17.1 (26.90)    0.9855    1.65 Hz z 0.141 (15.75)    2.29 (3.38)    0.677    -20.2     1.80
b_q*J1.0*tau6+h10         report   31.7 (26.90)     0     11.7 (26.90)    0.9878    1.76 Hz z 0.120 (17.50)    2.22 (3.38)    0.655    -22.4     2.20
b_lo*J0.3                 report   44.6 ( 8.00)     0     23.2 ( 8.00)    0.9776    2.34 Hz z 0.387 ( 8.00)    2.29 (3.38)    0.677     -9.6     1.45
b_lo*J0.3+h10             report   40.0 ( 8.00)     0     28.4 ( 8.00)    0.9773    2.24 Hz z 0.319 ( 8.00)    2.22 (3.38)    0.655    -11.8     1.70
J1.3                      report   37.7 ( 1.00)     0     33.6 ( 8.00)    0.9819    1.15 Hz z 0.345 ( 8.00)    2.29 (3.38)    0.677    -24.0     0.76
b_lo*J1.3                 report   28.7 ( 1.00)    13     31.9 ( 8.00)    0.9884    0.92 Hz z 0.198 (11.90)    2.29 (3.38)    0.677    -23.4     1.11
b_q*J1.3                  report   27.2 (15.75)    19     22.5 (26.90)    0.9904    1.46 Hz z 0.105 (15.75)    2.29 (3.38)    0.677    -22.7     2.27
b_q*J1.3+h10              report   23.6 (15.75)    84     13.0 (26.90)    0.9922    1.44 Hz z 0.086 (15.75)    2.22 (3.38)    0.655    -24.8     2.76
tau10                     report   60.4 ( 1.00)     0     16.2 ( 8.00)    0.9816    0.35 Hz z 0.653 (11.90)    2.29 (3.38)    0.677     -7.4     1.06
b_lo*tau10                report   49.5 ( 8.00)     0     13.6 ( 8.00)    0.9772    3.00 Hz z 0.433 ( 8.00)    2.29 (3.38)    0.677     -5.3     1.29
light_b                   report   11.7 (26.90)    93      9.3 (26.90)    0.9826    3.72 Hz z 0.075 (26.90)    2.29 (3.38)    0.677     -0.8     2.25
b_q0                      report   64.9 ( 1.00)     0     24.1 (26.75)    0.9815    3.89 Hz z 0.532 (17.50)    2.29 (3.38)    0.677     -6.7     1.00
b_q0*J_hi                 report   46.7 ( 1.00)     0     23.6 (26.90)    0.9805    2.48 Hz z 0.293 (17.50)    2.29 (3.38)    0.677    -13.5     1.22
bq10*J1.0                 report   37.4 (15.50)     0     23.1 (26.90)    0.9846    1.64 Hz z 0.150 (15.75)    2.29 (3.38)    0.677    -20.2     1.68
bq10*J1.0+h10             report   34.0 (26.90)     0     15.1 (26.90)    0.9870    1.62 Hz z 0.129 (15.75)    2.22 (3.38)    0.655    -22.4     2.03
bq10*J1.0*tau6+h10        report   31.7 (26.90)     0     11.7 (26.90)    0.9878    1.76 Hz z 0.120 (17.50)    2.22 (3.38)    0.655    -22.4     2.20
   UNSTABLE points on ANY member (gated or report): 0 []
======================================================================================================================================================
P5: Kd 34, 5-knot refit under D2a's envelope (no 15.5 / 17.5 m/s knots): -12 B   [30 s, 12600 points]  GATED FAILS (exact periodic): 0
member                    tier  min PM (v)      #<bar  min GM_exact (v)    max rho  least-damped low pole (v)     max M20 (V295)  max L20/V295  max T530 dB  max Tr1.6-3
nominal                   A        64.9 ( 1.00)     0     24.6 ( 8.00)    0.9814    0.34 Hz z 0.660 (11.90)    2.29 (3.38)    0.676     -8.0     1.00
J_lo                      A        65.8 (26.90)     0     23.5 ( 8.00)    0.9833    0.32 Hz z 0.641 (11.90)    2.29 (3.38)    0.676     -6.3     0.90
J_hi                      A        46.7 ( 1.00)     0     27.8 ( 8.00)    0.9756    1.60 Hz z 0.481 ( 8.00)    2.29 (3.38)    0.676    -15.2     1.22
b_lo                      A        56.8 ( 8.00)     0     22.2 ( 8.00)    0.9805    2.85 Hz z 0.520 ( 8.00)    2.29 (3.38)    0.676     -6.0     1.20
b_hi                      A        57.7 (26.90)     0     27.6 ( 8.00)    0.9868    0.32 Hz z 0.555 (11.90)    2.29 (3.38)    0.676    -10.8     0.80
tau0                      A        66.0 ( 1.00)     0     29.5 ( 8.00)    0.9813    0.34 Hz z 0.661 (11.90)    2.29 (3.38)    0.676     -8.2     0.98
tau6                      A        62.7 ( 1.00)     0     19.3 ( 8.00)    0.9814    0.34 Hz z 0.656 (11.90)    2.29 (3.38)    0.676     -7.7     1.03
mode13                    A        64.8 ( 1.00)     0     26.1 ( 8.00)    0.9814    0.34 Hz z 0.660 (11.90)    2.29 (3.38)    0.676     -8.3     1.00
mode20                    A        64.9 ( 1.00)     0     25.5 ( 8.00)    0.9814    0.34 Hz z 0.660 (11.90)    2.29 (3.38)    0.676     -8.1     1.00
ms_free                   A        47.6 ( 8.75)     0     26.4 ( 1.00)    0.9902    0.76 Hz z 0.201 (11.90)    2.29 (3.38)    0.676    -10.7     1.21
b_lo*J_hi                 B        37.4 ( 1.00)     0     25.9 ( 8.00)    0.9808    1.86 Hz z 0.296 ( 8.00)    2.29 (3.38)    0.676    -14.8     1.66
b_lo*tau6                 B        53.1 ( 8.00)     0     16.8 ( 8.00)    0.9804    2.93 Hz z 0.477 ( 8.00)    2.29 (3.38)    0.676     -5.6     1.25
J1.0                      B        39.0 ( 1.00)     0     31.9 ( 8.00)    0.9784    1.26 Hz z 0.363 ( 8.00)    2.29 (3.38)    0.676    -21.6     0.98
b_q                       B        64.9 ( 1.00)     0     24.1 (26.90)    0.9830    3.77 Hz z 0.564 (15.50)    2.29 (3.38)    0.676     -7.0     1.00
b_q*J_hi                  B        46.7 ( 1.00)     0     23.6 (26.90)    0.9829    2.35 Hz z 0.344 (26.90)    2.29 (3.38)    0.676    -13.5     1.22
b_q*J1.0                  B        38.5 (26.90)     0     23.0 (26.90)    0.9834    1.55 Hz z 0.183 (15.50)    2.29 (3.38)    0.676    -20.1     1.69
b_q*tau6                  B        62.7 ( 1.00)     0     18.8 (26.90)    0.9829    3.82 Hz z 0.527 (15.00)    2.29 (3.38)    0.676     -6.5     1.03
nominal+h10               B        59.4 ( 1.00)     0     29.0 ( 1.00)    0.9814    0.35 Hz z 0.650 (11.90)    2.21 (3.38)    0.654    -10.1     1.11
J_lo+h10                  B        63.5 (26.90)     0     26.9 ( 1.00)    0.9834    0.33 Hz z 0.632 (11.90)    2.21 (3.38)    0.654     -7.9     0.98
J_hi+h10                  B        42.2 ( 1.00)     0     33.1 ( 8.00)    0.9756    1.60 Hz z 0.412 ( 8.00)    2.21 (3.38)    0.654    -17.3     1.39
b_lo+h10                  B        52.6 ( 1.00)     0     27.2 ( 1.00)    0.9802    2.60 Hz z 0.453 ( 8.00)    2.21 (3.38)    0.654     -8.2     1.37
b_hi+h10                  B        55.7 (26.90)     0     31.3 ( 1.00)    0.9869    0.32 Hz z 0.546 (11.90)    2.21 (3.38)    0.654    -12.7     0.87
tau0+h10                  B        60.5 ( 1.00)     0     35.1 ( 1.00)    0.9814    0.35 Hz z 0.652 (11.90)    2.21 (3.38)    0.654    -10.2     1.09
tau6+h10                  B        57.3 ( 1.00)     0     22.6 ( 8.00)    0.9815    0.35 Hz z 0.647 (11.90)    2.21 (3.38)    0.654     -9.8     1.15
mode13+h10                B        59.4 ( 1.00)     0     29.2 ( 1.00)    0.9814    0.35 Hz z 0.650 (11.90)    2.21 (3.38)    0.654    -10.3     1.11
mode20+h10                B        59.4 ( 1.00)     0     29.6 ( 1.00)    0.9814    0.35 Hz z 0.650 (11.90)    2.21 (3.38)    0.654    -10.2     1.11
ms_free+h10               B        43.8 ( 8.75)     0     30.2 ( 1.00)    0.9909    0.76 Hz z 0.189 (11.90)    2.21 (3.38)    0.654    -12.5     1.37
b_lo*J_hi+h10             B        32.6 ( 1.00)     0     30.8 ( 8.00)    0.9806    1.82 Hz z 0.242 ( 8.00)    2.21 (3.38)    0.654    -16.7     2.00
b_lo*tau6+h10             B        49.5 ( 8.00)     0     19.7 ( 8.00)    0.9801    2.65 Hz z 0.420 ( 8.00)    2.21 (3.38)    0.654     -8.0     1.42
J1.0+h10                  B        35.5 ( 1.00)     0     36.8 ( 8.00)    0.9805    1.26 Hz z 0.321 ( 8.00)    2.21 (3.38)    0.654    -23.2     1.04
b_q+h10                   B        59.4 ( 1.00)     0     26.9 (12.50)    0.9828    2.93 Hz z 0.539 (26.90)    2.21 (3.38)    0.654     -8.1     1.11
b_q*J_hi+h10              B        42.2 ( 1.00)     0     23.8 (26.90)    0.9827    2.28 Hz z 0.295 (26.90)    2.21 (3.38)    0.654    -15.8     1.39
b_q*J1.0+h10              B        33.8 (26.90)     0     15.0 (26.90)    0.9840    1.54 Hz z 0.165 (15.50)    2.21 (3.38)    0.654    -22.4     2.04
b_q*tau6+h10              B        57.3 ( 1.00)     0     21.1 (13.75)    0.9827    2.97 Hz z 0.510 (26.90)    2.21 (3.38)    0.654     -7.7     1.15
J_hi*tau6                 report   45.0 ( 1.00)     0     22.3 ( 8.00)    0.9757    1.63 Hz z 0.460 ( 8.00)    2.29 (3.38)    0.676    -15.2     1.28
J_hi*tau6+h10             report   40.5 ( 1.00)     0     24.6 ( 8.00)    0.9757    1.61 Hz z 0.392 ( 8.00)    2.21 (3.38)    0.654    -17.2     1.46
J_hi2                     report   40.7 ( 1.00)     0     30.4 ( 8.00)    0.9757    1.36 Hz z 0.388 ( 8.00)    2.29 (3.38)    0.676    -19.6     1.14
J_hi2+h10                 report   36.9 ( 1.00)     0     35.4 ( 8.00)    0.9772    1.36 Hz z 0.339 ( 8.00)    2.21 (3.38)    0.654    -21.3     1.26
J_hi2*tau6                report   39.3 ( 1.00)     0     24.8 ( 8.00)    0.9755    1.37 Hz z 0.372 ( 8.00)    2.29 (3.38)    0.676    -19.5     1.19
J_hi2*tau6+h10            report   35.5 ( 1.00)     0     26.3 ( 8.00)    0.9778    1.37 Hz z 0.324 ( 8.00)    2.21 (3.38)    0.654    -21.2     1.31
J1.0*tau6                 report   37.7 ( 1.00)     0     26.1 ( 8.00)    0.9789    1.27 Hz z 0.350 ( 8.00)    2.29 (3.38)    0.676    -21.6     1.02
J1.0*tau6+h10             report   34.2 ( 1.00)     0     27.3 ( 8.00)    0.9811    1.26 Hz z 0.308 ( 8.00)    2.21 (3.38)    0.654    -23.2     1.08
b_lo*J_hi*tau6            report   35.2 ( 8.00)     0     20.1 ( 8.00)    0.9807    1.87 Hz z 0.276 ( 8.00)    2.29 (3.38)    0.676    -14.7     1.76
b_lo*J_hi*tau6+h10        report   30.5 ( 8.00)     0     21.3 ( 8.00)    0.9804    1.83 Hz z 0.223 ( 8.00)    2.21 (3.38)    0.654    -16.6     2.16
b_lo*J_hi2                report   31.4 ( 1.00)     0     28.6 ( 8.00)    0.9813    1.54 Hz z 0.232 ( 8.00)    2.29 (3.38)    0.676    -19.3     1.85
b_lo*J_hi2+h10            report   27.2 ( 1.00)    30     33.1 ( 8.00)    0.9827    1.52 Hz z 0.190 ( 8.00)    2.21 (3.38)    0.654    -21.0     2.18
b_lo*J_hi2*tau6           report   29.8 ( 1.00)    11     22.6 ( 8.00)    0.9812    1.54 Hz z 0.216 ( 8.00)    2.29 (3.38)    0.676    -19.3     1.98
b_lo*J_hi2*tau6+h10       report   25.5 ( 1.00)    31     22.5 ( 8.00)    0.9837    1.52 Hz z 0.176 ( 8.00)    2.21 (3.38)    0.654    -20.9     2.35
b_lo*J1.0                 report   29.8 ( 1.00)    10     30.1 ( 8.00)    0.9827    1.41 Hz z 0.213 ( 8.00)    2.29 (3.38)    0.676    -21.3     1.58
b_lo*J1.0+h10             report   25.9 ( 1.00)    30     34.3 ( 8.00)    0.9855    1.40 Hz z 0.177 ( 8.00)    2.21 (3.38)    0.654    -23.1     1.72
b_lo*J1.0*tau6            report   28.3 ( 1.00)    16     23.9 ( 8.00)    0.9835    1.42 Hz z 0.200 ( 8.00)    2.29 (3.38)    0.676    -21.3     1.66
b_lo*J1.0*tau6+h10        report   24.4 ( 1.00)    31     23.1 ( 8.00)    0.9863    1.40 Hz z 0.164 ( 8.00)    2.21 (3.38)    0.654    -23.0     1.80
b/1.9                     report   56.8 ( 8.00)     0     22.1 ( 8.00)    0.9808    2.85 Hz z 0.520 ( 8.00)    2.29 (3.38)    0.676     -6.0     1.20
b/1.9+h10                 report   52.6 ( 1.00)     0     27.1 ( 1.00)    0.9805    2.60 Hz z 0.453 ( 8.00)    2.21 (3.38)    0.654     -8.2     1.37
b/1.9*tau6                report   53.1 ( 8.00)     0     16.8 ( 8.00)    0.9807    2.93 Hz z 0.477 ( 8.00)    2.29 (3.38)    0.676     -5.6     1.25
b/1.9*tau6+h10            report   49.5 ( 8.00)     0     19.7 ( 8.00)    0.9804    2.65 Hz z 0.420 ( 8.00)    2.21 (3.38)    0.654     -8.0     1.42
b/1.9*J_hi                report   37.4 ( 1.00)     0     25.8 ( 8.00)    0.9811    1.86 Hz z 0.296 ( 8.00)    2.29 (3.38)    0.676    -14.8     1.66
b/1.9*J_hi+h10            report   32.6 ( 1.00)     0     30.7 ( 8.00)    0.9808    1.82 Hz z 0.242 ( 8.00)    2.21 (3.38)    0.654    -16.7     2.00
b/1.9*J_hi*tau6           report   35.2 ( 8.00)     0     20.1 ( 8.00)    0.9810    1.87 Hz z 0.276 ( 8.00)    2.29 (3.38)    0.676    -14.7     1.76
b/1.9*J_hi*tau6+h10       report   30.5 ( 8.00)     0     21.3 ( 8.00)    0.9807    1.83 Hz z 0.223 ( 8.00)    2.21 (3.38)    0.654    -16.6     2.16
b/1.9*J_hi2               report   31.4 ( 1.00)     0     28.6 ( 8.00)    0.9815    1.54 Hz z 0.232 ( 8.00)    2.29 (3.38)    0.676    -19.3     1.85
b/1.9*J_hi2+h10           report   27.2 ( 1.00)    30     33.1 ( 8.00)    0.9827    1.52 Hz z 0.190 ( 8.00)    2.21 (3.38)    0.654    -21.0     2.18
b/1.9*J_hi2*tau6          report   29.8 ( 1.00)    11     22.6 ( 8.00)    0.9814    1.54 Hz z 0.216 ( 8.00)    2.29 (3.38)    0.676    -19.3     1.98
b/1.9*J_hi2*tau6+h10      report   25.5 ( 1.00)    31     22.5 ( 8.00)    0.9837    1.52 Hz z 0.176 ( 8.00)    2.21 (3.38)    0.654    -20.9     2.35
b/1.9*J1.0                report   29.8 ( 1.00)    10     30.1 ( 8.00)    0.9827    1.41 Hz z 0.213 ( 8.00)    2.29 (3.38)    0.676    -21.2     1.58
b/1.9*J1.0+h10            report   25.9 ( 1.00)    30     34.3 ( 8.00)    0.9855    1.40 Hz z 0.177 ( 8.00)    2.21 (3.38)    0.654    -23.0     1.72
b/1.9*J1.0*tau6           report   28.3 ( 1.00)    16     23.9 ( 8.00)    0.9835    1.42 Hz z 0.200 ( 8.00)    2.29 (3.38)    0.676    -21.1     1.66
b/1.9*J1.0*tau6+h10       report   24.4 ( 1.00)    31     23.1 ( 8.00)    0.9863    1.40 Hz z 0.164 ( 8.00)    2.21 (3.38)    0.654    -23.0     1.80
b_q*J_hi*tau6             report   45.0 ( 1.00)     0     18.1 (26.90)    0.9828    2.36 Hz z 0.323 (26.90)    2.29 (3.38)    0.676    -13.4     1.28
b_q*J_hi*tau6+h10         report   40.5 ( 1.00)     0     16.1 (26.90)    0.9826    2.28 Hz z 0.276 (26.90)    2.21 (3.38)    0.654    -15.8     1.46
b_q*J_hi2                 report   40.7 ( 1.00)     0     23.2 (26.90)    0.9831    1.72 Hz z 0.227 (15.50)    2.29 (3.38)    0.676    -18.0     1.48
b_q*J_hi2+h10             report   36.9 ( 1.00)     0     17.0 (26.90)    0.9829    1.70 Hz z 0.207 (15.50)    2.21 (3.38)    0.654    -20.3     1.77
b_q*J_hi2*tau6            report   39.3 ( 1.00)     0     17.4 (26.90)    0.9830    1.73 Hz z 0.218 (15.50)    2.29 (3.38)    0.676    -18.0     1.58
b_q*J_hi2*tau6+h10        report   35.5 ( 1.00)     0     12.9 (26.90)    0.9828    1.89 Hz z 0.196 (26.90)    2.21 (3.38)    0.654    -20.3     1.91
b_q*J1.0*tau6             report   36.2 (26.90)     0     17.0 (26.90)    0.9833    1.56 Hz z 0.175 (15.50)    2.29 (3.38)    0.676    -20.2     1.81
b_q*J1.0*tau6+h10         report   31.5 (26.90)     0     11.7 (26.90)    0.9847    1.54 Hz z 0.157 (15.50)    2.21 (3.38)    0.654    -22.4     2.21
b_lo*J0.3                 report   44.6 ( 8.00)     0     23.2 ( 8.00)    0.9806    2.34 Hz z 0.387 ( 8.00)    2.29 (3.38)    0.676     -9.6     1.45
b_lo*J0.3+h10             report   40.0 ( 8.00)     0     28.4 ( 8.00)    0.9803    2.24 Hz z 0.319 ( 8.00)    2.21 (3.38)    0.654    -11.8     1.70
J1.3                      report   37.7 ( 1.00)     0     33.6 ( 8.00)    0.9819    1.15 Hz z 0.345 ( 8.00)    2.29 (3.38)    0.676    -24.0     0.76
b_lo*J1.3                 report   28.7 ( 1.00)    13     31.9 ( 8.00)    0.9884    0.92 Hz z 0.198 (11.90)    2.29 (3.38)    0.676    -23.4     1.11
b_q*J1.3                  report   33.1 (26.90)     0     22.4 (26.90)    0.9881    1.41 Hz z 0.134 (15.75)    2.29 (3.38)    0.676    -22.6     1.93
b_q*J1.3+h10              report   28.5 (26.90)    41     12.9 (26.90)    0.9896    1.39 Hz z 0.118 (15.75)    2.21 (3.38)    0.654    -24.8     2.30
tau10                     report   60.4 ( 1.00)     0     16.2 ( 8.00)    0.9815    0.35 Hz z 0.653 (11.90)    2.29 (3.38)    0.676     -7.4     1.06
b_lo*tau10                report   49.5 ( 8.00)     0     13.6 ( 8.00)    0.9802    3.00 Hz z 0.433 ( 8.00)    2.29 (3.38)    0.676     -5.3     1.29
light_b                   report   11.6 (26.90)    82      9.2 (26.90)    0.9827    3.72 Hz z 0.074 (26.90)    2.29 (3.38)    0.676     -0.8     2.25
b_q0                      report   64.9 ( 1.00)     0     24.1 (26.75)    0.9830    3.77 Hz z 0.564 (15.50)    2.29 (3.38)    0.676     -6.7     1.00
b_q0*J_hi                 report   46.7 ( 1.00)     0     23.6 (26.90)    0.9829    2.35 Hz z 0.344 (26.90)    2.29 (3.38)    0.676    -13.5     1.22
bq10*J1.0                 report   38.5 (26.90)     0     22.9 (26.90)    0.9834    1.55 Hz z 0.183 (15.50)    2.29 (3.38)    0.676    -20.1     1.69
bq10*J1.0+h10             report   33.8 (26.90)     0     15.0 (26.90)    0.9840    1.54 Hz z 0.165 (15.50)    2.21 (3.38)    0.654    -22.4     2.04
bq10*J1.0*tau6+h10        report   31.5 (26.90)     0     11.7 (26.90)    0.9847    1.54 Hz z 0.157 (15.50)    2.21 (3.38)    0.654    -22.4     2.21
   UNSTABLE points on ANY member (gated or report): 0 []
======================================================================================================================================================
F1: B0r exactly as the panel fitted it (held-rate D Kd 20, 7 knots)   [29 s, 12600 points]  GATED FAILS (exact periodic): 0
member                    tier  min PM (v)      #<bar  min GM_exact (v)    max rho  least-damped low pole (v)     max M20 (V295)  max L20/V295  max T530 dB  max Tr1.6-3
nominal                   A        64.8 ( 1.00)     0     17.8 ( 8.00)    0.9815    0.34 Hz z 0.660 (11.90)    2.36 (3.38)    0.697     -7.0     0.96
J_lo                      A        65.9 (27.00)     0     16.6 ( 8.00)    0.9834    0.32 Hz z 0.641 (11.90)    2.36 (3.38)    0.697     -5.2     0.87
J_hi                      A        47.0 ( 1.00)     0     21.3 ( 8.00)    0.9759    1.55 Hz z 0.530 ( 8.00)    2.36 (3.38)    0.697    -14.5     1.13
b_lo                      A        55.5 ( 1.00)     0     15.5 ( 8.00)    0.9781    3.14 Hz z 0.506 ( 8.00)    2.36 (3.38)    0.697     -4.9     1.18
b_hi                      A        57.7 (26.90)     0     20.7 ( 8.00)    0.9869    0.32 Hz z 0.556 (11.90)    2.36 (3.38)    0.697     -9.9     0.75
tau0                      A        66.0 ( 1.00)     0     19.6 ( 8.00)    0.9815    0.34 Hz z 0.662 (11.90)    2.36 (3.38)    0.697     -7.2     0.95
tau6                      A        62.5 ( 1.00)     0     15.2 ( 8.00)    0.9816    3.20 Hz z 0.643 ( 8.00)    2.36 (3.38)    0.697     -6.6     1.00
mode13                    A        64.8 ( 1.00)     0     19.7 ( 8.00)    0.9815    0.34 Hz z 0.660 (11.90)    2.36 (3.38)    0.697     -7.2     0.97
mode20                    A        64.8 ( 1.00)     0     18.0 ( 8.00)    0.9815    0.34 Hz z 0.660 (11.90)    2.36 (3.38)    0.697     -7.1     0.96
ms_free                   A        47.6 ( 9.00)     0     19.4 ( 1.00)    0.9901    0.77 Hz z 0.203 (11.90)    2.36 (3.38)    0.697     -9.7     1.13
b_lo*J_hi                 B        37.3 ( 1.00)     0     19.5 ( 8.00)    0.9786    1.84 Hz z 0.324 ( 8.00)    2.36 (3.38)    0.697    -14.0     1.56
b_lo*tau6                 B        52.4 ( 1.00)     0     12.8 ( 8.00)    0.9779    3.21 Hz z 0.458 ( 8.00)    2.36 (3.38)    0.697     -4.5     1.21
J1.0                      B        39.3 ( 1.00)     0     25.5 ( 8.00)    0.9780    1.22 Hz z 0.392 ( 8.00)    2.36 (3.38)    0.697    -21.0     0.89
b_q                       B        64.8 ( 1.00)     0     17.3 (27.00)    0.9815    4.11 Hz z 0.488 (16.00)    2.36 (3.38)    0.697     -5.6     0.96
b_q*J_hi                  B        47.0 ( 1.00)     0     18.0 (27.00)    0.9810    2.52 Hz z 0.296 (17.50)    2.36 (3.38)    0.697    -12.6     1.13
b_q*J1.0                  B        39.2 (15.50)     0     18.7 (27.00)    0.9838    1.64 Hz z 0.158 (15.75)    2.36 (3.38)    0.697    -19.4     1.61
b_q*tau6                  B        62.5 ( 1.00)     0     14.7 (27.00)    0.9816    4.07 Hz z 0.450 (15.25)    2.36 (3.38)    0.697     -5.1     1.00
nominal+h10               B        59.1 ( 1.00)     0     12.4 ( 8.00)    0.9816    3.24 Hz z 0.583 ( 8.00)    2.36 (3.38)    0.697     -6.2     1.05
J_lo+h10                  B        63.8 (27.00)     0     11.5 ( 8.00)    0.9835    4.96 Hz z 0.545 ( 8.00)    2.36 (3.38)    0.697     -3.7     0.93
J_hi+h10                  B        42.6 ( 1.00)     0     15.4 ( 8.00)    0.9761    1.63 Hz z 0.472 ( 8.00)    2.36 (3.38)    0.697    -14.4     1.26
b_lo+h10                  B        47.8 ( 1.00)     0      9.9 ( 8.00)    0.9777    3.25 Hz z 0.388 ( 8.00)    2.36 (3.38)    0.697     -4.1     1.28
b_hi+h10                  B        55.9 (27.00)     0     15.5 ( 8.00)    0.9870    0.40 Hz z 0.546 (26.90)    2.36 (3.38)    0.697     -9.2     0.80
tau0+h10                  B        60.2 ( 1.00)     0     13.2 ( 8.00)    0.9816    3.23 Hz z 0.603 ( 8.00)    2.36 (3.38)    0.697     -6.3     1.03
tau6+h10                  B        56.8 ( 1.00)     0     11.1 ( 8.00)    0.9817    3.23 Hz z 0.544 ( 8.00)    2.36 (3.38)    0.697     -6.0     1.09
mode13+h10                B        59.0 ( 1.00)     0     12.7 ( 8.00)    0.9816    3.26 Hz z 0.569 ( 8.00)    2.36 (3.38)    0.697     -6.5     1.05
mode20+h10                B        59.0 ( 1.00)     0     12.5 ( 8.00)    0.9816    3.25 Hz z 0.577 ( 8.00)    2.36 (3.38)    0.697     -6.3     1.05
ms_free+h10               B        43.6 ( 9.00)     0     14.0 ( 1.00)    0.9906    0.77 Hz z 0.193 (11.90)    2.36 (3.38)    0.697     -9.2     1.26
b_lo*J_hi+h10             B        32.1 ( 1.00)     0     13.0 ( 8.00)    0.9783    1.88 Hz z 0.268 ( 8.00)    2.36 (3.38)    0.697    -14.0     1.82
b_lo*tau6+h10             B        44.2 ( 8.00)     0      8.5 ( 8.00)    0.9776    3.24 Hz z 0.344 ( 8.00)    2.36 (3.38)    0.697     -4.0     1.33
J1.0+h10                  B        36.1 ( 1.00)     0     19.0 ( 8.00)    0.9792    1.24 Hz z 0.358 ( 8.00)    2.36 (3.38)    0.697    -21.0     0.97
b_q+h10                   B        59.1 ( 1.00)     0     11.9 (27.00)    0.9816    4.01 Hz z 0.393 (14.50)    2.36 (3.38)    0.697     -4.4     1.05
b_q*J_hi+h10              B        42.6 ( 1.00)     0     11.9 (27.00)    0.9807    2.55 Hz z 0.252 (17.50)    2.36 (3.38)    0.697    -12.6     1.26
b_q*J1.0+h10              B        33.6 (15.75)     0     11.6 (27.00)    0.9861    1.80 Hz z 0.133 (17.50)    2.36 (3.38)    0.697    -19.4     1.92
b_q*tau6+h10              B        56.8 ( 1.00)     0     10.5 (13.75)    0.9817    3.97 Hz z 0.357 (14.25)    2.36 (3.38)    0.697     -4.0     1.09
J_hi*tau6                 report   45.2 ( 1.00)     0     18.5 ( 8.00)    0.9760    1.59 Hz z 0.508 ( 8.00)    2.36 (3.38)    0.697    -14.4     1.18
J_hi*tau6+h10             report   40.9 ( 1.00)     0     13.8 ( 8.00)    0.9762    1.66 Hz z 0.447 ( 8.00)    2.36 (3.38)    0.697    -14.4     1.32
J_hi2                     report   41.0 ( 1.00)     0     24.0 ( 8.00)    0.9760    1.32 Hz z 0.421 ( 8.00)    2.36 (3.38)    0.697    -18.9     1.04
J_hi2+h10                 report   37.5 ( 1.00)     0     17.7 ( 8.00)    0.9761    1.35 Hz z 0.381 ( 8.00)    2.36 (3.38)    0.697    -18.9     1.15
J_hi2*tau6                report   39.6 ( 1.00)     0     21.0 ( 8.00)    0.9760    1.34 Hz z 0.405 ( 8.00)    2.36 (3.38)    0.697    -18.9     1.08
J_hi2*tau6+h10            report   36.1 ( 1.00)     0     16.0 ( 8.00)    0.9761    1.36 Hz z 0.365 ( 8.00)    2.36 (3.38)    0.697    -18.9     1.20
J1.0*tau6                 report   38.0 ( 1.00)     0     22.4 ( 8.00)    0.9785    1.23 Hz z 0.378 ( 8.00)    2.36 (3.38)    0.697    -20.9     0.92
J1.0*tau6+h10             report   34.8 ( 1.00)     0     17.2 ( 8.00)    0.9798    1.25 Hz z 0.344 ( 8.00)    2.36 (3.38)    0.697    -21.0     1.00
b_lo*J_hi*tau6            report   35.2 ( 1.00)     0     16.4 ( 8.00)    0.9785    1.86 Hz z 0.302 ( 8.00)    2.36 (3.38)    0.697    -14.0     1.65
b_lo*J_hi*tau6+h10        report   30.1 ( 1.00)     0     11.2 ( 8.00)    0.9781    1.89 Hz z 0.246 ( 8.00)    2.36 (3.38)    0.697    -14.0     1.95
b_lo*J_hi2                report   31.6 ( 1.00)     0     22.2 ( 8.00)    0.9792    1.51 Hz z 0.253 ( 8.00)    2.36 (3.38)    0.697    -18.6     1.65
b_lo*J_hi2+h10            report   27.4 ( 1.00)    23     15.2 ( 8.00)    0.9808    1.53 Hz z 0.214 ( 8.00)    2.36 (3.38)    0.697    -18.6     1.96
b_lo*J_hi2*tau6           report   29.9 ( 1.00)    10     19.0 ( 8.00)    0.9792    1.52 Hz z 0.238 ( 8.00)    2.36 (3.38)    0.697    -18.6     1.76
b_lo*J_hi2*tau6+h10       report   25.8 ( 1.00)    30     13.1 ( 8.00)    0.9818    1.53 Hz z 0.199 ( 8.00)    2.36 (3.38)    0.697    -18.7     2.12
b_lo*J1.0                 report   30.0 ( 1.00)     0     23.7 ( 8.00)    0.9821    1.39 Hz z 0.232 ( 8.00)    2.36 (3.38)    0.697    -20.5     1.40
b_lo*J1.0+h10             report   26.3 ( 1.00)    30     16.4 ( 8.00)    0.9841    1.40 Hz z 0.200 ( 8.00)    2.36 (3.38)    0.697    -20.5     1.59
b_lo*J1.0*tau6            report   28.5 ( 1.00)    13     20.4 ( 8.00)    0.9829    1.39 Hz z 0.219 ( 8.00)    2.36 (3.38)    0.697    -20.5     1.47
b_lo*J1.0*tau6+h10        report   24.8 ( 1.00)    30     14.2 ( 8.00)    0.9850    1.40 Hz z 0.186 ( 8.00)    2.36 (3.38)    0.697    -20.5     1.67
b/1.9                     report   55.5 ( 1.00)     0     15.5 ( 8.00)    0.9785    3.14 Hz z 0.506 ( 8.00)    2.36 (3.38)    0.697     -4.9     1.18
b/1.9+h10                 report   47.8 ( 1.00)     0      9.9 ( 8.00)    0.9781    3.25 Hz z 0.388 ( 8.00)    2.36 (3.38)    0.697     -4.1     1.28
b/1.9*tau6                report   52.4 ( 1.00)     0     12.7 ( 8.00)    0.9783    3.21 Hz z 0.458 ( 8.00)    2.36 (3.38)    0.697     -4.5     1.21
b/1.9*tau6+h10            report   44.2 ( 8.00)     0      8.4 ( 8.00)    0.9780    3.24 Hz z 0.344 ( 8.00)    2.36 (3.38)    0.697     -4.0     1.33
b/1.9*J_hi                report   37.3 ( 1.00)     0     19.5 ( 8.00)    0.9789    1.84 Hz z 0.324 ( 8.00)    2.36 (3.38)    0.697    -14.0     1.56
b/1.9*J_hi+h10            report   32.1 ( 1.00)     0     13.0 ( 8.00)    0.9786    1.88 Hz z 0.268 ( 8.00)    2.36 (3.38)    0.697    -14.0     1.82
b/1.9*J_hi*tau6           report   35.2 ( 1.00)     0     16.4 ( 8.00)    0.9788    1.86 Hz z 0.302 ( 8.00)    2.36 (3.38)    0.697    -14.0     1.65
b/1.9*J_hi*tau6+h10       report   30.1 ( 1.00)     0     11.2 ( 8.00)    0.9784    1.89 Hz z 0.246 ( 8.00)    2.36 (3.38)    0.697    -14.0     1.95
b/1.9*J_hi2               report   31.6 ( 1.00)     0     22.2 ( 8.00)    0.9795    1.51 Hz z 0.253 ( 8.00)    2.36 (3.38)    0.697    -18.6     1.65
b/1.9*J_hi2+h10           report   27.4 ( 1.00)    23     15.2 ( 8.00)    0.9808    1.53 Hz z 0.214 ( 8.00)    2.36 (3.38)    0.697    -18.5     1.96
b/1.9*J_hi2*tau6          report   29.9 ( 1.00)    10     19.0 ( 8.00)    0.9794    1.52 Hz z 0.238 ( 8.00)    2.36 (3.38)    0.697    -18.6     1.76
b/1.9*J_hi2*tau6+h10      report   25.8 ( 1.00)    30     13.1 ( 8.00)    0.9818    1.53 Hz z 0.199 ( 8.00)    2.36 (3.38)    0.697    -18.6     2.12
b/1.9*J1.0                report   30.0 ( 1.00)     0     23.7 ( 8.00)    0.9821    1.39 Hz z 0.232 ( 8.00)    2.36 (3.38)    0.697    -20.4     1.40
b/1.9*J1.0+h10            report   26.3 ( 1.00)    30     16.4 ( 8.00)    0.9841    1.40 Hz z 0.200 ( 8.00)    2.36 (3.38)    0.697    -20.4     1.59
b/1.9*J1.0*tau6           report   28.5 ( 1.00)    13     20.4 ( 8.00)    0.9829    1.39 Hz z 0.219 ( 8.00)    2.36 (3.38)    0.697    -20.3     1.47
b/1.9*J1.0*tau6+h10       report   24.8 ( 1.00)    30     14.2 ( 8.00)    0.9850    1.40 Hz z 0.186 ( 8.00)    2.36 (3.38)    0.697    -20.4     1.67
b_q*J_hi*tau6             report   45.2 ( 1.00)     0     15.0 (27.00)    0.9809    2.54 Hz z 0.279 (17.50)    2.36 (3.38)    0.697    -12.5     1.18
b_q*J_hi*tau6+h10         report   40.9 ( 1.00)     0     10.3 (27.00)    0.9806    2.56 Hz z 0.235 (17.50)    2.36 (3.38)    0.697    -12.6     1.34
b_q*J_hi2                 report   41.0 ( 1.00)     0     18.5 (27.00)    0.9813    1.99 Hz z 0.198 (17.50)    2.36 (3.38)    0.697    -17.2     1.41
b_q*J_hi2+h10             report   37.5 ( 1.00)     0     11.7 (27.00)    0.9810    2.00 Hz z 0.168 (17.50)    2.36 (3.38)    0.697    -17.3     1.68
b_q*J_hi2*tau6            report   39.6 ( 1.00)     0     15.1 (27.00)    0.9812    2.00 Hz z 0.186 (17.50)    2.36 (3.38)    0.697    -17.2     1.51
b_q*J_hi2*tau6+h10        report   36.1 ( 1.00)     0     10.0 (27.00)    0.9815    2.00 Hz z 0.155 (17.50)    2.36 (3.38)    0.697    -17.3     1.82
b_q*J1.0*tau6             report   36.9 (15.50)     0     15.2 (27.00)    0.9847    1.80 Hz z 0.148 (17.50)    2.36 (3.38)    0.697    -19.4     1.72
b_q*J1.0*tau6+h10         report   31.3 (15.75)     0      9.7 (27.00)    0.9871    1.80 Hz z 0.122 (17.50)    2.36 (3.38)    0.697    -19.5     2.08
b_lo*J0.3                 report   44.3 ( 1.00)     0     16.7 ( 8.00)    0.9782    2.39 Hz z 0.415 ( 8.00)    2.36 (3.38)    0.697     -8.7     1.42
b_lo*J0.3+h10             report   37.6 ( 1.00)     0     10.7 ( 8.00)    0.9779    2.48 Hz z 0.327 ( 8.00)    2.36 (3.38)    0.697     -8.5     1.60
J1.3                      report   38.0 ( 1.00)     0     27.2 ( 8.00)    0.9816    1.12 Hz z 0.370 ( 8.00)    2.36 (3.38)    0.697    -23.4     0.69
b_lo*J1.3                 report   29.0 ( 1.00)    12     25.6 ( 8.00)    0.9882    0.93 Hz z 0.200 (11.90)    2.36 (3.38)    0.697    -22.7     1.00
b_q*J1.3                  report   29.1 (15.75)     5     18.8 (27.00)    0.9897    1.46 Hz z 0.112 (15.75)    2.36 (3.38)    0.697    -21.9     2.10
b_q*J1.3+h10              report   24.0 (15.75)    84     11.2 (27.00)    0.9915    1.46 Hz z 0.092 (15.75)    2.36 (3.38)    0.697    -21.9     2.62
tau10                     report   60.2 ( 1.00)     0     13.2 ( 8.00)    0.9816    3.23 Hz z 0.603 ( 8.00)    2.36 (3.38)    0.697     -6.3     1.03
b_lo*tau10                report   49.3 ( 1.00)     0     10.7 ( 8.00)    0.9778    3.24 Hz z 0.411 ( 8.00)    2.36 (3.38)    0.697     -4.2     1.26
light_b                   report    9.1 (27.00)   107      4.8 (27.00)    0.9857    3.81 Hz z 0.060 (27.00)    2.36 (3.38)    0.697     +0.7     2.10
b_q0                      report   64.8 ( 1.00)     0     17.3 (12.50)    0.9815    4.11 Hz z 0.488 (16.00)    2.36 (3.38)    0.697     -5.5     0.96
b_q0*J_hi                 report   47.0 ( 1.00)     0     18.0 (27.00)    0.9810    2.52 Hz z 0.296 (17.50)    2.36 (3.38)    0.697    -12.6     1.13
bq10*J1.0                 report   39.2 (15.50)     0     18.7 (27.00)    0.9838    1.64 Hz z 0.158 (15.75)    2.36 (3.38)    0.697    -19.4     1.61
bq10*J1.0+h10             report   33.6 (15.75)     0     11.5 (27.00)    0.9861    1.80 Hz z 0.133 (17.50)    2.36 (3.38)    0.697    -19.4     1.92
bq10*J1.0*tau6+h10        report   31.3 (15.75)     0      9.7 (27.00)    0.9871    1.80 Hz z 0.122 (17.50)    2.36 (3.38)    0.697    -19.5     2.08
   UNSTABLE points on ANY member (gated or report): 0 []
======================================================================================================================================================
F2: held-rate D Kd 20, 6-knot refit under B0r's envelope (no 15.5 m/s knot): -6 B   [30 s, 12600 points]  GATED FAILS (exact periodic): 0
member                    tier  min PM (v)      #<bar  min GM_exact (v)    max rho  least-damped low pole (v)     max M20 (V295)  max L20/V295  max T530 dB  max Tr1.6-3
nominal                   A        64.8 ( 1.00)     0     17.8 ( 8.00)    0.9815    0.34 Hz z 0.660 (11.90)    2.36 (3.38)    0.697     -7.0     0.96
J_lo                      A        65.9 (27.00)     0     16.6 ( 8.00)    0.9834    0.32 Hz z 0.641 (11.90)    2.36 (3.38)    0.697     -5.2     0.87
J_hi                      A        47.0 ( 1.00)     0     21.3 ( 8.00)    0.9759    1.55 Hz z 0.530 ( 8.00)    2.36 (3.38)    0.697    -14.5     1.13
b_lo                      A        55.5 ( 1.00)     0     15.5 ( 8.00)    0.9783    3.14 Hz z 0.506 ( 8.00)    2.36 (3.38)    0.697     -4.9     1.18
b_hi                      A        57.7 (26.90)     0     20.7 ( 8.00)    0.9869    0.32 Hz z 0.556 (11.90)    2.36 (3.38)    0.697     -9.9     0.75
tau0                      A        66.0 ( 1.00)     0     19.6 ( 8.00)    0.9815    0.34 Hz z 0.662 (11.90)    2.36 (3.38)    0.697     -7.2     0.95
tau6                      A        62.5 ( 1.00)     0     15.2 ( 8.00)    0.9816    3.20 Hz z 0.643 ( 8.00)    2.36 (3.38)    0.697     -6.6     1.00
mode13                    A        64.8 ( 1.00)     0     19.7 ( 8.00)    0.9815    0.34 Hz z 0.660 (11.90)    2.36 (3.38)    0.697     -7.2     0.97
mode20                    A        64.8 ( 1.00)     0     18.0 ( 8.00)    0.9815    0.34 Hz z 0.660 (11.90)    2.36 (3.38)    0.697     -7.1     0.96
ms_free                   A        47.6 ( 9.00)     0     19.4 ( 1.00)    0.9901    0.77 Hz z 0.203 (11.90)    2.36 (3.38)    0.697     -9.7     1.13
b_lo*J_hi                 B        37.3 ( 1.00)     0     19.5 ( 8.00)    0.9788    1.84 Hz z 0.324 ( 8.00)    2.36 (3.38)    0.697    -14.0     1.56
b_lo*tau6                 B        52.4 ( 1.00)     0     12.8 ( 8.00)    0.9782    3.21 Hz z 0.458 ( 8.00)    2.36 (3.38)    0.697     -4.5     1.21
J1.0                      B        39.3 ( 1.00)     0     25.5 ( 8.00)    0.9780    1.22 Hz z 0.392 ( 8.00)    2.36 (3.38)    0.697    -21.0     0.89
b_q                       B        64.8 ( 1.00)     0     17.3 (27.00)    0.9815    4.07 Hz z 0.488 (15.75)    2.36 (3.38)    0.697     -5.6     0.96
b_q*J_hi                  B        47.0 ( 1.00)     0     18.0 (27.00)    0.9811    2.51 Hz z 0.301 (17.50)    2.36 (3.38)    0.697    -12.6     1.13
b_q*J1.0                  B        39.0 (15.50)     0     18.7 (27.00)    0.9838    1.64 Hz z 0.158 (15.75)    2.36 (3.38)    0.697    -19.4     1.61
b_q*tau6                  B        62.5 ( 1.00)     0     14.7 (27.00)    0.9816    4.07 Hz z 0.450 (15.25)    2.36 (3.38)    0.697     -5.1     1.00
nominal+h10               B        59.1 ( 1.00)     0     12.4 ( 8.00)    0.9816    3.24 Hz z 0.583 ( 8.00)    2.36 (3.38)    0.697     -6.2     1.05
J_lo+h10                  B        63.8 (27.00)     0     11.5 ( 8.00)    0.9835    4.96 Hz z 0.545 ( 8.00)    2.36 (3.38)    0.697     -3.7     0.93
J_hi+h10                  B        42.6 ( 1.00)     0     15.4 ( 8.00)    0.9761    1.63 Hz z 0.472 ( 8.00)    2.36 (3.38)    0.697    -14.4     1.26
b_lo+h10                  B        47.8 ( 1.00)     0      9.9 ( 8.00)    0.9779    3.25 Hz z 0.388 ( 8.00)    2.36 (3.38)    0.697     -4.1     1.28
b_hi+h10                  B        55.9 (27.00)     0     15.5 ( 8.00)    0.9870    0.40 Hz z 0.546 (26.90)    2.36 (3.38)    0.697     -9.2     0.80
tau0+h10                  B        60.2 ( 1.00)     0     13.2 ( 8.00)    0.9816    3.23 Hz z 0.603 ( 8.00)    2.36 (3.38)    0.697     -6.3     1.03
tau6+h10                  B        56.8 ( 1.00)     0     11.1 ( 8.00)    0.9817    3.23 Hz z 0.544 ( 8.00)    2.36 (3.38)    0.697     -6.0     1.09
mode13+h10                B        59.0 ( 1.00)     0     12.7 ( 8.00)    0.9816    3.26 Hz z 0.569 ( 8.00)    2.36 (3.38)    0.697     -6.5     1.05
mode20+h10                B        59.0 ( 1.00)     0     12.5 ( 8.00)    0.9816    3.25 Hz z 0.577 ( 8.00)    2.36 (3.38)    0.697     -6.3     1.05
ms_free+h10               B        43.6 ( 9.00)     0     14.0 ( 1.00)    0.9906    0.77 Hz z 0.193 (11.90)    2.36 (3.38)    0.697     -9.2     1.26
b_lo*J_hi+h10             B        32.1 ( 1.00)     0     13.0 ( 8.00)    0.9785    1.88 Hz z 0.268 ( 8.00)    2.36 (3.38)    0.697    -14.0     1.82
b_lo*tau6+h10             B        44.2 ( 8.00)     0      8.5 ( 8.00)    0.9778    3.24 Hz z 0.344 ( 8.00)    2.36 (3.38)    0.697     -4.0     1.33
J1.0+h10                  B        36.1 ( 1.00)     0     19.0 ( 8.00)    0.9792    1.24 Hz z 0.358 ( 8.00)    2.36 (3.38)    0.697    -21.0     0.97
b_q+h10                   B        59.1 ( 1.00)     0     11.9 (27.00)    0.9816    4.01 Hz z 0.393 (14.50)    2.36 (3.38)    0.697     -4.4     1.05
b_q*J_hi+h10              B        42.6 ( 1.00)     0     11.9 (27.00)    0.9809    2.55 Hz z 0.258 (17.50)    2.36 (3.38)    0.697    -12.6     1.26
b_q*J1.0+h10              B        33.4 (15.50)     0     11.6 (27.00)    0.9862    1.65 Hz z 0.135 (15.75)    2.36 (3.38)    0.697    -19.4     1.92
b_q*tau6+h10              B        56.8 ( 1.00)     0     10.5 (13.75)    0.9817    4.01 Hz z 0.357 (14.50)    2.36 (3.38)    0.697     -4.0     1.09
J_hi*tau6                 report   45.2 ( 1.00)     0     18.5 ( 8.00)    0.9760    1.59 Hz z 0.508 ( 8.00)    2.36 (3.38)    0.697    -14.4     1.18
J_hi*tau6+h10             report   40.9 ( 1.00)     0     13.8 ( 8.00)    0.9762    1.66 Hz z 0.447 ( 8.00)    2.36 (3.38)    0.697    -14.4     1.32
J_hi2                     report   41.0 ( 1.00)     0     24.0 ( 8.00)    0.9760    1.32 Hz z 0.421 ( 8.00)    2.36 (3.38)    0.697    -18.9     1.04
J_hi2+h10                 report   37.5 ( 1.00)     0     17.7 ( 8.00)    0.9761    1.35 Hz z 0.381 ( 8.00)    2.36 (3.38)    0.697    -18.9     1.15
J_hi2*tau6                report   39.6 ( 1.00)     0     21.0 ( 8.00)    0.9760    1.34 Hz z 0.405 ( 8.00)    2.36 (3.38)    0.697    -18.9     1.08
J_hi2*tau6+h10            report   36.1 ( 1.00)     0     16.0 ( 8.00)    0.9761    1.36 Hz z 0.365 ( 8.00)    2.36 (3.38)    0.697    -18.9     1.20
J1.0*tau6                 report   38.0 ( 1.00)     0     22.4 ( 8.00)    0.9785    1.23 Hz z 0.378 ( 8.00)    2.36 (3.38)    0.697    -20.9     0.92
J1.0*tau6+h10             report   34.8 ( 1.00)     0     17.2 ( 8.00)    0.9798    1.25 Hz z 0.344 ( 8.00)    2.36 (3.38)    0.697    -21.0     1.00
b_lo*J_hi*tau6            report   35.2 ( 1.00)     0     16.4 ( 8.00)    0.9787    1.86 Hz z 0.302 ( 8.00)    2.36 (3.38)    0.697    -14.0     1.65
b_lo*J_hi*tau6+h10        report   30.1 ( 1.00)     0     11.2 ( 8.00)    0.9783    1.89 Hz z 0.246 ( 8.00)    2.36 (3.38)    0.697    -14.0     1.95
b_lo*J_hi2                report   31.6 ( 1.00)     0     22.2 ( 8.00)    0.9794    1.51 Hz z 0.253 ( 8.00)    2.36 (3.38)    0.697    -18.6     1.65
b_lo*J_hi2+h10            report   27.4 ( 1.00)    23     15.2 ( 8.00)    0.9808    1.53 Hz z 0.214 ( 8.00)    2.36 (3.38)    0.697    -18.6     1.96
b_lo*J_hi2*tau6           report   29.9 ( 1.00)    10     19.0 ( 8.00)    0.9793    1.52 Hz z 0.238 ( 8.00)    2.36 (3.38)    0.697    -18.6     1.76
b_lo*J_hi2*tau6+h10       report   25.8 ( 1.00)    30     13.1 ( 8.00)    0.9818    1.53 Hz z 0.199 ( 8.00)    2.36 (3.38)    0.697    -18.7     2.12
b_lo*J1.0                 report   30.0 ( 1.00)     0     23.7 ( 8.00)    0.9821    1.39 Hz z 0.232 ( 8.00)    2.36 (3.38)    0.697    -20.5     1.40
b_lo*J1.0+h10             report   26.3 ( 1.00)    30     16.4 ( 8.00)    0.9841    1.40 Hz z 0.200 ( 8.00)    2.36 (3.38)    0.697    -20.5     1.59
b_lo*J1.0*tau6            report   28.5 ( 1.00)    13     20.4 ( 8.00)    0.9829    1.39 Hz z 0.219 ( 8.00)    2.36 (3.38)    0.697    -20.5     1.47
b_lo*J1.0*tau6+h10        report   24.8 ( 1.00)    30     14.2 ( 8.00)    0.9850    1.40 Hz z 0.186 ( 8.00)    2.36 (3.38)    0.697    -20.5     1.67
b/1.9                     report   55.5 ( 1.00)     0     15.5 ( 8.00)    0.9787    3.14 Hz z 0.506 ( 8.00)    2.36 (3.38)    0.697     -4.9     1.18
b/1.9+h10                 report   47.8 ( 1.00)     0      9.9 ( 8.00)    0.9783    3.25 Hz z 0.388 ( 8.00)    2.36 (3.38)    0.697     -4.1     1.28
b/1.9*tau6                report   52.4 ( 1.00)     0     12.7 ( 8.00)    0.9785    3.21 Hz z 0.458 ( 8.00)    2.36 (3.38)    0.697     -4.5     1.21
b/1.9*tau6+h10            report   44.2 ( 8.00)     0      8.4 ( 8.00)    0.9782    3.24 Hz z 0.344 ( 8.00)    2.36 (3.38)    0.697     -4.0     1.33
b/1.9*J_hi                report   37.3 ( 1.00)     0     19.5 ( 8.00)    0.9791    1.84 Hz z 0.324 ( 8.00)    2.36 (3.38)    0.697    -14.0     1.56
b/1.9*J_hi+h10            report   32.1 ( 1.00)     0     13.0 ( 8.00)    0.9788    1.88 Hz z 0.268 ( 8.00)    2.36 (3.38)    0.697    -14.0     1.82
b/1.9*J_hi*tau6           report   35.2 ( 1.00)     0     16.4 ( 8.00)    0.9790    1.86 Hz z 0.302 ( 8.00)    2.36 (3.38)    0.697    -14.0     1.65
b/1.9*J_hi*tau6+h10       report   30.1 ( 1.00)     0     11.2 ( 8.00)    0.9786    1.89 Hz z 0.246 ( 8.00)    2.36 (3.38)    0.697    -14.0     1.95
b/1.9*J_hi2               report   31.6 ( 1.00)     0     22.2 ( 8.00)    0.9797    1.51 Hz z 0.253 ( 8.00)    2.36 (3.38)    0.697    -18.6     1.65
b/1.9*J_hi2+h10           report   27.4 ( 1.00)    23     15.2 ( 8.00)    0.9808    1.53 Hz z 0.214 ( 8.00)    2.36 (3.38)    0.697    -18.5     1.96
b/1.9*J_hi2*tau6          report   29.9 ( 1.00)    10     19.0 ( 8.00)    0.9795    1.52 Hz z 0.238 ( 8.00)    2.36 (3.38)    0.697    -18.6     1.76
b/1.9*J_hi2*tau6+h10      report   25.8 ( 1.00)    30     13.1 ( 8.00)    0.9818    1.53 Hz z 0.199 ( 8.00)    2.36 (3.38)    0.697    -18.6     2.12
b/1.9*J1.0                report   30.0 ( 1.00)     0     23.7 ( 8.00)    0.9821    1.39 Hz z 0.232 ( 8.00)    2.36 (3.38)    0.697    -20.4     1.40
b/1.9*J1.0+h10            report   26.3 ( 1.00)    30     16.4 ( 8.00)    0.9841    1.40 Hz z 0.200 ( 8.00)    2.36 (3.38)    0.697    -20.4     1.59
b/1.9*J1.0*tau6           report   28.5 ( 1.00)    13     20.4 ( 8.00)    0.9829    1.39 Hz z 0.219 ( 8.00)    2.36 (3.38)    0.697    -20.3     1.47
b/1.9*J1.0*tau6+h10       report   24.8 ( 1.00)    30     14.2 ( 8.00)    0.9850    1.40 Hz z 0.186 ( 8.00)    2.36 (3.38)    0.697    -20.4     1.67
b_q*J_hi*tau6             report   45.2 ( 1.00)     0     15.0 (27.00)    0.9810    2.53 Hz z 0.284 (17.50)    2.36 (3.38)    0.697    -12.5     1.18
b_q*J_hi*tau6+h10         report   40.9 ( 1.00)     0     10.3 (27.00)    0.9808    2.55 Hz z 0.240 (17.50)    2.36 (3.38)    0.697    -12.6     1.34
b_q*J_hi2                 report   41.0 ( 1.00)     0     18.5 (27.00)    0.9814    1.79 Hz z 0.200 (15.50)    2.36 (3.38)    0.697    -17.2     1.41
b_q*J_hi2+h10             report   37.5 ( 1.00)     0     11.7 (27.00)    0.9812    2.00 Hz z 0.172 (17.50)    2.36 (3.38)    0.697    -17.3     1.68
b_q*J_hi2*tau6            report   39.6 ( 1.00)     0     15.1 (27.00)    0.9813    1.80 Hz z 0.189 (15.50)    2.36 (3.38)    0.697    -17.2     1.51
b_q*J_hi2*tau6+h10        report   36.1 ( 1.00)     0     10.0 (27.00)    0.9816    2.00 Hz z 0.160 (17.50)    2.36 (3.38)    0.697    -17.3     1.82
b_q*J1.0*tau6             report   36.8 (15.50)     0     15.2 (27.00)    0.9847    1.65 Hz z 0.149 (15.75)    2.36 (3.38)    0.697    -19.4     1.72
b_q*J1.0*tau6+h10         report   31.2 (15.50)     0      9.7 (27.00)    0.9871    1.65 Hz z 0.125 (15.75)    2.36 (3.38)    0.697    -19.5     2.08
b_lo*J0.3                 report   44.3 ( 1.00)     0     16.7 ( 8.00)    0.9784    2.39 Hz z 0.415 ( 8.00)    2.36 (3.38)    0.697     -8.7     1.42
b_lo*J0.3+h10             report   37.6 ( 1.00)     0     10.7 ( 8.00)    0.9781    2.48 Hz z 0.327 ( 8.00)    2.36 (3.38)    0.697     -8.5     1.60
J1.3                      report   38.0 ( 1.00)     0     27.2 ( 8.00)    0.9816    1.12 Hz z 0.370 ( 8.00)    2.36 (3.38)    0.697    -23.4     0.69
b_lo*J1.3                 report   29.0 ( 1.00)    12     25.6 ( 8.00)    0.9882    0.93 Hz z 0.200 (11.90)    2.36 (3.38)    0.697    -22.7     1.00
b_q*J1.3                  report   29.1 (15.75)     3     18.8 (27.00)    0.9897    1.46 Hz z 0.112 (15.75)    2.36 (3.38)    0.697    -21.9     2.01
b_q*J1.3+h10              report   24.0 (15.75)    84     11.2 (27.00)    0.9915    1.46 Hz z 0.092 (15.75)    2.36 (3.38)    0.697    -21.9     2.48
tau10                     report   60.2 ( 1.00)     0     13.2 ( 8.00)    0.9816    3.23 Hz z 0.603 ( 8.00)    2.36 (3.38)    0.697     -6.3     1.03
b_lo*tau10                report   49.3 ( 1.00)     0     10.7 ( 8.00)    0.9780    3.24 Hz z 0.411 ( 8.00)    2.36 (3.38)    0.697     -4.2     1.26
light_b                   report    9.1 (27.00)   107      4.8 (27.00)    0.9857    3.81 Hz z 0.060 (27.00)    2.36 (3.38)    0.697     +0.7     2.10
b_q0                      report   64.8 ( 1.00)     0     17.3 (12.50)    0.9815    4.07 Hz z 0.488 (15.75)    2.36 (3.38)    0.697     -5.5     0.96
b_q0*J_hi                 report   47.0 ( 1.00)     0     18.0 (27.00)    0.9811    2.51 Hz z 0.301 (17.50)    2.36 (3.38)    0.697    -12.6     1.13
bq10*J1.0                 report   39.0 (15.50)     0     18.7 (27.00)    0.9838    1.64 Hz z 0.158 (15.75)    2.36 (3.38)    0.697    -19.4     1.61
bq10*J1.0+h10             report   33.4 (15.50)     0     11.5 (27.00)    0.9862    1.65 Hz z 0.135 (15.75)    2.36 (3.38)    0.697    -19.4     1.92
bq10*J1.0*tau6+h10        report   31.2 (15.50)     0      9.7 (27.00)    0.9871    1.65 Hz z 0.125 (15.75)    2.36 (3.38)    0.697    -19.5     2.08
   UNSTABLE points on ANY member (gated or report): 0 []
