V294  age  0            +1.33   +0.67   +0.05   -0.25   -0.36   -0.42   -0.44   -0.41
V295  age  0            +2.46   +1.24   +0.09   -0.47   -0.66   -0.77   -0.82   -0.76
V282  age  0           +17.98  +10.06   +1.82   -3.50   -5.88   -7.52   -8.87   -9.05
P1    age  0 worst      -0.57   -0.44   -0.39   -0.37   -0.36   -0.35   -0.34   -0.31   at v 27 27 27 27 27 27 27 27
             x V295      nan     nan     nan    0.79    0.54    0.46    0.41    0.41
V294  age 10            +0.91   +0.05   -0.63   -0.81   -0.78   -0.68   -0.48   -0.13
V295  age 10            +1.69   +0.08   -1.17   -1.50   -1.44   -1.26   -0.89   -0.25
V282  age 10            +9.93   -0.83  -10.80  -15.03  -15.41  -14.34  -10.95   -3.63
P1    age 10 worst      -0.74   -0.42   -0.23   -0.15   -0.14   -0.15   -0.20   -0.24   at v 27 27 27 27 27 11.75 11.75 11.75
             x V295      nan     nan    0.19    0.10    0.09    0.12    0.22    0.96
P2    age  0 worst      -0.57   -0.44   -0.39   -0.37   -0.36   -0.35   -0.34   -0.31   at v 27 27 27 27 27 27 27 27
             x V295      nan     nan     nan    0.79    0.54    0.46    0.41    0.41
P2    age 10 worst      -0.74   -0.42   -0.23   -0.15   -0.14   -0.15   -0.20   -0.24   at v 27 27 27 27 27 11.75 11.75 11.75
             x V295      nan     nan    0.19    0.10    0.09    0.12    0.22    0.96
P5    age  0 worst      -0.57   -0.44   -0.39   -0.37   -0.36   -0.35   -0.34   -0.31   at v 27 27 27 27 27 27 27 27
             x V295      nan     nan     nan    0.79    0.54    0.46    0.41    0.41
P5    age 10 worst      -0.74   -0.43   -0.23   -0.15   -0.14   -0.15   -0.20   -0.24   at v 27 27 27 27 27 11.75 11.75 11.75
             x V295      nan     nan    0.19    0.10    0.09    0.12    0.22    0.96
F1    age  0 worst      -0.84   -0.84   -0.86   -0.84   -0.81   -0.77   -0.69   -0.55   at v 27 27 27 27 27 27 27 27
             x V295      nan     nan     nan    1.78    1.21    0.99    0.84    0.73
F1    age 10 worst      -1.68   -1.62   -1.47   -1.20   -1.00   -0.80   -0.52   -0.10   at v 27 27 27 27 27 11.75 11.75 11.75
             x V295      nan     nan    1.25    0.80    0.69    0.63    0.58    0.39
F2    age  0 worst      -0.84   -0.84   -0.86   -0.84   -0.81   -0.77   -0.69   -0.55   at v 27 27 27 27 27 27 27 27
             x V295      nan     nan     nan    1.78    1.21    0.99    0.84    0.73
F2    age 10 worst      -1.68   -1.62   -1.47   -1.20   -1.00   -0.80   -0.52   -0.10   at v 27 27 27 27 27 11.75 11.75 11.75
             x V295      nan     nan    1.25    0.80    0.69    0.63    0.58    0.39
Hz:                        5       7      10      13      15      17      20      25
Re(T/w) in T counts per deg/s, controller-only, > 0 damps a collocated mode, < 0 removes damping; 'x V295' = the worst over speed divided by V295's (V295 is speed-independent), > 1 = more anti-damping than the flown V295
