 v    k        b      | open: zeta  f_n  sigma  OS%  | trim: zeta  f_n  sigma  OS%  | zeta x   sigma x
map   3.0 0.00245 5e-04 | 0.565 0.88  3.13  11.4 | 0.480 0.58  1.74  19.1 | 0.85    0.56
map   5.0 0.00360 5e-04 | 0.466 1.07  3.12  19.1 | 0.441 0.70  1.95  23.3 | 0.95    0.62
map   8.0 0.00520 5e-04 | 0.388 1.28  3.13  26.7 | 0.420 0.85  2.24  26.3 | 1.08    0.72
map   2.0 0.00210 6e-04 | 0.732 0.82  3.75   3.7 | 0.572 0.52  1.88  11.7 | 0.78    0.50
map   3.0 0.00245 6e-04 | 0.678 0.88  3.75   5.4 | 0.546 0.57  1.94  13.3 | 0.81    0.52
map   4.0 0.00280 6e-04 | 0.634 0.94  3.75   7.7 | 0.526 0.61  2.01  15.0 | 0.83    0.53
map   5.0 0.00360 6e-04 | 0.559 1.07  3.75  12.0 | 0.495 0.69  2.15  18.2 | 0.89    0.57
map   6.0 0.00440 6e-04 | 0.506 1.18  3.75  15.9 | 0.477 0.77  2.29  20.0 | 0.94    0.61
map   7.0 0.00480 6e-04 | 0.484 1.23  3.75  17.6 | 0.470 0.80  2.37  20.8 | 0.97    0.63
map   8.0 0.00520 6e-04 | 0.465 1.28  3.75  19.2 | 0.465 0.83  2.44  21.6 | 1.00    0.65
map   9.0 0.00630 6e-04 | 0.423 1.41  3.75  23.1 | 0.456 0.92  2.64  23.1 | 1.08    0.70
map  10.0 0.00740 6e-04 | 0.390 1.53  3.75  26.4 | 0.451 1.01  2.85  24.2 | 1.16    0.76
map  12.5 0.00920 6e-04 | 0.350 1.71  3.75  31.0 | 0.451 1.13  3.20  25.4 | 1.29    0.85
map  15.0 0.00950 6e-04 | 0.344 1.73  3.75  31.6 | 0.451 1.15  3.26  25.6 | 1.31    0.87
map  19.0 0.01108 6e-04 | 0.319 1.87  3.75  34.8 | 0.456 1.25  3.58  26.3 | 1.43    0.96
map  22.0 0.01273 6e-04 | 0.297 2.01  3.75  37.6 | 0.463 1.35  3.93  26.8 | 1.56    1.05
map  26.0 0.01492 6e-04 | 0.275 2.17  3.75  40.8 | 0.474 1.48  4.41  27.3 | 1.73    1.18
map  30.0 0.01600 6e-04 | 0.265 2.25  3.75  42.1 | 0.481 1.54  4.66  27.5 | 1.81    1.24
map   2.0 0.00210 9e-04 | open None trim (np.float64(0.7529109986548153), np.float64(5.244944905747546), np.float64(3.4518154691233027), np.float64(24.8121524230369)) (overdamped)
map   3.0 0.00245 9e-04 | open None trim (np.float64(0.7296007656128838), np.float64(0.5383074990696448), np.float64(0.3681341385411665), np.float64(2.4677182865102583)) (overdamped)
map   5.0 0.00360 9e-04 | 0.839 1.07  5.62   0.6 | 0.646 0.65  2.66   7.4 | 0.77    0.47
map   8.0 0.00520 9e-04 | 0.698 1.28  5.63   4.6 | 0.590 0.79  2.93  11.3 | 0.85    0.52
lev   3.0 0.00245 5e-04 | 0.565 0.88  3.13  11.4 | 0.480 0.58  1.74  19.1 | 0.85    0.56
lev   5.0 0.00360 5e-04 | 0.466 1.07  3.12  19.1 | 0.441 0.70  1.95  23.3 | 0.95    0.62
lev   8.0 0.00520 5e-04 | 0.388 1.28  3.13  26.7 | 0.420 0.85  2.24  26.3 | 1.08    0.72
lev   2.0 0.00210 6e-04 | 0.732 0.82  3.75   3.7 | 0.572 0.52  1.88  11.7 | 0.78    0.50
lev   3.0 0.00245 6e-04 | 0.678 0.88  3.75   5.4 | 0.546 0.57  1.94  13.3 | 0.81    0.52
lev   4.0 0.00280 6e-04 | 0.634 0.94  3.75   7.7 | 0.526 0.61  2.01  15.0 | 0.83    0.53
lev   5.0 0.00360 6e-04 | 0.559 1.07  3.75  12.0 | 0.495 0.69  2.15  18.2 | 0.89    0.57
lev   6.0 0.00440 6e-04 | 0.506 1.18  3.75  15.9 | 0.477 0.77  2.29  20.0 | 0.94    0.61
lev   7.0 0.00480 6e-04 | 0.484 1.23  3.75  17.6 | 0.470 0.80  2.37  20.8 | 0.97    0.63
lev   8.0 0.00520 6e-04 | 0.465 1.28  3.75  19.2 | 0.465 0.83  2.44  21.6 | 1.00    0.65
lev   9.0 0.00630 6e-04 | 0.423 1.41  3.75  23.1 | 0.456 0.92  2.64  23.1 | 1.08    0.70
lev  10.0 0.00740 6e-04 | 0.390 1.53  3.75  26.4 | 0.451 1.01  2.85  24.2 | 1.16    0.76
lev  12.5 0.01058 6e-04 | 0.326 1.83  3.75  33.8 | 0.454 1.22  3.48  26.1 | 1.39    0.93
lev  15.0 0.01235 6e-04 | 0.302 1.98  3.75  37.0 | 0.461 1.33  3.85  26.7 | 1.53    1.03
lev  19.0 0.01607 6e-04 | 0.265 2.26  3.75  42.2 | 0.481 1.55  4.68  27.5 | 1.82    1.25
lev  22.0 0.01846 6e-04 | 0.247 2.42  3.75  44.9 | 0.498 1.68  5.25  28.0 | 2.02    1.40
lev  26.0 0.02163 6e-04 | 0.228 2.62  3.75  47.9 | 0.523 1.85  6.08  28.8 | 2.29    1.62
lev  30.0 0.02320 6e-04 | 0.220 2.71  3.75  49.2 | 0.536 1.94  6.53  29.3 | 2.44    1.74
lev   2.0 0.00210 9e-04 | open None trim (np.float64(0.7529109986548153), np.float64(5.244944905747546), np.float64(3.4518154691233027), np.float64(24.8121524230369)) (overdamped)
lev   3.0 0.00245 9e-04 | open None trim (np.float64(0.7296007656128838), np.float64(0.5383074990696448), np.float64(0.3681341385411665), np.float64(2.4677182865102583)) (overdamped)
lev   5.0 0.00360 9e-04 | 0.839 1.07  5.62   0.6 | 0.646 0.65  2.66   7.4 | 0.77    0.47
lev   8.0 0.00520 9e-04 | 0.698 1.28  5.63   4.6 | 0.590 0.79  2.93  11.3 | 0.85    0.52

zeta x crosses 1.00 between 8 and 9 m/s (map, b 6e-4): interpolated 8.0 m/s
min zeta x over all rows: (np.float64(0.7338678240205753), 'levelled', 0.0009, 4)
max step-overshoot increase (percentage points): (np.float64(8.376529395777393), 'map', 0.0005, 2)
