==================================================================================================================================
ROUTE r32  LAF 1.689  curves (|des|>0.3, >=1.5 s, hands off): 21, 81 s ; engaged hands-off 564 s
   #    t0   dur dir    v  |ang| angmax |des| desmax | ENTRY os: m   pose  vyaw | rel m  pose | f     p     i   ffsh fightP fightI | STEADY os: m   pose  vyaw | rel m  pose | f     p     i   ffsh fightP fightI | i0   iexc  iend  t63 | out pk
   0   74.0   3.8 -1   3.5   182   276  0.78  1.26 | +0.029 +0.165 +0.048 | +0.07 +0.30 | +0.399 -0.722 -0.143 -0.39 1.00 1.00 | +0.220 +0.448 +0.239 | +0.20 +0.45 | +0.744 -2.046 -0.053 -0.25 0.84 1.00 | -0.103 0.123 -0.023  2.3 | 1.000
   1  106.3   2.5 -1   4.9   116   150  1.10  1.99 | +0.025 +0.360 -0.058 | +0.03 +0.42 | +0.819 -0.227 -0.028  1.19 0.70 1.00 | +0.140 +0.287 +0.016 | +0.10 +0.18 | +1.398 -0.681 -0.144  2.32 1.00 1.00 | -0.014 0.182 -0.089  1.0 | 1.000
   2  109.9   2.2 -1   6.5   129   157  1.99  2.35 | +0.324 +0.666 +0.124 | +0.15 +0.31 | +2.042 -1.175 -0.090  2.67 0.82 1.00 | +nan +nan +nan | +nan +nan | +nan +nan +nan   nan  nan  nan | -0.059 0.368 -0.066  nan | 1.000
   3  113.7   3.0 +1  10.5     7    16  0.35  0.61 | +0.013 -0.508 -0.073 | +0.04 -0.89 | +0.142 -0.023 +0.011  0.86 0.38 0.28 | -0.035 -0.551 -0.079 | +nan +nan | -0.054 +0.050 +0.024 -0.02 0.57 0.57 | +0.043 0.037 +0.031  nan | 0.349
   4  211.5  17.4 +1  17.6     6    10  0.57  0.91 | +0.119 -0.376 +0.012 | +nan +nan | -0.191 -0.107 +0.371 -2.55 0.00 1.00 | +0.126 -0.367 +0.022 | +0.20 -0.57 | +0.032 -0.105 +0.115  0.64 0.45 0.40 | +0.384 0.427 -0.039  9.3 | 0.167
   5  231.8   2.8 +1  15.5     6     9  0.48  0.70 | +0.002 -0.474 -0.105 | +0.09 -0.79 | +0.089 -0.002 +0.018  0.88 0.51 0.00 | +0.028 -0.354 -0.012 | +0.13 -0.49 | +0.026 -0.027 -0.009  0.91 0.35 0.22 | +0.016 0.026 -0.009  1.6 | 0.138
   6  239.6   1.9 -1  14.4     9    10  0.48  0.56 | +0.192 +0.379 +0.046 | +0.38 +0.74 | +0.446 -0.196 -0.138  3.37 1.00 1.00 | +nan +nan +nan | +nan +nan | +nan +nan +nan   nan  nan  nan | -0.115 0.095 -0.209  1.2 | 0.118
   7  246.5   1.6 +1  13.7     6     8  0.38  0.47 | +0.085 -0.446 -0.008 | +nan +nan | -0.148 -0.092 +0.326 -1.21 0.00 1.00 | +nan +nan +nan | +nan +nan | +nan +nan +nan   nan  nan  nan | +0.336 0.034 +0.302  0.9 | 0.087
   8  253.4   2.4 -1  10.3    73   103  2.00  2.61 | +1.089 +1.098 +0.853 | +0.42 +0.43 | +2.342 -1.948 -0.315 12.20 1.00 1.00 | +nan +nan +nan | +nan +nan | +nan +nan +nan   nan  nan  nan | -0.178 0.669 -0.348  0.4 | 0.476
   9  264.3   5.2 +1  18.7     5     6  0.49  0.54 | +0.096 -0.449 -0.037 | +0.24 -0.76 | -0.057 -0.077 +0.222 -0.78 0.00 0.60 | +0.097 -0.368 +0.009 | +0.23 -0.62 | -0.038 -0.078 +0.156 -0.22 0.10 0.38 | +0.227 0.180 +0.051  4.2 | 0.232
  10  338.4   4.5 +1  22.0     3     5  0.65  0.93 | -0.047 -0.909 -0.159 | -0.06 -1.71 | -0.072 +0.035 +0.095 -0.98 0.94 0.94 | -0.041 -0.967 -0.122 | -0.01 -1.27 | -0.122 +0.028 +0.108 -0.20 0.56 0.72 | +0.089 0.029 +0.118  1.9 | 0.085
  11  351.6   1.5 +1  26.7     1     2  0.32  0.39 | +0.032 -0.466 -0.000 | +nan +nan | -0.166 -0.021 +0.187 -1.48 0.00 1.00 | +nan +nan +nan | +nan +nan | +nan +nan +nan   nan  nan  nan | +0.191 0.006 +0.184  nan | 0.051
  12  355.9   3.1 +1  28.3     1     2  0.39  0.53 | +0.065 -0.481 -0.030 | +0.22 -0.94 | -0.014 -0.042 +0.083  0.62 0.11 0.35 | -0.002 -0.468 -0.019 | +nan +nan | -0.086 +0.001 +0.077  2.21 0.52 0.87 | +0.088 0.012 +0.078  nan | 0.082
  13  383.1   3.2 +1  22.7     4    10  0.57  1.03 | +0.429 +0.037 +0.181 | +0.44 +0.04 | +0.294 -0.307 +0.057  3.69 1.00 0.00 | +0.072 -0.259 -0.015 | +0.18 -0.47 | +0.052 -0.050 -0.004  1.73 0.51 0.18 | +0.121 0.129 -0.008  0.8 | 0.128
  14  389.2   3.2 +1  25.6     2     3  0.35  0.44 | +0.001 -0.326 -0.021 | +nan +nan | +0.021 -0.000 -0.009  1.09 0.05 0.12 | +0.024 -0.323 -0.025 | +nan +nan | +0.048 -0.016 -0.016  1.49 0.41 0.48 | -0.008 0.009 -0.017  nan | 0.064
  15  411.3   3.3 +1  26.8     2     3  0.41  0.51 | +0.088 -0.483 -0.070 | +0.19 -0.74 | -0.028 -0.057 +0.143 -0.26 0.09 0.19 | +0.048 -0.389 -0.031 | +nan +nan | -0.068 -0.031 +0.128 -0.31 0.08 0.67 | +0.144 0.017 +0.126  nan | 0.087
  16  590.6   1.9 +1  23.9     4     5  0.36  0.38 | +0.207 +0.120 +0.075 | +nan +nan | +0.118 -0.141 +0.098  1.58 0.97 0.00 | +nan +nan +nan | +nan +nan | +nan +nan +nan   nan  nan  nan | +0.098 0.000 +0.098  nan | 0.095
  17  615.9   4.2 +1   8.3    83   185  2.11  3.11 | +0.067 -0.440 -0.148 | +0.11 -0.51 | +0.442 -0.096 +0.078  1.06 0.89 0.00 | +0.244 -0.165 -0.007 | +0.11 -0.07 | +1.692 -0.615 +0.000  1.70 1.00 0.00 | +0.078 0.078 +0.000  0.8 | 0.964
  18  688.3   5.0 +1   6.6   117   178  1.97  2.86 | -0.005 -0.689 -0.201 | +0.01 -0.81 | +0.396 +0.010 +0.000  0.98 0.44 0.00 | +0.361 +0.094 +0.259 | +0.13 +0.03 | +1.456 -1.286 +0.000  0.88 0.70 0.00 | +0.000 0.000 +0.000  nan | 1.000
  19  710.9   5.8 +1  14.0     8    13  0.51  0.73 | -0.008 -0.473 -0.102 | +nan +nan | +0.069 +0.008 +0.000  0.81 0.29 0.00 | +0.059 -0.324 -0.032 | +0.12 -0.53 | +0.085 -0.063 +0.000  1.13 0.60 0.00 | +0.000 0.000 +0.000  nan | 0.211
  20  721.6   2.6 +1   4.5   203   255  1.80  2.10 | -0.066 -0.477 -0.182 | -0.04 -0.27 | +1.419 +0.388 +0.000  0.78 0.26 0.00 | +0.435 +0.583 +0.480 | +0.18 +0.31 | +0.300 -3.832 +0.000  0.03 0.62 0.00 | +0.000 0.000 +0.000  nan | 1.000
  MEDIAN over curves: ENTRY os m/pose/vyaw +0.065/-0.446/-0.030  rel m/pose +0.11/-0.51  f/p/i +0.118/-0.077/+0.018 ffsh 0.86 fightP/I 0.44/0.35 | STEADY os +0.072/-0.324/-0.012 rel +0.13/-0.47 f/p/i +0.048/-0.063/+0.000 ffsh 0.88 fightP/I 0.56/0.40 | i exc 0.034 t63 1.2 s | by dir: steady os_pose L(-1) +0.367 (n 5) R(+1) -0.354 (n 16); entry L +0.379 R -0.470
  ALIGNED MEAN TRAJECTORY from curve entry (curves >= 3 s; n=12):  t | |des|  os_m  os_vyaw  os_pose  f.dir  p.dir  i.dir  |out|
   0.00 |  0.37  +0.004  -0.099  -0.458  +0.069  +0.008  +0.089  0.099
   0.10 |  0.41  +0.034  -0.102  -0.465  +0.098  -0.025  +0.085  0.094
   0.25 |  0.47  +0.056  -0.063  -0.426  +0.103  -0.059  +0.082  0.075
   0.50 |  0.55  +0.077  -0.050  -0.398  +0.123  -0.134  +0.076  0.101
   0.75 |  0.59  +0.074  -0.032  -0.394  +0.155  -0.184  +0.066  0.158
   1.00 |  0.62  +0.070  -0.038  -0.408  +0.131  -0.112  +0.064  0.084
   1.50 |  0.68  +0.046  -0.058  -0.455  +0.207  -0.128  +0.064  0.144
   2.00 |  0.82  +0.063  -0.085  -0.456  +0.324  -0.170  +0.060  0.189
   2.50 |  0.86  +0.072  -0.034  -0.355  +0.361  -0.146  +0.065  0.158
   3.00 |  0.89  +0.105  +0.041  -0.271  +0.327  -0.369  +0.058  0.184
  FRAME-POOLED overshoot by |angle| and by speed (median; rel = actual/des - 1 at |des|>0.5):
    phase   bin            secs |  os_m   os_pose  os_vyaw |  rel_m  rel_pose rel_vyaw | |des| p50  v p50 | f.dir  p.dir  i.dir
    entry   ang  0-20         15 | +0.054  -0.444  -0.031 | +0.17  -0.75  -0.05 |  0.41   18.7 | +0.018 -0.046 +0.084
    entry   ang  20-50         1 | +0.056  -0.553  -0.179 | +0.06  -0.61  -0.17 |  0.94    9.4 | +0.585 -0.111 +0.000
    entry   ang  50-120        2 | +0.113  +0.423  +0.038 | +0.39  +0.40  +0.27 |  1.99    6.3 | +2.143 -0.762 -0.059
    entry   ang  120-inf       3 | +0.035  +0.154  +0.023 | +0.05  +0.27  +0.05 |  1.79    4.8 | +1.409 -0.526 -0.104
    entry   v    0-10          7 | +0.030  +0.161  -0.027 | +0.05  +0.28  -0.03 |  0.89    6.3 | +0.840 -0.142 -0.030
    entry   v    10-20         8 | +0.073  -0.446  -0.078 | +0.13  -0.55  -0.17 |  0.42   15.0 | +0.051 -0.079 +0.078
    entry   v    20-30         6 | +0.065  -0.388  -0.000 | +0.41  -0.07  +0.11 |  0.37   25.5 | +0.010 -0.042 +0.097
    steady  ang  0-20         38 | +0.082  -0.370  -0.004 | +0.19  -0.58  +0.01 |  0.51   18.1 | -0.004 -0.070 +0.077
    steady  ang  20-50         1 | +0.497  +0.756  +0.494 | +0.45  +0.56  +0.45 |  1.03   10.8 | +0.814 -0.900 -0.804
    steady  ang  50-120        4 | +0.237  -0.260  -0.003 | +0.11  -0.13  -0.03 |  1.44    7.0 | +1.204 -0.616 +0.000
    steady  ang  120-inf       8 | +0.283  +0.235  +0.160 | +0.12  +0.10  +0.08 |  1.98    6.3 | +1.418 -1.117 +0.000
    steady  v    0-10         11 | +0.272  +0.239  +0.142 | +0.12  +0.09  +0.06 |  1.85    6.4 | +1.289 -1.041 +0.000
    steady  v    10-20        28 | +0.109  -0.362  +0.010 | +0.20  -0.56  +0.03 |  0.53   17.4 | +0.016 -0.092 +0.048
    steady  v    20-30        10 | +0.019  -0.418  -0.050 | +0.03  -1.14  -0.14 |  0.40   25.5 | -0.043 -0.013 +0.098
    all     ang  0-20         53 | +0.073  -0.387  -0.010 | +0.19  -0.58  +0.01 |  0.48   18.1 | +0.002 -0.063 +0.077
    all     ang  20-50         1 | +0.133  -0.444  -0.095 | +0.10  -0.38  -0.14 |  0.96   10.5 | +0.645 -0.207 +0.000
    all     ang  50-120        6 | +0.229  +0.369  +0.017 | +0.12  +0.34  +0.02 |  1.58    6.9 | +1.239 -0.630 -0.022
    all     ang  120-inf      10 | +0.236  +0.199  +0.110 | +0.11  +0.13  +0.07 |  1.84    5.6 | +1.413 -1.002 +0.000
    all     v    0-10         18 | +0.204  +0.206  +0.064 | +0.11  +0.12  +0.05 |  1.74    6.4 | +1.233 -0.811 +0.000
    all     v    10-20        36 | +0.103  -0.378  +0.001 | +0.19  -0.56  +0.02 |  0.51   17.3 | +0.021 -0.090 +0.049
    all     v    20-30        17 | +0.029  -0.404  -0.026 | +0.04  -1.06  -0.12 |  0.39   25.5 | -0.022 -0.019 +0.098
  ACROSS CURVES: entry os_pose vs |des|max slope +0.172 per m/s^2 (r +0.32) ; vs |ang|max slope +0.0014 per deg (r +0.26)
  ACROSS CURVES: steady os_pose vs |des|max slope +0.260 per m/s^2 (r +0.57) ; vs |ang|max slope +0.0034 per deg (r +0.87)
  STRAIGHT reference (|des|<0.2, v>10, 332 s): pose-des p50 -0.425, m-des p50 -0.052, vyaw-des -0.035  (the crown/instrument bias that direction-folding cancels only if L/R curves balance)
==================================================================================================================================
ROUTE r33  LAF 1.689  curves (|des|>0.3, >=1.5 s, hands off): 23, 77 s ; engaged hands-off 560 s
   #    t0   dur dir    v  |ang| angmax |des| desmax | ENTRY os: m   pose  vyaw | rel m  pose | f     p     i   ffsh fightP fightI | STEADY os: m   pose  vyaw | rel m  pose | f     p     i   ffsh fightP fightI | i0   iexc  iend  t63 | out pk
   0   33.1   1.8 +1   3.7    77   138  0.42  0.45 | +0.022 -0.359 +0.002 | +nan +nan | -0.028 -0.225 -0.002  0.08 0.09 0.62 | +nan +nan +nan | +nan +nan | +nan +nan +nan   nan  nan  nan | +0.000 0.061 -0.061  1.6 | 1.000
   1   41.5   1.6 +1   3.1   134   168  0.53  0.68 | +0.024 -0.753 +0.030 | +0.04 -1.29 | -0.156 -0.344 -0.038  0.31 0.00 0.23 | +nan +nan +nan | +nan +nan | +nan +nan +nan   nan  nan  nan | -0.005 0.055 -0.002  nan | 1.000
   2   75.7   4.0 -1   4.9   160   194  1.50  2.08 | +0.029 +0.027 -0.048 | +0.02 +0.03 | +0.786 -0.196 -0.049  1.04 0.78 0.93 | +0.221 +0.387 +0.170 | +0.10 +0.18 | +1.286 -1.160 -0.058  1.70 1.00 1.00 | +0.003 0.180 -0.023  0.2 | 1.000
   3   84.5   2.3 +1   4.0    81    99  0.44  0.73 | -0.053 -0.370 -0.146 | -0.20 -0.70 | +0.428 +0.319 +0.058  0.46 0.06 0.13 | +nan +nan +nan | +nan +nan | +nan +nan +nan   nan  nan  nan | +0.043 0.046 +0.007  1.1 | 1.000
   4   96.6   1.6 +1   2.2   266   274  0.56  0.75 | -0.006 -0.090 -0.011 | +0.00 -0.03 | +0.546 +0.216 +0.009  0.47 0.27 0.00 | +nan +nan +nan | +nan +nan | +nan +nan +nan   nan  nan  nan | +0.009 0.015 -0.006  nan | 1.000
   5  145.5   5.6 -1  18.1     7    12  0.70  1.13 | +0.125 +0.146 -0.018 | +0.29 +0.20 | +0.452 -0.098 -0.258  4.22 1.00 1.00 | +0.198 +0.029 +0.016 | +0.24 +0.05 | +0.486 -0.158 -0.335  4.53 0.94 1.00 | -0.252 0.092 -0.345  3.0 | 0.126
   6  171.5   1.7 -1  10.1    19    45  0.74  1.48 | +0.031 -0.316 -0.124 | +0.06 -0.55 | +0.376 -0.049 -0.047  1.37 0.89 1.00 | +nan +nan +nan | +nan +nan | +nan +nan +nan   nan  nan  nan | -0.090 0.084 -0.008  0.6 | 0.537
   7  176.6   1.9 -1  10.2    30    89  0.75  2.42 | +0.952 +0.805 +0.743 | +0.66 +0.62 | +0.944 -1.712 -0.019 -1.15 1.00 1.00 | +nan +nan +nan | +nan +nan | +nan +nan +nan   nan  nan  nan | -0.007 0.021 -0.004  nan | 0.533
   8  206.9   4.5 +1   4.9   136   232  0.99  1.43 | +0.032 -0.504 +0.021 | +0.03 -0.46 | +0.143 -0.362 +0.106  0.17 0.32 0.18 | +0.126 -0.271 +0.099 | +0.15 -0.18 | -0.080 -0.681 -0.025  0.29 0.30 0.33 | +0.223 0.266 -0.013  0.6 | 1.000
   9  216.6   1.8 +1   4.3   101   111  0.77  1.34 | +0.060 -0.734 +0.011 | +0.06 -0.79 | +0.128 -0.344 +0.017 -0.05 0.51 0.15 | +nan +nan +nan | +nan +nan | +nan +nan +nan   nan  nan  nan | +0.087 0.101 -0.014  0.4 | 0.687
  10  219.9   4.9 +1   8.1    54    96  0.85  1.68 | -0.059 -0.821 -0.180 | -0.04 -0.93 | +0.279 +0.384 +0.056  0.41 0.04 0.03 | +0.117 -0.471 +0.024 | +0.16 -0.29 | +0.012 -0.297 -0.013  0.13 0.61 0.50 | +0.097 0.168 +0.012  0.6 | 0.768
  11  227.7   3.7 +1  19.1     3     5  0.43  0.60 | +0.063 -0.530 -0.124 | +0.11 -0.91 | +0.104 -0.052 +0.022  1.26 0.93 0.00 | -0.013 -0.455 -0.068 | +nan +nan | -0.024 +0.010 +0.009   nan 0.18 0.18 | +0.052 0.044 +0.015  0.2 | 0.172
  12  262.0   1.8 +1  13.2     8    35  0.64  1.61 | +0.070 -0.668 +0.098 | +0.08 -0.78 | -0.128 -0.081 +0.009  0.50 0.58 0.68 | +nan +nan +nan | +nan +nan | +nan +nan +nan   nan  nan  nan | +0.116 0.112 +0.022  0.1 | 0.310
  13  267.5   2.3 +1  18.4     4     5  0.48  0.54 | +0.039 -0.638 -0.120 | +0.09 -1.15 | +0.005 -0.032 +0.097  0.16 0.06 0.00 | +nan +nan +nan | +nan +nan | +nan +nan +nan   nan  nan  nan | +0.099 0.020 +0.079  1.5 | 0.109
  14  446.3  17.1 -1  29.2     2     4  0.47  0.77 | -0.009 -0.271 -0.116 | +nan +nan | +0.242 +0.006 -0.228  4.07 0.46 1.00 | +0.031 -0.169 -0.032 | +0.13 -0.27 | +0.270 -0.020 -0.234  3.95 0.75 1.00 | -0.230 0.028 -0.208 14.7 | 0.122
  15  484.6   2.0 +1  25.4     3     3  0.46  0.54 | +0.041 -0.451 -0.082 | +0.16 -0.83 | +0.011 -0.027 +0.071  0.68 0.27 0.35 | +nan +nan +nan | +nan +nan | +nan +nan +nan   nan  nan  nan | +0.071 0.000 +0.071  nan | 0.077
  16  487.5   2.5 -1  24.1     4     9  0.52  1.02 | +0.316 +0.308 +0.088 | +0.66 +0.42 | +0.429 -0.212 -0.071  3.12 1.00 1.00 | +0.152 +0.037 +0.170 | +0.43 +0.27 | +0.158 -0.104 -0.071 -2.06 0.80 0.80 | -0.071 0.000 -0.071  nan | 0.201
  17  495.0   2.7 -1  19.0     7    10  0.64  0.94 | +0.187 +0.134 +0.019 | +0.42 +0.28 | +0.319 -0.142 -0.071  3.03 1.00 1.00 | +0.365 +0.233 +0.178 | +0.44 +0.31 | +0.415 -0.291 -0.071  3.66 0.97 0.97 | -0.071 0.000 -0.071  nan | 0.144
  18  601.4   1.8 +1   5.2    38    53  0.40  0.45 | +0.003 -0.137 -0.069 | +nan +nan | +0.390 -0.012 +0.000  1.03 0.62 0.00 | +nan +nan +nan | +nan +nan | +nan +nan +nan   nan  nan  nan | +0.000 0.000 +0.000  nan | 0.423
  19  607.7   3.2 +1   5.9   114   207  1.31  1.80 | +0.208 +0.015 +0.191 | +0.13 +0.01 | +1.028 -1.343 +0.000 -1.56 0.86 0.00 | +0.334 +0.034 +0.292 | +0.33 +0.05 | +0.484 -1.036 +0.000 -0.66 0.79 0.00 | +0.000 0.000 +0.000  nan | 1.000
  20  809.4   3.0 +1   5.0   115   228  0.70  1.79 | +0.106 -0.178 +0.119 | +0.06 -0.10 | +0.453 -0.790 +0.017  0.02 0.74 0.24 | +0.029 -0.343 -0.008 | +0.09 -0.38 | -0.329 -0.114 -0.034  0.70 0.09 0.00 | +0.087 0.143 -0.017  0.4 | 1.000
  21  828.7   3.8 +1   2.5   177   234  0.54  0.86 | -0.111 -0.551 -0.154 | -0.14 -0.70 | +0.790 +1.699 +0.008  0.31 0.07 0.00 | +0.034 +0.169 +0.041 | -0.00 +0.45 | -0.226 -0.787 -0.003  0.18 0.02 0.18 | +0.027 0.049 -0.014  1.2 | 1.000
  22  836.7   1.9 -1   3.3    92   118  0.45  0.57 | -0.136 -0.552 -0.215 | -0.13 -1.01 | +0.523 +1.695 +0.000  0.22 0.01 0.11 | +nan +nan +nan | +nan +nan | +nan +nan +nan   nan  nan  nan | +0.001 0.072 -0.072  1.1 | 1.000
  MEDIAN over curves: ENTRY os m/pose/vyaw +0.032/-0.359/-0.018  rel m/pose +0.06/-0.62  f/p/i +0.376/-0.081/+0.000 ffsh 0.46 fightP/I 0.51/0.23 | STEADY os +0.126/+0.029/+0.041 rel +0.16/+0.05 f/p/i +0.158/-0.291/-0.034 ffsh 0.49 fightP/I 0.75/0.50 | i exc 0.049 t63 0.6 s | by dir: steady os_pose L(-1) +0.037 (n 8) R(+1) -0.307 (n 15); entry L +0.080 R -0.504
  ALIGNED MEAN TRAJECTORY from curve entry (curves >= 3 s; n=8):  t | |des|  os_m  os_vyaw  os_pose  f.dir  p.dir  i.dir  |out|
   0.00 |  0.63  -0.013  -0.079  -0.362  +0.507  +0.064  -0.010  0.491
   0.10 |  0.69  -0.006  -0.099  -0.374  +0.522  +0.170  -0.017  0.399
   0.25 |  0.74  +0.020  -0.059  -0.324  +0.364  +0.006  -0.026  0.297
   0.50 |  0.81  +0.038  -0.042  -0.316  +0.509  -0.009  -0.043  0.350
   0.75 |  0.93  +0.042  -0.069  -0.303  +0.583  +0.077  -0.052  0.305
   1.00 |  0.99  +0.083  +0.018  -0.181  +0.524  -0.321  -0.058  0.302
   1.50 |  1.02  +0.120  +0.040  -0.153  +0.411  -0.576  -0.069  0.260
   2.00 |  1.06  +0.142  +0.049  -0.090  +0.393  -0.565  -0.078  0.280
   2.50 |  0.97  +0.182  +0.103  -0.034  +0.332  -0.715  -0.079  0.359
   3.00 |  0.79  +0.156  +0.095  -0.081  +0.274  -0.221  -0.085  0.350
  FRAME-POOLED overshoot by |angle| and by speed (median; rel = actual/des - 1 at |des|>0.5):
    phase   bin            secs |  os_m   os_pose  os_vyaw |  rel_m  rel_pose rel_vyaw | |des| p50  v p50 | f.dir  p.dir  i.dir
    entry   ang  0-20          9 | +0.053  -0.316  -0.075 | +0.11  -0.79  -0.16 |  0.46   19.1 | +0.260 -0.049 -0.047
    entry   ang  20-50         2 | +0.007  -0.280  -0.070 | +0.41  -0.28  +0.35 |  0.43    5.6 | +0.396 -0.029 +0.000
    entry   ang  50-120        5 | +0.012  -0.492  -0.033 | +0.01  -0.73  -0.06 |  0.77    4.4 | +0.476 -0.107 +0.000
    entry   ang  120-inf       6 | +0.022  -0.231  +0.008 | +0.03  -0.21  +0.02 |  0.97    3.4 | +0.564 -0.229 +0.005
    entry   v    0-10         14 | +0.008  -0.361  -0.025 | +0.02  -0.45  -0.00 |  0.76    4.2 | +0.474 -0.067 +0.000
    entry   v    10-20         6 | +0.062  -0.427  -0.092 | +0.11  -0.68  -0.13 |  0.54   17.6 | +0.173 -0.059 +0.004
    entry   v    20-30         4 | +0.078  -0.207  -0.011 | +0.61  +0.15  -0.05 |  0.41   24.8 | +0.264 -0.052 -0.071
    steady  ang  0-20         28 | +0.034  -0.160  -0.016 | +0.23  +0.01  +0.03 |  0.47   27.2 | +0.258 -0.024 -0.232
    steady  ang  20-50         3 | +0.030  -0.342  -0.022 | +0.22  -0.29  +0.14 |  0.51    6.2 | -0.123 -0.120 -0.017
    steady  ang  50-120        6 | +0.194  -0.255  +0.088 | +0.22  -0.15  +0.19 |  0.72    5.4 | +0.244 -0.602 -0.028
    steady  ang  120-inf       6 | +0.126  +0.209  +0.088 | +0.10  +0.15  +0.09 |  1.30    4.6 | +0.472 -0.981 -0.027
    steady  v    0-10         15 | +0.122  -0.164  +0.068 | +0.16  -0.06  +0.12 |  0.65    5.3 | +0.142 -0.590 -0.020
    steady  v    10-20        10 | +0.046  -0.010  -0.008 | +0.25  +0.07  +0.05 |  0.47   18.0 | +0.266 -0.047 -0.071
    steady  v    20-30        15 | +0.033  -0.179  -0.032 | +0.19  -0.21  -0.05 |  0.47   29.0 | +0.264 -0.021 -0.234
    steady  v    30-inf        3 | +0.023  -0.145  +0.020 | +0.13  -0.25  +0.15 |  0.46   30.4 | +0.229 -0.014 -0.208
    all     ang  0-20         37 | +0.039  -0.182  -0.026 | +0.20  -0.05  +0.00 |  0.47   24.6 | +0.258 -0.030 -0.228
    all     ang  20-50         6 | +0.020  -0.330  -0.032 | +0.26  -0.28  +0.24 |  0.47    6.1 | +0.027 -0.082 -0.008
    all     ang  50-120       11 | +0.066  -0.330  +0.028 | +0.13  -0.28  +0.05 |  0.76    4.7 | +0.320 -0.475 -0.004
    all     ang  120-inf      12 | +0.056  -0.073  +0.048 | +0.07  -0.06  +0.05 |  1.08    3.6 | +0.499 -0.680 -0.003
    all     v    0-10         29 | +0.044  -0.238  +0.021 | +0.09  -0.17  +0.05 |  0.69    4.6 | +0.327 -0.397 -0.004
    all     v    10-20        15 | +0.056  -0.296  -0.024 | +0.23  +0.03  +0.02 |  0.51   17.9 | +0.220 -0.053 -0.014
    all     v    20-30        18 | +0.037  -0.181  -0.030 | +0.20  -0.20  -0.05 |  0.47   28.6 | +0.264 -0.024 -0.232
    all     v    30-inf        3 | +0.023  -0.145  +0.020 | +0.13  -0.25  +0.15 |  0.46   30.4 | +0.229 -0.014 -0.208
  ACROSS CURVES: entry os_pose vs |des|max slope +0.271 per m/s^2 (r +0.39) ; vs |ang|max slope -0.0003 per deg (r -0.06)
  ACROSS CURVES: steady os_pose vs |des|max slope +0.062 per m/s^2 (r +0.11) ; vs |ang|max slope +0.0002 per deg (r +0.09)
  STRAIGHT reference (|des|<0.2, v>10, 313 s): pose-des p50 -0.399, m-des p50 -0.042, vyaw-des -0.030  (the crown/instrument bias that direction-folding cancels only if L/R curves balance)
==================================================================================================================================
ROUTE r34  LAF 2.110  curves (|des|>0.3, >=1.5 s, hands off): 30, 129 s ; engaged hands-off 692 s
   #    t0   dur dir    v  |ang| angmax |des| desmax | ENTRY os: m   pose  vyaw | rel m  pose | f     p     i   ffsh fightP fightI | STEADY os: m   pose  vyaw | rel m  pose | f     p     i   ffsh fightP fightI | i0   iexc  iend  t63 | out pk
   0   29.3   3.2 +1   2.4   250   275  0.45  0.78 | -0.024 -0.491 +0.022 | +nan +nan | +0.113 +0.950 +0.085  0.09 0.03 0.00 | +0.171 -0.116 +0.287 | -0.04 -0.53 | +0.022 -2.930 +0.001  0.01 0.09 0.31 | +0.048 0.082 +0.000  1.3 | 1.000
   1   33.3   1.7 -1   4.5    59    85  0.51  0.62 | -0.413 +0.023 -0.470 | -0.37 +0.40 | +0.964 +3.095 -0.000  0.24 0.00 0.82 | +nan +nan +nan | +nan +nan | +nan +nan +nan   nan  nan  nan | -0.000 0.057 -0.054  1.4 | 1.000
   2   44.2   7.8 +1   7.4    26    33  0.49  0.62 | +0.021 -0.339 +0.011 | +nan +nan | -0.013 -0.066 +0.293 -0.04 0.00 0.00 | +0.041 -0.392 +0.035 | +0.07 -0.69 | +0.059 -0.112 +0.185  0.44 0.53 0.15 | +0.294 0.213 +0.081  5.7 | 0.176
   3   53.6   7.5 -1   7.2    28    34  0.41  0.57 | +0.174 +0.645 +0.147 | +nan +nan | +0.790 -0.452 -0.100  3.31 1.00 1.00 | +0.057 +0.306 +0.035 | +0.10 +0.58 | +0.672 -0.166 -0.408  3.28 0.87 1.00 | -0.080 0.370 -0.450  3.1 | 0.223
   4   71.6   3.7 -1   4.1   196   271  1.06  1.75 | +0.061 +0.489 +0.188 | +0.08 +0.60 | +1.001 -0.679 -0.223  0.77 0.75 1.00 | +0.421 +1.229 +0.765 | +0.24 +0.75 | +1.506 -3.051 -0.039 -0.27 0.76 1.00 | -0.132 0.234 -0.004  1.8 | 1.000
   5  114.9   4.2 +1   8.1    59    75  1.28  1.56 | -0.214 -0.702 -0.415 | -0.15 -0.48 | +0.844 +0.497 +0.109  0.59 0.25 0.00 | +0.182 -0.093 +0.207 | +0.14 -0.07 | +0.854 -0.439 -0.159  1.45 0.91 1.00 | +0.253 0.486 -0.040  0.7 | 0.758
   6  125.1   5.0 +1   7.9    22    80  0.53  1.60 | -0.018 -0.252 -0.063 | +nan +nan | +0.214 +0.045 +0.026  0.75 0.45 0.00 | +0.056 -0.141 +0.041 | +0.08 -0.12 | +0.796 -0.140 -0.016  1.35 0.78 1.00 | +0.037 0.063 -0.020  1.3 | 0.418
   7  177.0   4.3 +1   4.9    72   193  0.78  1.56 | -0.015 -0.436 -0.023 | +nan +nan | -0.069 +0.050 +0.212 -0.36 0.53 0.76 | -0.076 -0.669 -0.048 | -0.07 -0.63 | +0.558 +0.468 +0.032  0.43 0.13 0.00 | +0.207 0.205 +0.012  1.6 | 1.000
   8  207.7   1.9 -1   7.2    50    66  0.81  0.98 | +0.016 +0.274 -0.072 | +0.06 +0.45 | +0.911 -0.044 -0.088  1.24 0.61 1.00 | +nan +nan +nan | +nan +nan | +nan +nan +nan   nan  nan  nan | -0.271 0.256 -0.019  0.4 | 0.414
   9  216.5   2.9 +1   5.2    40    46  0.40  0.54 | -0.057 -0.248 -0.106 | -0.07 -0.41 | +0.296 +0.266 +0.016  0.44 0.36 0.13 | -0.009 -0.272 -0.011 | +nan +nan | +0.141 +0.049 -0.028  0.44 0.46 0.99 | +0.023 0.060 -0.001  0.7 | 0.461
  10  233.7   4.3 +1   7.1    52    75  0.84  1.36 | +0.012 -0.254 -0.012 | +nan +nan | +0.145 -0.041 +0.154  0.54 0.85 0.00 | +0.130 -0.031 +0.103 | +0.13 -0.03 | +0.742 -0.367 -0.011  2.00 1.00 0.54 | +0.156 0.315 -0.159  3.3 | 0.267
  11  244.4   3.0 +1   9.3    36    73  0.97  1.71 | -0.037 -0.159 -0.077 | +0.02 -0.22 | +0.446 +0.067 -0.105  1.09 0.34 1.00 | +0.176 -0.025 +0.105 | +0.15 -0.02 | +1.080 -0.343 -0.017  1.75 1.00 1.00 | -0.118 0.108 -0.025  1.2 | 0.471
  12  291.4   3.6 +1   6.0    33   115  0.51  1.35 | -0.024 -0.410 -0.041 | +nan +nan | +0.003 +0.071 +0.114  0.01 0.00 0.00 | -0.048 -0.481 -0.079 | -0.08 -0.68 | +0.373 +0.215 +0.140  0.36 0.24 0.01 | +0.102 0.107 -0.004  3.2 | 1.000
  13  338.3   3.0 -1   3.7   250   282  0.97  1.32 | +0.022 +0.353 +0.162 | +0.03 +0.41 | +0.800 -0.402 -0.046  0.56 0.71 0.64 | +0.376 +0.852 +0.654 | +0.27 +0.64 | +0.992 -2.988 -0.032 -0.22 1.00 1.00 | +0.030 0.155 -0.005  0.3 | 1.000
  14  367.7   1.9 +1   8.0    42    96  0.97  1.79 | -0.022 -0.252 -0.093 | -0.02 -0.33 | +0.490 +0.050 +0.041  0.85 0.17 0.00 | +nan +nan +nan | +nan +nan | +nan +nan +nan   nan  nan  nan | +0.091 0.088 +0.002  0.5 | 0.805
  15  377.0   8.2 +1   7.9    22    37  0.52  0.79 | +0.004 -0.300 -0.025 | +nan +nan | +0.077 -0.011 +0.088  0.44 0.22 0.00 | +0.032 -0.296 +0.026 | +0.06 -0.53 | +0.158 -0.077 +0.030  0.79 0.83 0.35 | +0.080 0.161 -0.081  6.0 | 0.185
  16  468.6   6.0 +1   8.3    72   154  0.89  1.91 | +0.088 -0.184 +0.065 | +nan +nan | +0.156 -0.142 +0.176  0.83 1.00 0.00 | +0.010 -0.314 +0.030 | +0.01 -0.34 | +0.687 -0.036 +0.009  0.90 0.55 0.36 | +0.191 0.205 +0.015  2.2 | 0.670
  17  477.4   1.7 +1   4.2   270   285  1.60  2.12 | -0.008 +0.059 +0.224 | -0.01 +0.04 | +0.934 +0.074 +0.010  0.93 0.43 0.19 | +nan +nan +nan | +nan +nan | +nan +nan +nan   nan  nan  nan | +0.013 0.058 -0.018  1.1 | 1.000
  18  507.4   2.1 +1  31.4     3    10  0.50  1.20 | +0.530 +0.174 +0.706 | +0.69 +0.24 | +0.137 -0.331 +0.089  0.94 0.71 0.32 | +nan +nan +nan | +nan +nan | +nan +nan +nan   nan  nan  nan | +0.145 0.074 +0.070  0.4 | 0.083
  19  530.3   2.1 -1  27.1     4     8  0.91  1.42 | +0.100 -0.363 -0.056 | +0.17 -0.36 | +0.409 -0.064 -0.236  2.94 0.64 1.00 | +nan +nan +nan | +nan +nan | +nan +nan +nan   nan  nan  nan | -0.239 0.063 -0.177  2.1 | 0.142
  20  549.7   2.3 +1  28.0     2     3  0.32  0.39 | +0.081 -0.328 -0.003 | +nan +nan | -0.039 -0.052 +0.139 -0.24 0.00 0.10 | +nan +nan +nan | +nan +nan | +nan +nan +nan   nan  nan  nan | +0.145 0.033 +0.112  1.6 | 0.059
  21  580.9   3.9 +1  21.1     4     6  0.56  0.74 | +0.066 -0.555 +0.010 | +0.13 -1.01 | -0.056 -0.048 +0.195 -0.60 0.18 0.63 | -0.062 -0.957 -0.100 | -0.11 -1.53 | -0.226 +0.046 +0.197 -2.43 0.82 1.00 | +0.196 0.019 +0.206  nan | 0.079
  22  587.1   1.8 -1  20.3     6    18  0.88  1.67 | -0.066 -0.521 -0.138 | -0.00 -0.86 | +0.215 +0.049 -0.164  1.87 0.22 1.00 | +nan +nan +nan | +nan +nan | +nan +nan +nan   nan  nan  nan | -0.173 0.052 -0.165  nan | 0.181
  23  660.1   4.2 -1   5.7   125   229  1.39  2.77 | -0.047 +0.046 -0.111 | -0.06 +0.11 | +0.757 +0.231 +0.023  0.69 0.29 0.00 | +0.135 +0.463 +0.267 | +0.08 +0.25 | +1.927 -0.582 -0.025  1.50 1.00 0.99 | +0.003 0.122 -0.119  4.1 | 0.922
  24  754.6   2.2 -1  14.7     8     8  0.34  0.37 | +0.148 +0.348 +0.101 | +nan +nan | +0.474 -0.153 -0.227  4.81 1.00 1.00 | +nan +nan +nan | +nan +nan | +nan +nan +nan   nan  nan  nan | -0.210 0.090 -0.300  1.4 | 0.063
  25  765.5  13.5 +1  16.3     6     8  0.41  0.50 | +0.162 -0.172 +0.098 | +nan +nan | +0.067 -0.145 +0.207  0.53 0.63 0.00 | +0.069 -0.250 +0.053 | +nan +nan | +0.096 -0.062 +0.038  1.25 0.67 0.21 | +0.219 0.240 -0.021  5.7 | 0.098
  26  867.5   5.2 +1  16.1     8    12  0.50  0.67 | +0.152 -0.218 +0.035 | +0.35 -0.18 | +0.200 -0.138 +0.159  0.90 0.88 0.00 | +0.132 -0.139 +0.137 | +0.33 -0.13 | +0.157 -0.119 +0.024  1.30 0.99 0.29 | +0.165 0.195 -0.030  2.3 | 0.124
  27  945.2  13.4 -1  17.6     5     6  0.38  0.48 | +0.151 +0.201 +0.119 | +nan +nan | +0.369 -0.130 -0.158  3.17 1.00 1.00 | +0.055 +0.084 +0.057 | +nan +nan | +0.384 -0.046 -0.291  5.04 0.95 1.00 | -0.145 0.187 -0.333  5.0 | 0.076
  28  960.4   2.2 -1  14.1     6     8  0.38  0.44 | +0.022 +0.114 -0.003 | +nan +nan | +0.458 -0.023 -0.328  4.02 0.80 1.00 | +nan +nan +nan | +nan +nan | +nan +nan +nan   nan  nan  nan | -0.327 0.028 -0.356  1.8 | 0.077
  29  997.6   2.5 +1   7.2    36   145  0.73  2.17 | -0.096 -0.525 -0.174 | -0.11 -0.77 | +0.180 +0.216 +0.070  0.39 0.05 0.05 | -0.344 -0.738 -0.404 | -0.23 -0.51 | +1.017 +1.479 +0.007  0.42 0.15 0.13 | +0.134 0.175 -0.041  1.0 | 1.000
  MEDIAN over curves: ENTRY os m/pose/vyaw +0.014/-0.233/-0.008  rel m/pose +0.01/-0.20  f/p/i +0.255/-0.032/+0.034 ffsh 0.72 fightP/I 0.44/0.16 | STEADY os +0.056/-0.140/+0.047 rel +0.08/-0.13 f/p/i +0.615/-0.115/-0.005 ffsh 0.85 fightP/I 0.80/0.77 | i exc 0.115 t63 1.6 s | by dir: steady os_pose L(-1) +0.463 (n 11) R(+1) -0.272 (n 19); entry L +0.201 R -0.254
  ALIGNED MEAN TRAJECTORY from curve entry (curves >= 3 s; n=17):  t | |des|  os_m  os_vyaw  os_pose  f.dir  p.dir  i.dir  |out|
   0.00 |  0.36  -0.044  -0.075  -0.232  +0.237  +0.486  +0.096  0.279
   0.10 |  0.39  -0.028  -0.078  -0.239  +0.254  +0.299  +0.095  0.262
   0.25 |  0.45  -0.005  -0.044  -0.208  +0.279  +0.147  +0.092  0.239
   0.50 |  0.51  +0.052  +0.030  -0.134  +0.323  -0.212  +0.077  0.234
   0.75 |  0.55  +0.073  +0.061  -0.100  +0.344  -0.195  +0.060  0.129
   1.00 |  0.59  +0.065  +0.070  -0.090  +0.370  -0.002  +0.050  0.195
   1.50 |  0.67  +0.068  +0.087  -0.092  +0.420  -0.109  +0.035  0.219
   2.00 |  0.73  +0.055  +0.077  -0.118  +0.464  -0.030  +0.026  0.273
   2.50 |  0.75  +0.101  +0.129  -0.083  +0.499  -0.764  +0.004  0.325
   3.00 |  0.83  +0.125  +0.143  -0.047  +0.565  -0.815  -0.008  0.362
  FRAME-POOLED overshoot by |angle| and by speed (median; rel = actual/des - 1 at |des|>0.5):
    phase   bin            secs |  os_m   os_pose  os_vyaw |  rel_m  rel_pose rel_vyaw | |des| p50  v p50 | f.dir  p.dir  i.dir
    entry   ang  0-20         17 | +0.036  -0.283  -0.015 | +0.16  -0.41  +0.09 |  0.38   14.6 | +0.174 -0.035 +0.090
    entry   ang  20-50         8 | +0.010  -0.198  -0.030 | -0.03  -0.27  -0.14 |  0.46    7.3 | +0.474 -0.029 +0.021
    entry   ang  50-120        1 | -0.036  +0.025  -0.101 | -0.03  +0.07  -0.11 |  0.76    5.4 | +0.958 +0.144 +0.022
    entry   ang  120-inf       4 | -0.001  +0.183  +0.143 | +0.01  +0.39  +0.17 |  0.77    3.3 | +0.811 +0.010 +0.005
    entry   v    0-10         19 | -0.013  -0.226  -0.025 | -0.01  +0.06  -0.03 |  0.44    6.9 | +0.354 +0.048 +0.027
    entry   v    10-20         6 | +0.124  +0.023  +0.072 | +0.35  -0.27  +0.15 |  0.36   15.6 | +0.305 -0.134 -0.005
    entry   v    20-30         4 | +0.063  -0.442  -0.063 | +0.13  -0.79  -0.01 |  0.45   24.9 | +0.067 -0.043 -0.014
    entry   v    30-inf        1 | +0.530  +0.174  +0.706 | +0.69  +0.24  +0.81 |  0.78   31.5 | +0.137 -0.331 +0.089
    steady  ang  0-20         37 | +0.065  -0.166  +0.059 | +0.13  -0.56  +0.04 |  0.41   16.8 | +0.140 -0.061 -0.012
    steady  ang  20-50        24 | +0.033  -0.297  +0.019 | +0.06  -0.53  +0.03 |  0.53    7.5 | +0.236 -0.090 +0.009
    steady  ang  50-120       13 | +0.112  -0.122  +0.094 | +0.08  -0.09  +0.07 |  1.31    7.4 | +0.975 -0.302 -0.007
    steady  ang  120-inf      11 | +0.129  +0.381  +0.273 | +0.07  +0.25  +0.16 |  1.19    4.5 | +0.930 -0.646 -0.016
    steady  v    0-10         50 | +0.048  -0.217  +0.052 | +0.07  -0.24  +0.07 |  0.68    7.2 | +0.569 -0.135 -0.009
    steady  v    10-20        30 | +0.070  -0.105  +0.063 | +0.33  -0.17  +0.28 |  0.40   16.7 | +0.206 -0.062 -0.017
    steady  v    20-30         4 | -0.007  -0.757  -0.028 | -0.09  -1.42  -0.13 |  0.59   21.0 | -0.199 +0.006 +0.180
    steady  v    30-inf        1 | +0.095  -0.180  +0.128 | +0.14  -0.63  +0.01 |  0.50   31.4 | +0.047 -0.059 +0.076
    all     ang  0-20         54 | +0.061  -0.194  +0.047 | +0.15  -0.50  +0.05 |  0.40   16.6 | +0.147 -0.056 +0.001
    all     ang  20-50        32 | +0.028  -0.269  +0.011 | +0.05  -0.49  +0.01 |  0.52    7.4 | +0.264 -0.075 +0.019
    all     ang  50-120       14 | +0.097  -0.102  +0.088 | +0.07  -0.08  +0.07 |  1.30    7.4 | +0.972 -0.278 -0.005
    all     ang  120-inf      15 | +0.074  +0.322  +0.230 | +0.06  +0.27  +0.16 |  1.06    4.1 | +0.894 -0.484 -0.013
    all     v    0-10         69 | +0.030  -0.220  +0.031 | +0.05  -0.17  +0.06 |  0.59    7.2 | +0.541 -0.087 +0.001
    all     v    10-20        36 | +0.076  -0.080  +0.064 | +0.33  -0.18  +0.24 |  0.40   16.5 | +0.243 -0.068 -0.017
    all     v    20-30         8 | +0.037  -0.530  -0.045 | -0.00  -1.07  -0.12 |  0.53   22.0 | -0.036 -0.027 +0.139
    all     v    30-inf        2 | +0.148  -0.060  +0.419 | +0.66  +0.19  +0.72 |  0.56   31.5 | +0.065 -0.093 +0.079
  ACROSS CURVES: entry os_pose vs |des|max slope -0.081 per m/s^2 (r -0.15) ; vs |ang|max slope +0.0005 per deg (r +0.13)
  ACROSS CURVES: steady os_pose vs |des|max slope +0.156 per m/s^2 (r +0.20) ; vs |ang|max slope +0.0027 per deg (r +0.50)
  STRAIGHT reference (|des|<0.2, v>10, 178 s): pose-des p50 -0.293, m-des p50 -0.039, vyaw-des -0.038  (the crown/instrument bias that direction-folding cancels only if L/R curves balance)

==================================================================================================================================
SIDE BY SIDE (medians over curves)  [r32/r33 old tune: LAF 1.689 fr 0.212 model SR 14.0 | r34 new: LAF 2.11 fr 0.03 SR 16.1]
                            r32        r33        r34
  n                          21         23         30
  entry_os_m             +0.065     +0.032     +0.014
  entry_os_vyaw          -0.030     -0.018     -0.008
  entry_os_pose          -0.446     -0.359     -0.233
  entry_rel_m            +0.106     +0.060     +0.008
  entry_rel_vyaw         -0.063     +0.008     -0.053
  entry_rel_pose         -0.510     -0.621     -0.198
  entry_f                +0.118     +0.376     +0.255
  entry_p                -0.077     -0.081     -0.032
  entry_i                +0.018     +0.000     +0.034
  entry_ff_share         +0.861     +0.463     +0.722
  entry_fight_p          +0.440     +0.510     +0.440
  entry_fight_i          +0.350     +0.230     +0.160
  steady_os_m            +0.072     +0.126     +0.056
  steady_os_vyaw         -0.012     +0.041     +0.047
  steady_os_pose         -0.324     +0.029     -0.140
  steady_rel_m           +0.133     +0.155     +0.076
  steady_rel_vyaw        +0.017     +0.068     +0.059
  steady_rel_pose        -0.468     +0.052     -0.127
  steady_f               +0.048     +0.158     +0.615
  steady_p               -0.063     -0.291     -0.115
  steady_i               +0.000     -0.034     -0.005
  steady_ff_share        +0.883     +0.494     +0.845
  steady_fight_p         +0.560     +0.746     +0.802
  steady_fight_i         +0.402     +0.504     +0.769
  i_exc                  +0.034     +0.049     +0.115
  i_t63                  +1.220     +0.630     +1.620
  entry_slope_des        +0.172     +0.271     -0.081
  entry_slope_ang        +0.001     -0.000     +0.000
  steady_slope_des       +0.260     +0.062     +0.156
  steady_slope_ang       +0.003     +0.000     +0.003
  straight_pose_bias     -0.425     -0.399     -0.293
  straight_m_bias        -0.052     -0.042     -0.039
  BINS steady os_m / rel_m | os_vyaw / rel_vyaw by |angle| [secs]:
    ang 0-20     +0.082/+0.19 | -0.004/+0.01 [ 38]   +0.034/+0.23 | -0.016/+0.03 [ 28]   +0.065/+0.13 | +0.059/+0.04 [ 37]
    ang 20-50    +0.497/+0.45 | +0.494/+0.45 [  1]   +0.030/+0.22 | -0.022/+0.14 [  3]   +0.033/+0.06 | +0.019/+0.03 [ 24]
    ang 50-120   +0.237/+0.11 | -0.003/-0.03 [  4]   +0.194/+0.22 | +0.088/+0.19 [  6]   +0.112/+0.08 | +0.094/+0.07 [ 13]
    ang 120-inf  +0.283/+0.12 | +0.160/+0.08 [  8]   +0.126/+0.10 | +0.088/+0.09 [  6]   +0.129/+0.07 | +0.273/+0.16 [ 11]
  BINS entry os_m / rel_m | os_vyaw / rel_vyaw by |angle| [secs]:
    ang 0-20     +0.054/+0.17 | -0.031/-0.05 [ 15]   +0.053/+0.11 | -0.075/-0.16 [  9]   +0.036/+0.16 | -0.015/+0.09 [ 17]
    ang 20-50    +0.056/+0.06 | -0.179/-0.17 [  1]   +0.007/+0.41 | -0.070/+0.35 [  2]   +0.010/-0.03 | -0.030/-0.14 [  8]
    ang 50-120   +0.113/+0.39 | +0.038/+0.27 [  2]   +0.012/+0.01 | -0.033/-0.06 [  5]   -0.036/-0.03 | -0.101/-0.11 [  1]
    ang 120-inf  +0.035/+0.05 | +0.023/+0.05 [  3]   +0.022/+0.03 | +0.008/+0.02 [  6]   -0.001/+0.01 | +0.143/+0.17 [  4]
  BINS all os_m / rel_m | os_vyaw / rel_vyaw by |angle| [secs]:
    ang 0-20     +0.073/+0.19 | -0.010/+0.01 [ 53]   +0.039/+0.20 | -0.026/+0.00 [ 37]   +0.061/+0.15 | +0.047/+0.05 [ 54]
    ang 20-50    +0.133/+0.10 | -0.095/-0.14 [  1]   +0.020/+0.26 | -0.032/+0.24 [  6]   +0.028/+0.05 | +0.011/+0.01 [ 32]
    ang 50-120   +0.229/+0.12 | +0.017/+0.02 [  6]   +0.066/+0.13 | +0.028/+0.05 [ 11]   +0.097/+0.07 | +0.088/+0.07 [ 14]
    ang 120-inf  +0.236/+0.11 | +0.110/+0.07 [ 10]   +0.056/+0.07 | +0.048/+0.05 [ 12]   +0.074/+0.06 | +0.230/+0.16 [ 15]
  BINS steady os_pose / rel_pose by |angle| (secs):
    ang 0-20     -0.370 / -0.58 [ 38]   -0.160 / +0.01 [ 28]   -0.166 / -0.56 [ 37]
    ang 20-50    +0.756 / +0.56 [  1]   -0.342 / -0.29 [  3]   -0.297 / -0.53 [ 24]
    ang 50-120   -0.260 / -0.13 [  4]   -0.255 / -0.15 [  6]   -0.122 / -0.09 [ 13]
    ang 120-inf  +0.235 / +0.10 [  8]   +0.209 / +0.15 [  6]   +0.381 / +0.25 [ 11]
  BINS steady os_m / rel_m | os_vyaw / rel_vyaw by speed [secs]:
    v 0-10       +0.272/+0.12 | +0.142/+0.06 [ 11]   +0.122/+0.16 | +0.068/+0.12 [ 15]   +0.048/+0.07 | +0.052/+0.07 [ 50]
    v 10-20      +0.109/+0.20 | +0.010/+0.03 [ 28]   +0.046/+0.25 | -0.008/+0.05 [ 10]   +0.070/+0.33 | +0.063/+0.28 [ 30]
    v 20-30      +0.019/+0.03 | -0.050/-0.14 [ 10]   +0.033/+0.19 | -0.032/-0.05 [ 15]   -0.007/-0.09 | -0.028/-0.13 [  4]
    v 30-inf                   --                   +0.023/+0.13 | +0.020/+0.15 [  3]   +0.095/+0.14 | +0.128/+0.01 [  1]
  BINS entry os_pose / rel_pose by |angle| (secs):
    ang 0-20     -0.444 / -0.75 [ 15]   -0.316 / -0.79 [  9]   -0.283 / -0.41 [ 17]
    ang 20-50    -0.553 / -0.61 [  1]   -0.280 / -0.28 [  2]   -0.198 / -0.27 [  8]
    ang 50-120   +0.423 / +0.40 [  2]   -0.492 / -0.73 [  5]   +0.025 / +0.07 [  1]
    ang 120-inf  +0.154 / +0.27 [  3]   -0.231 / -0.21 [  6]   +0.183 / +0.39 [  4]