==================================================================================================================================
ROUTE r32  75604b0a432fdc89_00000032--33a5dbbcb3  (V280r2)   engaged 602 s   HIGHWAY (engaged, v>=20, |ang|<8) 224 s
  highway v p50/max 24.2/30.1   |cmd| p50/p90/p99 [ 63. 160. 294.]   idx p50/p90/p99 [ 4. 10. 18.]   |tq_raw| p50/p90 [104. 253.]
  2-12 Hz rate envelope on highway: p50/p95/p99/max [ 13.  28.  55. 144.] wire (/8 = deg/s)   duty>40: 0.016
  highway rate spectrum: 2-4 12  4-8 93  8-15 176 (Welch power, wire^2)
  CHAIN [V280 rev 2 (line to x6 top, clamp 46080)] on highway frames:
    P-rail duty 0.0004  fb-clamp duty 0.0000  |E| p50/p90/max 429/1077/13813  |P| p50/p90 442/1173  |fb| p50/p90 232/888  32|sp| p50/p90 555/1387  ref p50/p90 2.2/5.6 deg/s  Kp p50 264 (window 60.4 deg/s)  fb-dominant 0.28  |E| past P window 0.0004
  COMMAND EXCURSIONS (|cmd|_1Hz > 120, +1.5 s): 12;   OSC EPISODES (env > 40 wire, >= 0.6 s): 4, 5.6 s
  kind    t0    dur     v  ang50 swing | cmdpk cmd50 idx50 idxpk  tq50 | f_rate prom f_inst  f_T  f_cmd promc | envpk amp  amp412 (deg/s) | ampcmd cmd412 | coh_c ph_c cohband cohA | ampT |T|50 |T|90 Tsat damp cohT phT | des err err412 | ch_prail ch_fbcl |E|50 ref50 win
  EXC    344.6  2.4  22.9   -3.6   3.5 |   347   124     7    21   126 | 19.53    4  6.90  2.34  1.56    9 |    17   14    13 ( 1.6) |    50    43 | 0.96   120  0.92 0.84 |   34   128   240 0.00 0.44 0.97    28 | 0.556 0.203 0.009 | 0.0000 0.0000    824   3.9 57.8
  EXC    347.2  2.5  25.4    1.0   2.7 |   300    89     5    18   131 | 19.53    3  6.70  1.56  6.25    9 |    19   17    14 ( 1.8) |    86    74 | 1.00    93  0.93 0.67 |   48    80   208 0.00 0.33 0.97    18 | 0.456 0.161 0.016 | 0.0000 0.0000    571   2.8 59.5
  OSC *  357.9  1.5  27.3    2.8   6.4 |   849   147     9    52   274 |  7.81   47  7.72  7.81  7.03  144 |   144   92    91 (11.4) |   201   193 | 1.00    43  1.00 1.00 |  148   136   352 0.00 0.45 1.00    46 | 0.765 0.700 0.073 | 0.0000 0.0000    990   5.0 56.2
  EXC *  358.2  3.8  27.7   -0.8   7.6 |   849   103     7    52   179 |  7.81   37  7.77  7.81  7.03   33 |   144   61    61 ( 7.6) |   148   143 | 0.91    36  0.79 0.95 |  104    72   235 0.00 0.42 0.94    49 | 0.983 0.814 0.050 | 0.0000 0.0000    609   3.9 57.8
  EXC    370.6  2.0  30.0    1.4   1.6 |   367    85     5    22    91 |  8.59   19  8.18  8.59  8.59   36 |    40   25    25 ( 3.1) |   105   102 | 1.00    47  0.94 1.00 |   64    88   184 0.00 0.39 0.96     2 | 0.228 0.213 0.025 | 0.0000 0.0000    601   2.8 59.5
  EXC    377.4  2.2  22.4   -1.8   3.0 |   313   121     8    20   138 |  8.59    2  7.69  1.56  1.56    4 |    19   16    15 ( 1.9) |    66    55 | 0.90    40  0.93 0.97 |   43   120   220 0.00 0.37 0.10    40 | 0.369 0.244 0.013 | 0.0000 0.0000    759   4.5 57.0
  EXC    415.5  2.3  26.7   -2.5   2.0 |   323   113     7    20    85 | 12.50    5  7.64  1.56  7.03    7 |    18   14    13 ( 1.6) |    60    56 | 0.36    28  0.79 1.00 |   43   152   232 0.00 0.49 0.42    66 | 0.217 0.182 0.013 | 0.0000 0.0000    916   3.9 57.8
  EXC    465.1  2.1  20.9    1.3   1.0 |   242   109     6    14   165 | 10.16   39  9.36 10.16 10.16   20 |    22   21    20 ( 2.6) |    69    63 | 0.96    38  0.90 1.00 |   45   128   176 0.00 0.35 0.99    30 | 0.137 0.102 0.015 | 0.0000 0.0000    805   3.4 58.6
  OSC *  536.8  1.6  27.6   -2.7   5.5 |   697   143     9    44   219 |  7.03   79  7.40  7.81  7.03  150 |   119   79    77 ( 9.6) |   235   223 | 1.00    20  1.00 1.00 |  125    80   257 0.00 0.40 1.00    40 | 0.713 0.578 0.068 | 0.0000 0.0000    874   5.0 56.2
  EXC *  537.0  2.1  27.7   -1.9   5.4 |   697    90     6    44   216 |  7.03   23  7.44  7.03  6.25   26 |   119   67    66 ( 8.2) |   197   190 | 0.98    13  0.88 0.99 |  106    48   234 0.00 0.49 0.95    48 | 0.664 0.578 0.059 | 0.0000 0.0000    515   3.4 58.6
  OSC *  539.5  1.2  27.6    1.7   3.6 |   524   141     8    32   236 |  8.26   26  8.32  8.26  8.26   23 |    63   46    46 ( 5.8) |   155   153 | 1.00    40  1.00 1.00 |   96   144   288 0.00 0.32 1.00     4 | 0.406 0.337 0.035 | 0.0000 0.0000   1007   4.5 57.0
  EXC *  539.6  3.6  26.8    2.4   3.3 |   524   108     7    32    98 |  8.59   16  8.15  8.59  8.59   13 |    63   30    29 ( 3.7) |   104   101 | 0.99    35  0.94 1.00 |   67   136   245 0.00 0.43 0.92    -0 | 0.373 0.310 0.023 | 0.0000 0.0000    853   3.9 57.8
  OSC *  553.6  1.2  20.1   -4.7   7.3 |   661   223    14    41   215 |  8.87   23  8.54  8.87  1.61   44 |    61   47    47 ( 5.9) |   113   105 | 1.00    44  1.00 1.00 |  104   184   352 0.00 0.29 1.00    59 | 0.739 0.375 0.023 | 0.0000 0.0000    832   8.1 52.3
  EXC *  553.8  2.4  19.9   -3.6   7.6 |   661   174    10    41   253 |  9.38   20  8.74  7.81  7.03    6 |    61   45    45 ( 5.6) |   101    95 | 0.99    36  0.96 1.00 |   92   104   320 0.00 0.32 0.99    48 | 0.722 0.477 0.021 | 0.0000 0.0000    678   5.6 55.5
  EXC    558.4  2.1  21.3    2.1   1.4 |   274    65     4    16    66 | 10.16   30  9.39  1.56 10.16   10 |    23   20    20 ( 2.5) |    62    60 | 0.94    12  0.91 1.00 |   37    96   184 0.00 0.43 0.89    28 | 0.144 0.081 0.014 | 0.0000 0.0000    558   2.2 60.4
  EXC    594.1  3.8  23.8   -3.8   3.6 |   392   126     8    25   123 | 10.94   13  8.94  1.56 10.94    5 |    31   22    22 ( 2.7) |    75    73 | 0.97    20  0.90 0.98 |   50   184   296 0.00 0.53 0.63     9 | 0.330 0.287 0.016 | 0.0000 0.0000   1027   4.5 57.0
  STRATA (highway; Welch 1.28 s runs):  v      |cmd|      secs  welch_s |  2-4    4-8   8-12   4-12 (wire^2) | fpk prom | env50 env95 env99 osc_duty | idx50 idx90 cmd50 tq50
    20-25    0-100           114     99 |     10     29    151    181 | 10.94    9 |   14   26   32 0.000 |    3    8    53    95
    20-25    100-300          19      2 |     22    106    335    441 | 10.94    9 |   17   30   38 0.008 |    9   14   142   149
    20-25    0-inf           133    132 |     15     39    167    206 | 10.94    7 |   15   27   37 0.006 |    4    9    61   102
    25-32    0-100            77     71 |     15     50     53    103 | 13.28    2 |   11   23   35 0.006 |    3    8    57   103
    25-32    100-300          13      2 |     21    322    680   1002 |  8.59   20 |   16   69  118 0.127 |    9   16   147   150
    25-32    0-inf            91     90 |     19    177     87    264 |  7.81    4 |   12   30   97 0.029 |    4   10    65   109
    20-32    0-100           191    173 |     12     38    110    148 | 10.94    3 |   13   25   33 0.002 |    3    8    54    98
    20-32    100-300          32      5 |     21    210    501    711 |  8.59   11 |   17   42  110 0.057 |    9   15   144   149
    20-32    0-inf           224    224 |     16     89    133    222 | 10.16    2 |   13   28   55 0.016 |    4   10    63   104