==================================================================================================================================
ROUTE r97  75604b0a432fdc89_00000097--489d7896b3  (stock)   engaged 661 s   HIGHWAY (engaged, v>=20, |ang|<8) 273 s
  highway v p50/max 27.1/31.5   |cmd| p50/p90/p99 [ 355.  920. 1858.]   idx p50/p90/p99 [ 22.  57. 115.]   |tq_raw| p50/p90 [126. 254.]
  2-12 Hz rate envelope on highway: p50/p95/p99/max [ 4. 15. 28. 92.] wire (/8 = deg/s)   duty>40: 0.003
  highway rate spectrum: 2-4 6  4-8 6  8-15 60 (Welch power, wire^2)
  CHAIN [stock (map x1, clamp 7680)] on highway frames:
    P-rail duty 0.0000  fb-clamp duty 0.0000  |E| p50/p90/max 1453/2834/7587  |P| p50/p90 1899/5181  |fb| p50/p90 79/511  32|sp| p50/p90 1472/2934  ref p50/p90 6.0/11.9 deg/s  Kp p50 333 (window 47.7 deg/s)  fb-dominant 0.06  |E| past P window 0.0000
  COMMAND EXCURSIONS (|cmd|_1Hz > 120, +1.5 s): 44;   OSC EPISODES (env > 40 wire, >= 0.6 s): 1, 1.5 s
  kind    t0    dur     v  ang50 swing | cmdpk cmd50 idx50 idxpk  tq50 | f_rate prom f_inst  f_T  f_cmd promc | envpk amp  amp412 (deg/s) | ampcmd cmd412 | coh_c ph_c cohband cohA | ampT |T|50 |T|90 Tsat damp cohT phT | des err err412 | ch_prail ch_fbcl |E|50 ref50 win
  EXC    142.7  2.3  20.6   -4.3   1.9 |   549   129     7    34   224 |  1.56    5  6.46   nan  1.56  106 |     4    3     3 ( 0.4) |    26    20 | 0.42   -33  0.61 0.89 |  nan   nan   nan  nan  nan  nan   nan | 0.309 0.067 0.006 | 0.0000 0.0000    555   1.8 57.8
  EXC    144.2  9.6  21.2   -3.2   2.7 |  1314   486    30    82   170 | 11.72    4  7.59   nan  1.56   58 |    29   10    10 ( 1.2) |    48    30 | 0.84    11  0.59 0.97 |  nan   nan   nan  nan  nan  nan   nan | 0.463 0.278 0.008 | 0.0000 0.0000   1793   7.6 43.7
  EXC    156.2  3.0  20.1   -3.6   1.6 |   437   277    18    27   207 | 11.72    2  6.76   nan  1.56  309 |     8    6     5 ( 0.7) |    41    22 | 0.92    74  0.48 0.94 |  nan   nan   nan  nan  nan  nan   nan | 0.283 0.109 0.006 | 0.0000 0.0000   1159   4.7 50.4
  EXC    158.7  4.0  20.0    2.5  12.2 |  4096  2281   135   237   236 |  9.38   15  8.71   nan  1.56  105 |    36   21    18 ( 2.3) |    38    32 | 0.68    35  0.47 0.68 |  nan   nan   nan  nan  nan  nan   nan | 1.833 0.742 0.013 | 0.0000 0.0000   3966  20.3 22.9
  EXC    166.4  6.0  20.0   -4.9   1.6 |  1227   738    46    76   142 |  9.38    8  8.09   nan  1.56  252 |    14    8     8 ( 1.0) |    30    18 | 0.83    27  0.50 0.92 |  nan   nan   nan  nan  nan  nan   nan | 0.289 0.182 0.005 | 0.0000 0.0000   2544  10.2 37.3
  EXC    266.2  2.9  21.2   -4.3   1.2 |   264   143     9    17   192 | 10.16    9  8.22   nan  1.56  164 |    11    6     5 ( 0.7) |    22    15 | 0.74    94  0.53 0.91 |  nan   nan   nan  nan  nan  nan   nan | 0.198 0.087 0.005 | 0.0000 0.0000    705   2.3 56.2
  EXC    271.3  4.1  20.3   -4.2   1.4 |   597   361    23    36    95 |  9.38    6  8.42   nan  1.56  263 |    23   12    11 ( 1.4) |    43    27 | 0.81    44  0.50 0.95 |  nan   nan   nan  nan  nan  nan   nan | 0.188 0.191 0.008 | 0.0000 0.0000   1445   6.2 47.2
  EXC    315.7 18.0  24.0   -3.9   5.2 |  1345   502    31    83   116 | 10.94   18  9.71   nan  1.56   91 |    21    9    10 ( 1.2) |    42    28 | 0.80    25  0.51 0.94 |  nan   nan   nan  nan  nan  nan   nan | 0.861 0.271 0.008 | 0.0000 0.0000   1949   7.8 43.2
  EXC    333.3 12.5  26.7   -3.6   1.3 |   680   209    13    42   115 | 12.50    9  7.79   nan  1.56  155 |     9    5     4 ( 0.5) |    35    22 | 0.80    11  0.17 0.96 |  nan   nan   nan  nan  nan  nan   nan | 0.312 0.220 0.006 | 0.0000 0.0000    820   3.4 53.3
  EXC    345.0  2.8  25.5   -3.7   0.5 |   360   117     7    23   118 | 12.50   20  8.43   nan  1.56   57 |     6    4     4 ( 0.5) |    21    15 | 0.91    18  0.43 0.97 |  nan   nan   nan  nan  nan  nan   nan | 0.126 0.085 0.005 | 0.0000 0.0000    512   1.8 57.8
  EXC    347.9  4.5  25.8   -3.8   0.7 |   517   200    13    32   128 | 12.50   29  9.06   nan  1.56  104 |     6    5     4 ( 0.5) |    38    22 | 0.81    22  0.34 0.99 |  nan   nan   nan  nan  nan  nan   nan | 0.126 0.138 0.006 | 0.0000 0.0000    796   3.4 53.3
  EXC    351.4  8.5  25.9   -3.4   5.1 |  1978   289    18   122   119 | 12.50   33  9.38   nan  1.56  239 |    15    9     8 ( 1.0) |    49    34 | 0.74     9  0.37 0.97 |  nan   nan   nan  nan  nan  nan   nan | 1.096 0.305 0.010 | 0.0000 0.0000   1135   4.9 50.1
  EXC    359.1  8.0  28.0   -4.7   3.0 |  1201   519    33    75   108 | 13.28   12  7.33   nan  1.56  103 |    15    7     6 ( 0.8) |    47    31 | 0.75    24  0.39 0.94 |  nan   nan   nan  nan  nan  nan   nan | 0.519 0.235 0.009 | 0.0000 0.0000   1870   8.2 42.3
  EXC    366.8  4.6  29.0   -4.1   1.1 |   698   224    14    44   127 | 14.06   18  7.30   nan  1.56  194 |    15    8     7 ( 0.9) |    62    33 | 0.80    -4  0.45 0.96 |  nan   nan   nan  nan  nan  nan   nan | 0.281 0.224 0.009 | 0.0000 0.0000    747   3.7 52.6
  EXC    371.4  7.9  29.0   -4.1   0.9 |   662   192    12    41   115 | 14.06   11  6.08   nan  1.56  156 |     5    3     3 ( 0.3) |    40    27 | 0.62    27  0.26 0.86 |  nan   nan   nan  nan  nan  nan   nan | 0.276 0.156 0.008 | 0.0000 0.0000    810   3.1 54.0
  EXC    378.9  5.2  29.2   -4.1   1.5 |   909   204    13    57   110 | 14.06   24  6.87   nan  1.56  123 |     6    5     4 ( 0.5) |    41    24 | 0.92    -4  0.27 0.95 |  nan   nan   nan  nan  nan  nan   nan | 0.378 0.175 0.007 | 0.0000 0.0000    766   3.4 53.3
  EXC    383.2  2.4  29.5   -3.9   0.6 |   304    97     6    18   147 | 14.06   10  7.57   nan  1.56   91 |     6    5     4 ( 0.5) |    43    23 | 0.54    10  0.66 0.98 |  nan   nan   nan  nan  nan  nan   nan | 0.116 0.143 0.006 | 0.0000 0.0000    333   1.6 58.6
  EXC    385.9 13.3  25.7   -5.0   3.2 |  1423   486    31    88   107 | 12.50   11  8.45   nan  1.56  209 |    16    9     8 ( 1.0) |    48    32 | 0.60    22  0.40 0.90 |  nan   nan   nan  nan  nan  nan   nan | 0.664 0.235 0.009 | 0.0000 0.0000   1932   7.8 43.2
  EXC    398.4  3.0  20.3   -3.4   0.8 |   540   265    16    34   155 | 10.16    9  8.07   nan  1.56  137 |    12    6     6 ( 0.8) |    34    17 | 0.84   -20  0.70 0.97 |  nan   nan   nan  nan  nan  nan   nan | 0.106 0.161 0.005 | 0.0000 0.0000    851   4.3 51.3
  EXC *  401.0 11.8  24.0   -2.8   3.1 |  1619   477    29   100   134 | 19.53    4  8.60   nan  1.56  152 |    92   26    20 ( 2.6) |   108    50 | 0.45   -61  0.53 0.48 |  nan   nan   nan  nan  nan  nan   nan | 0.606 0.747 0.016 | 0.0000 0.0008   1755   7.4 44.1
  OSC *  408.8  1.5  26.0   -2.7   2.9 |  1619   847    52   100   300 | 19.53    8  6.61   nan  1.56  316 |    92   66    52 ( 6.5) |   253   107 | 1.00   -65  1.00 1.00 |  nan   nan   nan  nan  nan  nan   nan | 0.292 0.747 0.037 | 0.0000 0.0067   2768  11.1 35.4
  EXC    412.7 10.5  27.6   -4.4   8.8 |  2358   527    33   145   163 | 12.50   32  9.19   nan  1.56  265 |    19   11     9 ( 1.2) |    53    32 | 0.84    15  0.37 0.87 |  nan   nan   nan  nan  nan  nan   nan | 1.585 0.372 0.010 | 0.0000 0.0000   2004   8.2 42.3
  EXC    422.4  2.1  30.9   -4.1   0.3 |   322    84     5    20   135 | 14.84   15  6.28   nan  1.56   53 |     4    3     2 ( 0.3) |    28    26 | 0.91    32  0.73 0.89 |  nan   nan   nan  nan  nan  nan   nan | 0.071 0.085 0.007 | 0.0000 0.0000    376   1.3 59.5
  EXC    424.4  6.8  31.4   -2.7   3.0 |  1036   340    21    63   117 | 14.84    5  6.64   nan  1.56  155 |    14    7     6 ( 0.7) |    61    35 | 0.90    -0  0.54 0.96 |  nan   nan   nan  nan  nan  nan   nan | 0.793 0.198 0.010 | 0.0000 0.0000   1398   5.7 48.3
  EXC    430.4  2.0  31.2   -2.7   0.2 |   340   178    10    21    76 | 14.84   10  6.81   nan  1.56  493 |     3    2     2 ( 0.2) |    45    19 | 0.83     4  0.33 0.99 |  nan   nan   nan  nan  nan  nan   nan | 0.092 0.085 0.005 | 0.0000 0.0000    640   2.6 55.5
  EXC    431.7  4.1  31.2   -2.6   1.4 |   918   222    13    56   105 | 14.84    6  5.65   nan  1.56  337 |    20    9     6 ( 0.8) |    75    44 | 0.83    29  0.30 0.93 |  nan   nan   nan  nan  nan  nan   nan | 0.273 0.224 0.012 | 0.0000 0.0000    782   3.4 53.3
  EXC    434.9 18.4  30.8   -4.2   4.2 |  1317   466    29    82    88 |  1.56    7  6.74   nan  1.56  269 |    28    9     7 ( 0.9) |    57    36 | 0.42    -5  0.48 0.52 |  nan   nan   nan  nan  nan  nan   nan | 0.924 0.309 0.010 | 0.0000 0.0000   1813   7.4 44.1
  EXC    452.4 13.0  31.3   -4.8   1.7 |  1222   598    37    76    80 | 14.84   20  6.18   nan  1.56  259 |     5    3     3 ( 0.3) |    42    26 | 0.76    10  0.23 0.91 |  nan   nan   nan  nan  nan  nan   nan | 0.373 0.241 0.007 | 0.0000 0.0000   2148   8.8 40.6
  EXC    464.5  2.6  31.1   -4.1   1.3 |   613   187    11    38   181 |  1.56   14  5.70   nan  1.56  621 |    13    4     3 ( 0.4) |    41    28 | 0.79    19  0.45 0.79 |  nan   nan   nan  nan  nan  nan   nan | 0.505 0.172 0.009 | 0.0000 0.0000    762   2.8 54.7
  EXC    466.4  7.8  31.1   -1.9   3.5 |  1315   473    29    81   100 | 14.84    8  5.42   nan  1.56  217 |    14    6     4 ( 0.5) |    56    31 | 0.80     3  0.28 0.94 |  nan   nan   nan  nan  nan  nan   nan | 0.943 0.214 0.009 | 0.0000 0.0000   1796   7.4 44.1
  EXC    473.4  3.2  31.1   -3.7   1.2 |   627   311    20    39    60 | 14.84    9  6.45   nan  1.56  216 |    10    4     4 ( 0.5) |    51    30 | 0.86    74  0.41 0.77 |  nan   nan   nan  nan  nan  nan   nan | 0.350 0.157 0.009 | 0.0000 0.0000   1110   5.4 48.9
  EXC    475.8 20.3  31.2   -4.6   1.8 |  1101   368    23    69   117 | 14.84    7  5.85   nan  1.56  182 |    10    4     3 ( 0.4) |    41    26 | 0.65     1  0.20 0.86 |  nan   nan   nan  nan  nan  nan   nan | 0.361 0.199 0.007 | 0.0000 0.0000   1626   6.2 47.2
  EXC    495.1  5.0  31.1   -4.5   0.3 |   666   308    20    42   140 |  1.56    5  6.55   nan  1.56  473 |     3    2     2 ( 0.2) |    25    18 | 0.78   -14  0.29 0.68 |  nan   nan   nan  nan  nan  nan   nan | 0.180 0.184 0.005 | 0.0000 0.0000   1338   5.4 48.9
  EXC    499.3  4.2  31.1   -4.4   0.4 |   589   281    18    37   125 | 14.84    7  6.42   nan  1.56  252 |     3    2     2 ( 0.2) |    30    23 | 0.45    18  0.25 0.88 |  nan   nan   nan  nan  nan  nan   nan | 0.207 0.174 0.007 | 0.0000 0.0000   1231   4.9 50.1
  EXC    505.9  3.5  31.0   -4.5   0.9 |   907   237    14    57   138 | 14.84   15  5.16   nan  1.56  213 |     5    5     3 ( 0.4) |    47    29 | 0.86    27  0.44 0.90 |  nan   nan   nan  nan  nan  nan   nan | 0.295 0.225 0.007 | 0.0000 0.0000    955   3.7 52.6
  EXC    509.9  9.4  31.1   -3.8   5.6 |  2127   482    30   132   109 | 14.84    7  6.54   nan  1.56  167 |    32   12     9 ( 1.1) |    69    41 | 0.78   -21  0.54 0.92 |  nan   nan   nan  nan  nan  nan   nan | 1.159 0.345 0.012 | 0.0000 0.0000   1820   7.6 43.7
  EXC    518.5  3.4  29.1   -7.5   7.4 |  2419  1633   101   150    86 | 14.06   20  6.29   nan  1.56  109 |    11   11     8 ( 1.1) |    68    41 | 0.85     3  0.59 0.98 |  nan   nan   nan  nan  nan  nan   nan | 1.748 0.202 0.011 | 0.0000 0.0000   3684  16.9 26.0
  EXC    534.1 18.5  23.0   -1.3   8.5 |  1872   614    38   115   166 | 10.94   29  9.91   nan  1.56  228 |    22   10    11 ( 1.4) |    45    34 | 0.83    31  0.58 0.92 |  nan   nan   nan  nan  nan  nan   nan | 1.657 0.317 0.010 | 0.0000 0.0000   2056   9.0 40.2
  EXC    551.7  2.2  21.6   -0.4   1.5 |   580   136     8    36    72 | 10.16   43  9.37   nan  1.56   97 |    22   12    12 ( 1.5) |    43    28 | 0.96    36  0.59 0.97 |  nan   nan   nan  nan  nan  nan   nan | 0.316 0.110 0.007 | 0.0000 0.0000    528   2.1 57.0
  EXC    553.2  3.9  20.3   -5.7   9.5 |  2352  1127    70   146   145 |  9.38   74  9.57   nan  1.56  170 |    33   24    26 ( 3.2) |    56    47 | 0.83    27  0.44 0.94 |  nan   nan   nan  nan  nan  nan   nan | 1.434 0.233 0.014 | 0.0000 0.0000   3076  13.6 30.7
  EXC    595.1  7.9  21.0   -3.4   1.4 |   735   256    16    45   148 | 10.16   18  9.29   nan  1.56  244 |    16    9     9 ( 1.2) |    46    31 | 0.80    32  0.43 0.91 |  nan   nan   nan  nan  nan  nan   nan | 0.269 0.203 0.009 | 0.0000 0.0000    963   4.1 51.6
  EXC    602.0  8.6  23.1   -4.9   1.8 |   873   431    27    54    94 | 10.94   30  9.74   nan  1.56  135 |    15   10    10 ( 1.2) |    36    22 | 0.88    26  0.46 0.98 |  nan   nan   nan  nan  nan  nan   nan | 0.272 0.145 0.006 | 0.0000 0.0000   1767   7.1 45.1
  EXC    609.8  2.3  23.9   -4.1   0.4 |   581   137     9    36   121 | 11.72   46  9.77   nan  1.56   81 |    11    8     8 ( 1.0) |    35    31 | 0.92    12  0.69 0.99 |  nan   nan   nan  nan  nan  nan   nan | 0.092 0.100 0.008 | 0.0000 0.0000    614   2.3 56.2
  EXC    611.6  2.8  23.3   -4.3   1.0 |   729   167    11    46   106 | 10.94   90 10.28   nan  1.56  155 |    11    9    10 ( 1.2) |    32    25 | 0.93    17  0.45 0.97 |  nan   nan   nan  nan  nan  nan   nan | 0.175 0.157 0.007 | 0.0000 0.0000    831   2.8 54.7
  EXC    613.6  5.0  22.3   -4.3   6.0 |  2337   303    19   145    98 | 10.16   34  9.57   nan  1.56  189 |    34   18    18 ( 2.3) |    47    36 | 0.49    30  0.43 0.61 |  nan   nan   nan  nan  nan  nan   nan | 0.865 0.388 0.012 | 0.0000 0.0000   1333   5.1 49.5
  STRATA (highway; Welch 1.28 s runs):  v      |cmd|      secs  welch_s |  2-4    4-8   8-12   4-12 (wire^2) | fpk prom | env50 env95 env99 osc_duty | idx50 idx90 cmd50 tq50
    20-25    100-300          25      8 |      1      1     13     14 | 10.94   20 |    5   13   20 0.000 |   12   18   188   166
    20-25    300-1000         49     28 |      7      9     60     69 | 10.94   12 |    7   16   24 0.000 |   33   52   528   133
    20-25    1000-inf          8      2 |     10      8    233    242 | 10.94   35 |   15   33   33 0.000 |   81  129  1319   161
    20-25    0-inf            94     90 |      6      7     59     66 | 10.94   13 |    6   19   31 0.000 |   25   59   397   150
    25-32    0-100            31      9 |      3      1      3      4 | 14.06    5 |    3   10   19 0.000 |    4   10    67   154
    25-32    100-300          54     12 |      2      1      4      5 | 12.50   12 |    3   10   22 0.000 |   12   20   198   132
    25-32    300-1000         83     54 |      8      4      4      9 | 14.84    9 |    3   13   24 0.007 |   34   55   551    88
    25-32    1000-inf         12      3 |     21     12     39     51 | 12.50   47 |    7   17   41 0.011 |   79  120  1279   101
    25-32    0-inf           179    178 |      9      6     12     18 | 12.50    8 |    3   14   25 0.004 |   21   56   333   113
    20-32    0-100            44      9 |      3      1      3      4 | 14.06    5 |    4   12   19 0.000 |    4   10    63   157
    20-32    100-300          78     20 |      2      1      8      9 | 12.50    6 |    4   12   21 0.000 |   12   19   195   144
    20-32    300-1000        132     85 |      8      6     23     29 | 10.94    4 |    4   15   24 0.004 |   34   54   542   104
    20-32    1000-inf         19      6 |     16     10    127    137 | 12.50   28 |    9   33   34 0.007 |   80  123  1295   123
    20-32    0-inf           273    270 |      8      6     28     34 | 12.50    3 |    4   15   28 0.003 |   22   57   355   126