==================================================================================================================================
ROUTE r33  75604b0a432fdc89_00000033--1948a2c354  (V280r2)   engaged 649 s   HIGHWAY (engaged, v>=20, |ang|<8) 112 s
  highway v p50/max 23.7/30.6   |cmd| p50/p90/p99 [  79.  200. 2450.]   idx p50/p90/p99 [ 5. 11. 23.]   |tq_raw| p50/p90 [121. 284.]
  2-12 Hz rate envelope on highway: p50/p95/p99/max [ 10.  38.  69. 125.] wire (/8 = deg/s)   duty>40: 0.046
  highway rate spectrum: 2-4 23  4-8 121  8-15 107 (Welch power, wire^2)
  CHAIN [V280 rev 2 (line to x6 top, clamp 46080)] on highway frames:
    P-rail duty 0.0000  fb-clamp duty 0.0000  |E| p50/p90/max 479/1200/6305  |P| p50/p90 497/1339  |fb| p50/p90 212/1009  32|sp| p50/p90 693/1525  ref p50/p90 2.8/6.2 deg/s  Kp p50 267 (window 59.5 deg/s)  fb-dominant 0.22  |E| past P window 0.0000
  COMMAND EXCURSIONS (|cmd|_1Hz > 120, +1.5 s): 16;   OSC EPISODES (env > 40 wire, >= 0.6 s): 5, 7.0 s
  kind    t0    dur     v  ang50 swing | cmdpk cmd50 idx50 idxpk  tq50 | f_rate prom f_inst  f_T  f_cmd promc | envpk amp  amp412 (deg/s) | ampcmd cmd412 | coh_c ph_c cohband cohA | ampT |T|50 |T|90 Tsat damp cohT phT | des err err412 | ch_prail ch_fbcl |E|50 ref50 win
  EXC    242.8  2.1  20.3    0.5   1.7 |   376    98     6    23   136 |  1.56    4  7.32  1.56  1.56   18 |    19   17    15 ( 1.9) |    60    51 | 0.94   -12  0.91 0.98 |   45    80   192 0.00 0.29 0.68   -37 | 0.117 0.191 0.011 | 0.0000 0.0000    475   3.4 58.6
  EXC    298.4  2.4  20.0   -0.9   3.1 |   332   119     7    21   144 |  9.38    5  6.47  9.38  1.56   11 |    21   18    17 ( 2.1) |    71    61 | 0.98    31  0.88 0.98 |   49   104   200 0.00 0.30 0.96    42 | 0.356 0.145 0.012 | 0.0000 0.0000    645   3.9 57.8
  EXC    306.4  2.2  23.6    0.6   1.4 |   252    72     4    15   154 | 10.16    4  7.43  1.56  1.56   13 |    14   12    12 ( 1.5) |    56    55 | 0.97    46  0.90 0.91 |   39    80   160 0.00 0.26 0.78   -41 | 0.184 0.110 0.011 | 0.0000 0.0000    490   2.2 60.4
  EXC    319.3  2.0  24.4    0.8   1.4 |   277    86     5    17   165 | 11.72    4  7.49  1.56  6.25    6 |    19   13    12 ( 1.5) |    48    44 | 0.91    34  0.87 0.88 |   29    88   136 0.00 0.33 0.89    28 | 0.180 0.144 0.010 | 0.0000 0.0000    538   2.8 59.5
  EXC    403.4  2.1  22.2   -1.6   1.5 |   234    77     5    15    95 |  3.91    4  7.40  3.91  3.91    8 |    16   11    10 ( 1.3) |    53    45 | 0.97    15  0.91 0.92 |   38   104   168 0.00 0.42 0.95    -9 | 0.164 0.100 0.010 | 0.0000 0.0000    531   2.8 59.5
  EXC    406.1  2.1  21.8   -2.1   1.4 |   202    94     6    13    94 | 10.16    3  7.09  1.56  1.56   26 |    15   10     9 ( 1.2) |    43    35 | 0.99    18  0.90 1.00 |   29   108   208 0.00 0.42 0.96    51 | 0.166 0.111 0.008 | 0.0000 0.0000    707   3.4 58.6
  EXC    446.8  2.2  22.9    0.4   1.5 |   243    77     5    15    91 |  3.91    5  6.02  1.56  3.91   17 |    16   12    10 ( 1.2) |    61    49 | 0.97    20  0.90 0.92 |   37    80   160 0.00 0.33 0.88    -4 | 0.170 0.139 0.010 | 0.0000 0.0000    543   2.8 59.5
  EXC *  460.3  2.3  29.1    2.9   2.9 |   438   118     7    27   130 |  7.81   17  7.18  1.56  7.81   23 |    61   40    38 ( 4.8) |   143   133 | 1.00    33  0.87 1.00 |   75   112   248 0.00 0.40 1.00    27 | 0.332 0.295 0.034 | 0.0000 0.0000    663   3.9 57.8
  OSC *  460.5  1.4  29.0    3.3   2.0 |   438   154    10    27   177 |  7.81   23  7.29  1.56  7.81   41 |    61   49    47 ( 5.9) |   176   160 | 1.00    32  1.00 1.00 |   90   152   280 0.00 0.38 1.00    30 | 0.234 0.225 0.042 | 0.0000 0.0000    866   5.6 55.5
  OSC    464.4  1.4  30.2    2.3   2.3 |   438   143     8    28   201 |  7.03   26  6.93  7.03  7.03   55 |    73   53    52 ( 6.5) |   187   178 | 1.00    23  1.00 1.00 |   84    72   184 0.00 0.19 1.00    20 | 0.360 0.295 0.045 | 0.0000 0.0000    835   4.8 56.6
  EXC *  472.7  2.7  28.6   -0.4   3.1 |   425   119     8    27   114 |  7.81    6  7.53  1.56  1.56    7 |    51   24    23 ( 2.8) |    85    80 | 0.97    31  0.91 1.00 |   51    88   200 0.00 0.25 0.98    -5 | 0.444 0.309 0.019 | 0.0000 0.0000    627   4.5 57.0
  OSC *  475.0  1.7  28.1   -3.3   5.9 |   811   162    10    51   259 |  7.03   65  7.32  7.03  7.03  125 |   125   80    79 ( 9.8) |   226   222 | 1.00    17  1.00 1.00 |  114   184   319 0.00 0.48 1.00    48 | 0.781 0.602 0.067 | 0.0000 0.0000    975   5.6 55.5
  EXC *  475.0  2.4  28.2   -2.4   5.9 |   811   133     8    51   200 |  7.03   47  7.47  7.03  7.03   52 |   125   69    68 ( 8.5) |   202   198 | 0.98    20  0.87 0.97 |  102   120   304 0.00 0.50 0.97    45 | 0.777 0.602 0.058 | 0.0000 0.0000    854   4.5 57.0
  OSC *  477.5  1.3  29.0    2.8   5.0 |   619   174    10    38   225 |  7.81   52  7.47  7.81  7.81   50 |    76   57    57 ( 7.1) |   161   156 | 1.00    19  1.00 1.00 |   88   160   304 0.00 0.35 1.00    25 | 0.466 0.572 0.051 | 0.0000 0.0000   1073   5.6 55.5
  EXC *  477.5  2.6  28.8    1.9   4.8 |   619   136     8    38   161 |  7.81   21  7.57  7.81  7.81   20 |    76   45    43 ( 5.4) |   132   126 | 1.00    19  0.92 1.00 |   76   128   256 0.00 0.45 0.98    27 | 0.458 0.566 0.040 | 0.0000 0.0000    788   4.5 57.0
  EXC    486.0  5.1  25.4   -3.1   6.9 |  4096   242     3    33  1068 |  1.56  116  5.25  1.56  1.56 1590 |    47   26    17 ( 2.2) |   127    73 | 0.61    76  0.49 0.62 |   55   192   640 0.00 0.44 0.43   -46 | 0.994 1.849 0.018 | 0.0000 0.0000    920   1.7 61.3
  EXC *  490.5  3.5  24.5    3.1  10.9 |   688   201    13    42   192 |  7.81   15  6.92  7.81  1.56   14 |    58   37    35 ( 4.4) |   116   102 | 0.91    29  0.79 0.89 |   73   136   352 0.00 0.34 0.79    37 | 1.364 0.785 0.024 | 0.0000 0.0000    842   7.3 53.3
  OSC *  491.6  1.2  24.6    4.4   6.4 |   688   296    18    42   242 |  7.44   16  6.72  8.26  7.44   15 |    58   45    43 ( 5.4) |   124   110 | 1.00    17  1.00 1.00 |   95   288   416 0.00 0.25 1.00    52 | 0.739 0.540 0.030 | 0.0000 0.0000   1472  10.0 50.1
  EXC    493.1  2.7  23.4    1.0   6.5 |   310    95     6    20   103 |  1.56    7  7.26  2.34  1.56   16 |    23   19    17 ( 2.1) |    77    59 | 0.96   -11  0.87 0.55 |   49    48   136 0.00 0.37 0.72   -49 | 0.685 0.605 0.015 | 0.0000 0.0000    395   3.4 58.6
  EXC    496.5  2.1  22.7   -0.8   1.5 |   265    88     6    17    78 |  3.91    9  6.87  3.91  4.69   24 |    18   13    12 ( 1.5) |    63    51 | 0.97    19  0.66 0.96 |   45   112   206 0.00 0.56 0.94    -6 | 0.203 0.101 0.011 | 0.0000 0.0000    705   3.4 58.6
  EXC    498.5  2.6  19.7    5.0  10.7 |   581   243    15    35   229 |  8.59   26  8.22  8.59  8.59   20 |    69   41    41 ( 5.1) |    97    94 | 0.96    46  0.89 0.99 |   90   248   424 0.00 0.23 0.94    37 | 0.848 0.576 0.024 | 0.0000 0.0000   1441   8.4 52.0
  STRATA (highway; Welch 1.28 s runs):  v      |cmd|      secs  welch_s |  2-4    4-8   8-12   4-12 (wire^2) | fpk prom | env50 env95 env99 osc_duty | idx50 idx90 cmd50 tq50
    20-25    0-100            52     38 |     11     21     17     39 |  6.25    1 |    7   15   18 0.000 |    3    7    54   106
    20-25    100-300          20      3 |     21     37     41     78 |  9.38    3 |   12   27   37 0.008 |    8   13   133   141
    20-25    0-inf            72     71 |     13     25     31     57 | 10.16    1 |    8   19   37 0.008 |    4   10    73   117
    25-32    0-100            28     20 |     21    166     94    260 |  7.03    5 |   14   51   71 0.072 |    4   10    67   104
    25-32    0-inf            40     40 |     68    329    128    457 |  7.03    5 |   16   56   99 0.111 |    5   14    93   127
    20-32    0-100            80     57 |     14     71     43    114 |  7.03    4 |    9   28   59 0.025 |    4    8    58   105
    20-32    100-300          30      4 |     25    322    168    490 |  7.81   12 |   13   44   76 0.065 |    9   15   140   149
    20-32    0-inf           112    112 |     33    143     68    211 |  7.03    4 |   10   38   69 0.046 |    5   11    79   121