==================================================================================================================================
ROUTE r34  75604b0a432fdc89_00000034--e2d2d5381f  (V280r2-newtune)   engaged 903 s   HIGHWAY (engaged, v>=20, |ang|<8) 88 s
  highway v p50/max 27.3/32.1   |cmd| p50/p90/p99 [  99.  323. 2161.]   idx p50/p90/p99 [ 6. 17. 48.]   |tq_raw| p50/p90 [135. 484.]
  2-12 Hz rate envelope on highway: p50/p95/p99/max [ 8. 27. 41. 63.] wire (/8 = deg/s)   duty>40: 0.012
  highway rate spectrum: 2-4 18  4-8 25  8-15 94 (Welch power, wire^2)
  CHAIN [V280 rev 2 (line to x6 top, clamp 46080) + new tune] on highway frames:
    P-rail duty 0.0067  fb-clamp duty 0.0000  |E| p50/p90/max 531/1391/21441  |P| p50/p90 562/1625  |fb| p50/p90 332/1711  32|sp| p50/p90 832/2344  ref p50/p90 3.4/9.5 deg/s  Kp p50 271 (window 58.6 deg/s)  fb-dominant 0.23  |E| past P window 0.0067
  COMMAND EXCURSIONS (|cmd|_1Hz > 120, +1.5 s): 20;   OSC EPISODES (env > 40 wire, >= 0.6 s): 0, 0.0 s
  kind    t0    dur     v  ang50 swing | cmdpk cmd50 idx50 idxpk  tq50 | f_rate prom f_inst  f_T  f_cmd promc | envpk amp  amp412 (deg/s) | ampcmd cmd412 | coh_c ph_c cohband cohA | ampT |T|50 |T|90 Tsat damp cohT phT | des err err412 | ch_prail ch_fbcl |E|50 ref50 win
  EXC    500.1  2.3  29.2   -1.4   2.3 |   257    87     6    16   139 | 14.06    8  7.71  1.56  1.56   25 |     9   10     8 ( 1.1) |    24    19 | 0.97    46  0.80 0.98 |   24   104   215 0.00 0.46 0.97    34 | 0.208 0.300 0.009 | 0.0000 0.0000    588   3.4 58.6
  EXC    506.6  6.4  31.5   -4.6  14.4 |  2171   688    16   118  1766 |  1.56   67  4.17  1.56  1.56 1384 |    45   22    11 ( 1.4) |    62    26 | 0.64    98  0.28 0.58 |   39   576   746 0.00 0.46 0.17   -57 | 1.885 1.414 0.014 | 0.1097 0.0000   1326   8.9 51.3
  EXC    512.4  2.9  31.4   -1.7   6.7 |   335    93     5    21   134 |  1.56   20  5.79  1.56  1.56  165 |    11   11     9 ( 1.1) |    29    20 | 0.98   -26  0.76 0.89 |   26    48   232 0.00 0.51 0.86   -81 | 0.811 0.764 0.012 | 0.0000 0.0000    370   2.8 59.5
  EXC    521.0  2.7  32.0   -0.5   3.7 |   373    95     6    23    90 | 15.62    6  7.01  7.81  1.56   45 |    44   23    22 ( 2.7) |    54    38 | 0.86     3  0.74 0.95 |   64    72   192 0.00 0.32 0.93    69 | 0.375 0.471 0.024 | 0.0000 0.0000    429   3.4 58.6
  EXC    525.2  2.5  31.0    0.4   3.0 |   278    73     4    18   151 | 14.84    2  7.56  1.56  1.56   80 |    28   18    18 ( 2.2) |    41    30 | 0.89   -30  0.62 0.91 |   52    40   128 0.00 0.34 0.92    58 | 0.357 0.338 0.017 | 0.0000 0.0000    339   2.2 60.4
  EXC    533.0  5.5  27.2    4.3  14.7 |  3862   276    12   237   451 |  1.56   13  4.61  1.56  1.56  166 |    30   18    11 ( 1.3) |    57    27 | 0.42     6  0.60 0.31 |   29   232   744 0.00 0.23 0.44   -51 | 2.969 1.016 0.014 | 0.0794 0.0000   1047   6.7 54.0
  EXC    540.4  2.3  26.0    9.0   8.2 |  2963  2138     3   183  2557 |  1.56  310  2.93  3.12  1.56  828 |    76   43    18 ( 2.2) |   106    35 | 0.96    73  0.83 0.94 |   32   744   784 0.00 0.32 0.99  -108 | 0.685 1.096 0.021 | 0.3789 0.0000   2049   1.7 61.3
  EXC    550.1  2.4  27.6    0.0   7.6 |   351    99     7    22    52 |  1.56   15  7.86  1.56  1.56   59 |    10   12     9 ( 1.1) |    28    17 | 0.96   -12  0.55 0.89 |   30   104   160 0.00 0.51 0.50  -132 | 1.034 0.641 0.011 | 0.0000 0.0000    653   3.9 57.8
  EXC    554.1  2.2  28.0   -2.1   1.9 |   260   119     8    17    57 |  1.56   12  7.07  1.56  1.56   89 |    10    8     7 ( 0.9) |    26    17 | 0.99   -23  0.73 0.87 |   25   168   226 0.00 0.48 0.99   -59 | 0.171 0.184 0.008 | 0.0000 0.0000    960   4.5 57.0
  EXC    555.8  2.0  27.9   -2.0   3.2 |   242   108     7    15   149 |  1.56    8  7.27  1.56  1.56   66 |    11    9     8 ( 0.9) |    29    20 | 0.95    -4  0.83 0.81 |   24    88   216 0.00 0.39 0.59   -18 | 0.346 0.291 0.011 | 0.0000 0.0000    577   3.9 57.8
  EXC    559.7  4.3  26.8    1.1  12.2 |   540   175    11    33   176 |  1.56   14  7.28  1.56  1.56  117 |    20   13    12 ( 1.5) |    31    21 | 0.89   -12  0.74 0.73 |   38   160   360 0.00 0.32 0.50   -45 | 1.201 1.145 0.011 | 0.0000 0.0000    906   6.2 54.7
  EXC    563.1  4.7  26.5   -1.2  12.3 |   495   138     9    31   168 |  1.56   18  7.98  1.56  1.56  184 |    18   13    11 ( 1.4) |    24    19 | 0.94   -13  0.68 0.77 |   35    88   312 0.00 0.37 0.51   -62 | 0.986 1.302 0.012 | 0.0000 0.0000    573   5.0 56.2
  EXC    569.0  2.8  27.2   -2.0   7.7 |   504   216    11    32   276 |  1.56   26  5.12  1.56  1.56  603 |    18   14    10 ( 1.3) |    32    19 | 0.92    11  0.45 0.91 |   33   136   302 0.00 0.45 0.76   -19 | 0.766 0.728 0.011 | 0.0000 0.0000    773   6.2 54.7
  EXC    571.0  3.3  27.2    2.4   6.4 |   350   124     7    21   133 | 13.28    7  8.07  1.56  1.56   26 |    14   10     9 ( 1.1) |    23    19 | 0.66    32  0.73 0.91 |   27   144   250 0.00 0.37 0.86    68 | 0.542 0.656 0.012 | 0.0000 0.0000    751   3.9 57.8
  EXC    576.9  2.0  26.8   -3.9   6.9 |   349   184     8    22   513 |  1.56   84  3.94  1.56  1.56  677 |    43   28    17 ( 2.1) |    78    32 | 0.51   106  0.69 0.31 |   54   120   248 0.00 0.58 0.65   130 | 0.660 0.926 0.019 | 0.0000 0.0000    877   4.5 57.0
  EXC    578.2  7.8  25.6   -0.5   8.0 |   402   160    10    25   175 |  1.56   14  8.47  1.56  1.56  159 |    26   18    16 ( 2.0) |    35    26 | 0.96   -16  0.70 0.92 |   41    96   216 0.00 0.32 0.81   -57 | 0.705 0.938 0.014 | 0.0000 0.0000    587   5.6 55.5
  EXC    585.1  3.9  21.4   -3.6   5.4 |   322   141     9    20   125 | 10.16   26  9.27 10.16  1.56   98 |    32   23    24 ( 3.0) |    34    24 | 0.93    14  0.73 0.93 |   55   136   240 0.00 0.30 0.88    60 | 0.582 0.384 0.013 | 0.0000 0.0000    825   5.0 56.2
  EXC    588.0  2.1  20.4   -3.4   2.9 |   189    94     6    12   156 | 10.16   32  9.42 10.16  1.56   80 |    23   22    21 ( 2.7) |    27    17 | 0.96    95  0.81 0.97 |   50    96   168 0.00 0.41 0.98    66 | 0.533 0.220 0.011 | 0.0000 0.0000    730   3.4 58.6
  EXC    591.7  2.6  20.1    7.7  19.1 |  3476   517    14    45   433 |  1.56   52  5.51  9.38  1.56 1765 |    62   41    30 ( 3.8) |    58    25 | 0.94    69  0.66 0.75 |   75   352   680 0.00 0.31 0.73   103 | 1.676 2.090 0.017 | 0.0000 0.0000   1274   7.8 52.6
  EXC    604.2  2.5  20.3   -7.0  19.5 |  3496   602    25   205   487 |  1.56   96  3.83 19.53  1.56  155 |    72   43    26 ( 3.2) |    68    27 | 1.00   138  0.68 0.93 |   64   448   784 0.00 0.18 0.95  -133 | 2.172 2.010 0.016 | 0.1606 0.0000   2152  13.9 46.1
  STRATA (highway; Welch 1.28 s runs):  v      |cmd|      secs  welch_s |  2-4    4-8   8-12   4-12 (wire^2) | fpk prom | env50 env95 env99 osc_duty | idx50 idx90 cmd50 tq50
    20-25    0-100             6      3 |      5     15    162    177 | 10.16   22 |   13   25   27 0.000 |    3    8    57   132
    20-25    100-300           7      2 |     77     28    334    362 | 10.94   17 |   18   30   32 0.000 |   10   16   168   175
    20-25    0-inf            14     14 |     17     20    188    207 | 10.16   11 |   17   33   48 0.017 |    8   17   128   165
    25-32    0-100            41     31 |      9      7     10     16 | 13.28    4 |    5   15   39 0.009 |    4    7    59    99
    25-32    100-300          24      2 |      4     29     33     62 | 12.50    3 |    9   18   32 0.003 |   10   18   172   160
    25-32    1000-inf          3      1 |    131     26     12     39 |  3.91   25 |   18   42   45 0.087 |    0  102  1820  2781
    25-32    0-inf            72     70 |     29     19     24     43 |  2.34    3 |    7   20   40 0.010 |    5   17    95   130
    20-32    0-100            48     35 |      8      7     22     29 | 13.28    3 |    6   20   35 0.008 |    4    7    59   104
    20-32    100-300          31      4 |     39     28    179    207 | 10.94    6 |   10   26   32 0.002 |   10   18   170   163
    20-32    1000-inf          4      1 |    131     26     12     39 |  3.91   25 |   20   45   59 0.143 |    0  102  1902  2797
    20-32    0-inf            87     84 |     26     19     52     70 | 10.16    2 |    8   27   41 0.012 |    6   17   100   136