========================================================================================================================
ROUTE r32 (V280r2)
  steady sign check (engaged, |ang|>5, |cmd|>200, v>10, n=1968): sign(cmd) == -sign(ang) 0.78 ; sign(rate) == sign(d ang/dt) 0.11
  HIGHWAY all frames  (224 s in Welch runs)
     f Hz | H_op=cmd/ang  |gain| ph coh | H_eps=rate/cmd |gain| ph coh | H_int=ang/rate |gain| ph coh |  coh-product |L| arg (NOT loop gain)
     1.56 |                188.0  -104 0.72 |                0.162     9 0.89 |                0.0229    92 0.76 |     0.699     -3
     2.34 |                325.1   -74 0.48 |                0.153    -7 0.73 |                0.0089    81 0.57 |     0.444     -1
     3.12 |                549.9   -65 0.60 |                0.166   -10 0.81 |                0.0062    78 0.66 |     0.566      4
     3.91 |                726.9   -66 0.76 |                0.175   -15 0.87 |                0.0056    82 0.78 |     0.714      1
     4.69 |                795.9   -62 0.79 |                0.184   -18 0.87 |                0.0051    83 0.80 |     0.742      3
     5.47 |                797.8   -57 0.82 |                0.196   -24 0.84 |                0.0047    85 0.79 |     0.741      4
     6.25 |                812.0   -64 0.82 |                0.219   -27 0.83 |                0.0042    97 0.82 |     0.746      6
     7.03 |                809.1   -69 0.89 |                0.264   -31 0.84 |                0.0038   104 0.88 |     0.807      5   <- line
     7.81 |                865.7   -66 0.94 |                0.269   -37 0.83 |                0.0036   105 0.89 |     0.831      2   <- line
     8.59 |                931.8   -67 0.95 |                0.245   -39 0.81 |                0.0035   107 0.85 |     0.810      0
     9.38 |                942.2   -73 0.91 |                0.260   -37 0.78 |                0.0031   110 0.83 |     0.769     -0
    10.16 |                915.6   -77 0.90 |                0.302   -35 0.79 |                0.0028   112 0.86 |     0.783     -0
    10.94 |                880.2   -83 0.93 |                0.349   -29 0.80 |                0.0026   111 0.84 |     0.788     -1
    11.72 |                878.0   -89 0.95 |                0.357   -22 0.78 |                0.0025   111 0.80 |     0.771     -1
    12.50 |                898.8   -95 0.93 |                0.329   -21 0.71 |                0.0023   115 0.72 |     0.693     -1
  HIGHWAY |cmd| 100-300  (5 s in Welch runs)
     f Hz | H_op=cmd/ang  |gain| ph coh | H_eps=rate/cmd |gain| ph coh | H_int=ang/rate |gain| ph coh |  coh-product |L| arg (NOT loop gain)
     1.56 |                142.6  -100 0.76 |                0.209     7 0.93 |                0.0249    94 0.78 |     0.743      1
     2.34 |                319.3  -155 0.34 |                0.147     0 0.66 |                0.0059   133 0.34 |     0.274    -22
     3.12 |                387.2   -62 0.58 |                0.214    -5 0.92 |                0.0068    73 0.60 |     0.567      6
     3.91 |                749.1   -57 0.98 |                0.190    -7 0.88 |                0.0062    64 0.91 |     0.886      0
     4.69 |                985.0   -66 0.92 |                0.217   -13 0.97 |                0.0042    77 0.93 |     0.910     -2
     5.47 |                849.8   -58 0.91 |                0.229   -21 0.99 |                0.0047    79 0.94 |     0.917      0
     6.25 |                959.4   -55 0.94 |                0.248   -21 0.99 |                0.0039    77 0.93 |     0.929      1
     7.03 |                913.3   -59 0.99 |                0.251   -40 0.90 |                0.0039   100 0.89 |     0.893      1   <- line
     7.81 |                953.0   -60 1.00 |                0.279   -43 0.99 |                0.0037   103 0.98 |     0.985      0   <- line
     8.59 |                977.0   -65 1.00 |                0.326   -39 0.99 |                0.0031   104 0.99 |     0.988      0
     9.38 |               1062.6   -73 0.99 |                0.356   -36 0.98 |                0.0026   109 0.98 |     0.971     -0
    10.16 |               1324.1   -76 0.96 |                0.304   -28 0.92 |                0.0023   103 0.97 |     0.925     -1
    10.94 |                929.0   -82 0.97 |                0.383   -22 0.96 |                0.0027   104 0.99 |     0.957      0
    11.72 |                870.3   -88 0.99 |                0.396   -16 0.99 |                0.0029   103 0.99 |     0.984      0
    12.50 |                874.2   -94 0.95 |                0.393   -12 0.80 |                0.0022   112 0.74 |     0.750      5
  OSC EPISODES pooled  (3 s in Welch runs)
     f Hz | H_op=cmd/ang  |gain| ph coh | H_eps=rate/cmd |gain| ph coh | H_int=ang/rate |gain| ph coh |  coh-product |L| arg (NOT loop gain)
     1.56 |                102.6  -108 0.95 |                0.284    17 0.99 |                0.0329    90 0.98 |     0.959     -0
     2.34 |                300.4   -98 0.79 |                0.209    53 0.93 |                0.0123    52 0.81 |     0.770      7
     3.12 |                805.2  -123 0.94 |                0.267    15 0.85 |                0.0041   110 0.97 |     0.880      2
     3.91 |                691.1   -99 0.92 |                0.232    -9 0.92 |                0.0057   110 0.99 |     0.916      2
     4.69 |                575.5   -92 0.92 |                0.273   -21 0.97 |                0.0059   114 0.96 |     0.924      2
     5.47 |                594.1   -91 0.94 |                0.313   -21 0.99 |                0.0051   112 0.95 |     0.940      1
     6.25 |                664.5   -92 0.96 |                0.356   -20 0.98 |                0.0040   114 0.96 |     0.954      1
     7.03 |                712.8   -86 0.99 |                0.397   -26 0.98 |                0.0034   112 0.97 |     0.972      1   <- line
     7.81 |                683.4   -75 1.00 |                0.471   -38 0.99 |                0.0030   113 0.97 |     0.980     -0   <- line
     8.59 |                659.1   -54 0.95 |                0.534   -63 0.99 |                0.0026   117 0.91 |     0.926      0
     9.38 |               1021.7   -61 0.78 |                0.271   -34 0.80 |                0.0027    87 0.91 |     0.756     -8
    10.16 |                551.0   -72 0.75 |                0.616   -54 0.97 |                0.0023   122 0.85 |     0.788     -4
    10.94 |                619.0   -54 0.21 |                0.006    51 0.05 |                0.0210   163 0.59 |     0.078    160
    11.72 |                252.4   -32 0.35 |                0.319  -113 0.51 |                0.0046   112 0.76 |     0.369    -33
    12.50 |               1151.5   -41 0.77 |                0.240   -99 0.91 |                0.0021   145 0.49 |     0.583      4
  COMMAND EXCURSIONS pooled  (29 s in Welch runs)
     f Hz | H_op=cmd/ang  |gain| ph coh | H_eps=rate/cmd |gain| ph coh | H_int=ang/rate |gain| ph coh |  coh-product |L| arg (NOT loop gain)
     1.56 |                143.6  -101 0.77 |                0.189    18 0.88 |                0.0270    79 0.80 |     0.734     -4
     2.34 |                214.0   -89 0.37 |                0.153    12 0.49 |                0.0100    76 0.59 |     0.328     -1
     3.12 |                416.3   -81 0.63 |                0.213     3 0.79 |                0.0065    74 0.67 |     0.579     -4
     3.91 |                674.3   -79 0.82 |                0.207    -9 0.91 |                0.0056    90 0.82 |     0.784      2
     4.69 |                664.8   -78 0.84 |                0.242   -14 0.95 |                0.0052    94 0.86 |     0.828      2
     5.47 |                657.9   -79 0.85 |                0.272   -19 0.94 |                0.0048    99 0.91 |     0.857      2
     6.25 |                688.2   -82 0.88 |                0.304   -18 0.91 |                0.0041   103 0.95 |     0.867      3
     7.03 |                674.3   -81 0.93 |                0.374   -24 0.90 |                0.0036   106 0.97 |     0.896      2   <- line
     7.81 |                723.7   -74 0.91 |                0.375   -32 0.84 |                0.0031   108 0.95 |     0.854      1   <- line
     8.59 |                887.7   -65 0.89 |                0.310   -40 0.79 |                0.0029   106 0.90 |     0.797     -0
     9.38 |                988.7   -70 0.89 |                0.284   -37 0.81 |                0.0028   106 0.84 |     0.779     -1
    10.16 |                943.5   -80 0.90 |                0.299   -31 0.84 |                0.0028   110 0.85 |     0.800     -0
    10.94 |                925.3   -87 0.88 |                0.304   -26 0.82 |                0.0027   113 0.80 |     0.755      0
    11.72 |                867.7   -88 0.83 |                0.330   -30 0.78 |                0.0025   117 0.77 |     0.709     -1
    12.50 |                872.2   -86 0.80 |                0.305   -34 0.60 |                0.0021   117 0.65 |     0.562     -3
  per event: kind t0 f0 | cmd/ang gain@f0 (cnt/deg) phase coh | cmd/ang gain 0.3-2 Hz | delay from phase slope 1-6 Hz (ms) | chain 4-12 Hz amp: 32sp  fb  E  P | corr(E,32sp) corr(E,-fb) | amp T_meas | rate amp (deg/s)
   EXC  344.6  6.90 |   982.9   -57 0.90 |   121.5 |    -41 |    349    358    356    404 |  0.49  0.52 |     34 |   1.6
   EXC  347.2  6.70 |  1185.7   -52 0.96 |   142.4 |    -49 |    593    389    533    588 |  0.77  0.20 |     48 |   1.8
   OSC  357.9  7.81 |   695.8   -78 1.00 |    74.4 |      1 |   1387   2525   2144   2787 |  0.02  0.84 |    148 |  11.4
   EXC  358.2  7.81 |   674.1   -76 0.95 |   101.3 |    nan |   1061   1670   1470   1875 |  0.16  0.78 |    104 |   7.6
   EXC  370.6  8.59 |  1134.8   -72 1.00 |   135.3 |    nan |    829    694    886   1009 |  0.67  0.47 |     64 |   3.1
   EXC  377.4  8.59 |   992.7   -72 0.97 |   160.4 |    -38 |    445    402    477    547 |  0.62  0.50 |     43 |   1.9
   EXC  415.5  7.64 |  1049.6   -64 1.00 |   101.6 |     41 |    453    352    449    517 |  0.70  0.38 |     43 |   1.6
   EXC  465.1 10.16 |   797.5   -74 1.00 |   205.3 |    -34 |    496    529    591    629 |  0.54  0.61 |     45 |   2.6
   OSC  536.8  7.03 |   760.3   -81 1.00 |   118.8 |    -18 |   1679   2133   1595   2030 |  0.15  0.63 |    125 |   9.6
   EXC  537.0  7.03 |   704.7   -85 0.99 |   149.0 |    -10 |   1428   1838   1361   1735 |  0.13  0.64 |    106 |   8.2
   OSC  539.5  8.26 |   961.5   -63 1.00 |    97.6 |     -3 |   1238   1256   1313   1594 |  0.52  0.54 |     96 |   5.8
   EXC  539.6  8.59 |  1028.2   -65 1.00 |   109.2 |    -26 |    816    789    845   1006 |  0.55  0.50 |     67 |   3.7
   OSC  553.6  8.87 |   669.4   -69 1.00 |    94.9 |    -40 |    771   1260   1181   1607 |  0.22  0.80 |    104 |   5.9
   EXC  553.8  9.38 |   777.1   -65 1.00 |    76.6 |      3 |    723   1176   1082   1377 |  0.20  0.80 |     92 |   5.6
   EXC  558.4 10.16 |   893.1   -76 1.00 |   159.4 |    -53 |    476    528    468    508 |  0.37  0.55 |     37 |   2.5
   EXC  594.1 10.94 |   935.2   -85 0.98 |   121.2 |    nan |    602    566    589    707 |  0.55  0.46 |     50 |   2.7
  TIME SERIES r32 episode t0=357.9 (every 10 ms): t  rate(wire)  rate(deg/s)  ang(deg)  cmd  T_meas  idx  32sp  fb  E  P
    357.94     18    2.2  -1.00     29     88    2   -256   -517    261    260
    357.95     -1   -0.2  -1.00     40     16    3   -384   -329    -55    -56
    357.96    -14   -1.7  -1.00     65     16    5   -640     45   -685   -716
    357.97      1    0.1  -1.00     71     88    5   -640    104   -744   -778
    357.98      5    0.6  -1.00     72     88    5   -640    -41   -599   -626
    357.99      5    0.6  -1.00     46     88    3   -384   -126   -258   -262
    358.00     14    1.8  -1.00     57     88    4   -512   -269   -243   -251
    358.01     -0   -0.0  -1.00     76     48    5   -640   -227   -413   -432
    358.02     -1   -0.1  -1.01     81     48    6   -768    -81   -687   -729
    358.03      6    0.7  -1.10    122     88    8  -1024    -97   -927  -1011
    358.04     10    1.3  -1.10    122     88    8  -1024   -216   -808   -881
    358.05     14    1.7  -1.10     46    136    3   -384   -338    -46    -47
    358.06     17    2.1  -1.10     60    136    4   -512   -441    -71    -74
    358.07     -2   -0.2  -1.10     74     56    5   -640   -286   -354   -370
    358.08      2    0.2  -1.10     77     56    5   -640   -124   -516   -540
    358.09      9    1.1  -1.11     10    104    1   -128   -178     50     49
    358.10     12    1.5  -1.20     -1    104    0      0   -288    288    279
    358.11     -8   -1.0  -1.19    -40      8    2    256   -120    376    375
    358.12    -16   -2.0  -1.10   -148      8    9   1152    198    954   1054
    358.13    -16   -1.9  -1.10   -173     32   10   1280    370    910   1019
    358.14    -30   -3.7  -1.09   -122     32    7    896    594    302    324
    358.15    -48   -5.9  -1.00   -153    -16    9   1152    997    155    171
    358.16     -6   -0.8  -1.00   -185    -16   11   1408    807    601    682
    358.17    -11   -1.4  -1.00   -129   -104    7    896    458    438    470
    358.18    -41   -5.1  -0.99   -161   -104    9   1152    723    429    474
    358.19    -26   -3.3  -0.90   -206    -56   12   1536    887    649    746
    358.20    -51   -6.3  -0.89   -240    -56   14   1824   1107    717    846
    358.21    -68   -8.5  -0.79   -202    -96   12   1536   1596    -60    -70
    358.22    -78   -9.7  -0.69   -226    -96   13   1680   2025   -345   -403
    358.23    -16   -2.0  -0.60   -195      0   12   1536   1539     -3     -4
    358.24    -10   -1.3  -0.60   -132      0    8   1024    788    236    257
    358.25    -23   -2.9  -0.60   -120    -72    7    896    615    281    302
    358.26    -11   -1.4  -0.60   -191    -72   11   1408    521    887   1007
    358.27    -10   -1.3  -0.59   -260   -136   16   2112    383   1729   2094
    358.28    -52   -6.5  -0.49   -325   -136   20   2688    811   1877   2387
    358.29    -86  -10.8  -0.39   -362   -200   22   2944   1707   1237   1611
    358.30    -78   -9.7  -0.29   -337   -200   20   2688   2211    477    606
    358.31    -67   -8.4  -0.20   -322   -144   19   2544   2201    343    431
    358.32    -70   -8.7  -0.20   -310   -144   19   2544   2133    411    516
    358.33    -68   -8.5   0.09   -299   -144   18   2400   2112    288    357
    358.34    -74   -9.3   0.19   -131   -136    8   1024   2165  -1141  -1244
    358.35    -60   -7.5   0.20    -64   -136    3    384   2061  -1677  -1701
    358.36     -6   -0.7   0.20    -54     24    3    384   1276   -892   -905
    358.37     25    3.1   0.12   -128     24    7    896    192    704    756
    358.38     10    1.3   0.18   -216     -0   13   1680   -275   1955   2279
    358.39    -27   -3.4   0.20   -349     -0   21   2816    117   2699   3474
    358.40    -41   -5.2   0.20   -466   -136   28   3584    734   2850   3971
    358.41    -54   -6.8   0.39   -592   -136   36   4272   1220   3052   4622
    358.42   -126  -15.8   0.72   -646   -328   39   4500   2342   2158   3366
    358.43   -219  -27.4   1.06   -672   -328   41   4652   4419    233    370
    358.44   -216  -27.0   1.27   -568   -296   35   4196   5890  -1694  -2541
    358.45   -173  -21.6   1.39   -442   -296   27   3488   5879  -2391  -3296
    358.46    -82  -10.3   1.44   -315     -8   19   2544   4458  -1914  -2406
    358.47    -34   -4.3   1.49   -198     -8   12   1536   2647  -1111  -1279
    358.48    -29   -3.6   1.59   -214      0   13   1680   1546    134    156
    358.49    -17   -2.1   1.60   -218      0   13   1680    969    711    828
    358.50      2    0.3   1.52   -232    -72   14   1824    444   1380   1629
    358.51      6    0.8   1.54   -322    -72   19   2544     56   2488   3127
    358.52    -10   -1.3   1.60   -389   -224   24   3200     75   3125   4164
    358.53    -33   -4.1   1.69   -451   -224   27   3488    480   3008   4145
    358.54    -46   -5.8   1.79   -609   -328   37   4348    967   3381   5172
    358.55   -133  -16.7   2.07   -611   -328   37   4348   2266   2082   3185
    358.56   -232  -29.0   2.44   -600   -472   37   4348   4602   -254   -389
    358.57   -169  -21.1   2.67   -496   -472   30   3776   5507  -1731  -2465
    358.58   -122  -15.2   2.78   -375    -88   23   3072   4753  -1681  -2215
    358.59    -69   -8.6   2.80   -239    -88   14   1824   3478  -1654  -1954
    358.60    -73   -9.1   2.80   -123    -32    7    896   2636  -1740  -1871
    358.61    -18   -2.2   2.81    -36    -32    2    256   1727  -1471  -1470
    358.62     58    7.3   2.62    -19     24    1    128     61     67     65
    358.63    108   13.5   2.52     -9     24    0      0  -1728   1728   1674
    358.64     74    9.3   2.50   -239   -144   14   1824  -2385   4209   4971
    358.65     -3   -0.3   2.50   -366   -144   22   2944  -1442   4386   5712
    358.66    -18   -2.2   2.59   -482   -352   29   3680   -294   3974   5597
    358.67    -45   -5.6   2.69   -608   -352   37   4348    549   3799   5811
    358.68   -112  -14.1   3.07   -734   -416   45   4956   1865   3091   5103
    358.69   -192  -23.9   3.36   -849   -416   52   5488   3812   1676   2945
    358.70   -264  -33.0   3.82   -764   -456   47   5108   6007   -899  -1512
    358.71   -299  -37.4   4.15   -643   -456   39   4500   7790  -3290  -5134
    358.72   -215  -26.8   4.28   -571   -168   35   4196   7730  -3534  -5300
    358.73    -83  -10.3   4.47   -508   -168   31   3872   5467  -1595  -2296
    358.74   -100  -12.5   4.59   -266     72   16   2112   3774  -1662  -2014
    358.75    -29   -3.6   4.41   -138     72    8   1024   2491  -1467  -1600
    358.76     72    9.1   4.22    -22      8    1    128    263   -135   -133
    358.77    143   17.8   4.03      2      8    1   -128  -2186   2058   2024
    358.78    127   15.8   3.92    -99   -176    6    768  -3449   4217   4468
    358.79    118   14.7   3.81   -225   -176   13   1680  -3656   5336   6221
    358.80     60    7.5   3.80   -353   -456   21   2816  -2981   5797   7462
    358.81     -4   -0.5   3.84   -482   -456   29   3680  -1516   5196   7318
    358.82    -58   -7.3   3.89   -539   -440   33   4044    165   3879   5699
    358.83   -129  -16.1   4.17   -592   -352   36   4272   2032   2240   3392
    358.84   -225  -28.1   4.50   -642   -352   39   4500   4397    103    160
    358.85   -248  -31.0   4.91   -515   -352   31   3872   6302  -2430  -3497
    358.86   -115  -14.4   5.24   -388   -368   23   3072   5616  -2544  -3352
    358.87     -8   -1.0   5.22   -270   -368   16   2112   3020   -908  -1100
    358.88     40    5.0   5.12   -146    120    9   1152    653    499    551
    358.89     71    8.8   5.03    -28    120    1    128   -936   1064   1046
    358.90    123   15.4   4.85      1    -32    1   -128  -2366   2238   2202
    358.91    125   15.6   4.73    -28   -176    1    128  -3329   3457   3401
    358.92     92   11.5   4.63    -79   -176    4    512  -3305   3817   3929
    358.93     86   10.8   4.46   -135   -408    8   1024  -2948   3972   4329
    358.94     39    4.9   4.33   -208   -408   12   1536  -2224   3760   4326
    358.95    -33   -4.1   4.38   -313   -424   19   2544   -742   3286   4130
    358.96    -88  -11.0   4.55   -432   -424   26   3392   1025   2367   3226
    358.97   -127  -15.8   4.67   -403   -304   24   3200   2557    643    856
    358.98   -110  -13.7   4.84   -292   -304   18   2400   3222   -822  -1021
    358.99    -35   -4.4   4.90   -205   -112   12   1536   2446   -910  -1048
    359.00     11    1.4   4.90   -129   -112    7    896   1023   -127   -137
    359.01     51    6.3   4.82   -110   -112    6    768   -331   1099   1164
    359.02     71    8.9   4.80   -109    -80    6    768  -1380   2148   2276
    359.03     48    6.0   4.72   -118   -216    7    896  -1648   2544   2734
    359.04     24    3.0   4.70   -139   -216    8   1024  -1273   2297   2503
    359.05     14    1.8   4.70   -166   -304   10   1280   -832   2112   2366
    359.06      7    0.8   4.70   -168   -304   10   1280   -504   1784   1998
    359.07      4    0.4   4.63   -158   -304    9   1152   -286   1438   1589
    359.08     -5   -0.6   4.60   -141   -280    8   1024    -89   1113   1213
    359.09    -14   -1.8   4.68   -154   -240    9   1152    159    993   1097
    359.10     -6   -0.8   4.70   -151   -240    9   1152    233    919   1015
    359.11     -5   -0.6   4.70   -114   -192    7    896    176    720    773
    359.12     16    2.0   4.70    -99   -192    6    768   -100    868    919
    359.13     17    2.2   4.62    -95   -192    5    640   -389   1029   1074
    359.14     39    4.9   4.60    -32   -160    1    128   -751    879    864
    359.15     45    5.6   4.52    -36   -176    2    256  -1127   1383   1381
    359.16     41    5.1   4.42    -32   -176    1    128  -1258   1386   1363
    359.17     19    2.4   4.40    -48   -176    2    256  -1016   1272   1270
    359.18      7    0.9   4.33    -65   -216    4    512   -612   1124   1157
    359.19      6    0.8   4.30    -43   -216    2    256   -360    616    615
    359.20     13    1.7   4.30    -36   -176    2    256   -345    601    600
    359.21     23    2.8   4.30    -29   -176    1    128   -511    639    628
    359.22     40    5.0   4.22    -23   -120    1    128   -851    979    963
    359.23     35    4.4   4.20    -18   -136    1    128  -1055   1183   1163
    359.24     25    3.1   4.20     19   -136    2   -256   -969    713    712
    359.25     52    6.5   4.12     36   -136    3   -384  -1176    792    803
    359.26     67    8.4   4.02     50   -128    4   -512  -1651   1139   1172
    359.27     53    6.6   3.92     32   -128    2   -256  -1772   1516   1514
    359.28     28    3.5   3.90     36   -168    3   -384  -1407   1023   1037
    359.29     44    5.4   3.90     45   -176    3   -384  -1254    870    882
    359.30     45    5.7   3.82     65   -176    5   -640  -1348    708    739
    359.31     35    4.4   3.80     78   -176    5   -640  -1273    633    661
    359.32     29    3.6   3.68     71   -152    5   -640  -1089    449    469
    359.33     31    3.9   3.60     60    -96    4   -512  -1001    489    503
    359.34     47    5.8   3.55     80    -96    5   -640  -1170    530    553
    359.35     41    5.2   3.50     78    -56    5   -640  -1298    658    687
    359.36     30    3.8   3.44     87    -56    6   -768  -1165    397    420
    359.37     46    5.7   3.40     93    -64    6   -768  -1209    441    467
    359.38     70    8.7   3.35    101    -64    7   -896  -1636    740    795
    359.39     62    7.7   3.25    121   -104    8  -1024  -1893    869    947
    359.40     32    4.1   3.20    137   -104    9  -1152  -1572    420    464
    359.41     37    4.6   3.14    137    -72    9  -1152  -1266    114    125
    359.42     54    6.8   3.05    152    -72   10  -1280  -1404    124    138
    359.43     51    6.4   2.95    172    -40   11  -1408  -1556    148    168
    359.44     56    7.1   2.84    187    -40   12  -1536  -1644    108    124
    359.45     73    9.2   2.74    201     -0   13  -1680  -1917    237    276
    359.46     64    8.0   2.64    192     -0   12  -1536  -2044    508    584
    359.47     40    5.1   2.60    166    -48   11  -1408  -1736    328    372
========================================================================================================================
ROUTE r33 (V280r2)
  steady sign check (engaged, |ang|>5, |cmd|>200, v>10, n=3803): sign(cmd) == -sign(ang) 0.77 ; sign(rate) == sign(d ang/dt) 0.12
  HIGHWAY all frames  (112 s in Welch runs)
     f Hz | H_op=cmd/ang  |gain| ph coh | H_eps=rate/cmd |gain| ph coh | H_int=ang/rate |gain| ph coh |  coh-product |L| arg (NOT loop gain)
     1.56 |                211.5   -39 0.28 |                0.063   -56 0.31 |                0.0198    92 0.81 |     0.265     -3
     2.34 |                348.6   -42 0.50 |                0.112   -37 0.56 |                0.0121    85 0.78 |     0.470      7
     3.12 |                459.0   -70 0.50 |                0.162    -9 0.70 |                0.0068    84 0.74 |     0.506      5
     3.91 |                639.4   -65 0.59 |                0.164   -15 0.69 |                0.0054    86 0.78 |     0.565      5
     4.69 |                808.9   -64 0.79 |                0.183   -17 0.84 |                0.0050    83 0.82 |     0.739      2
     5.47 |                791.3   -64 0.84 |                0.223   -17 0.85 |                0.0045    85 0.86 |     0.786      4
     6.25 |                811.7   -71 0.88 |                0.265   -18 0.87 |                0.0039    91 0.91 |     0.834      2
     7.03 |                864.4   -71 0.92 |                0.282   -23 0.90 |                0.0036    96 0.95 |     0.885      1   <- line
     7.81 |                874.5   -69 0.93 |                0.285   -27 0.88 |                0.0035    98 0.92 |     0.869      2   <- line
     8.59 |                932.0   -69 0.92 |                0.272   -33 0.83 |                0.0032   103 0.86 |     0.812      1
     9.38 |               1012.0   -73 0.87 |                0.248   -38 0.81 |                0.0030   111 0.79 |     0.746      0
    10.16 |               1037.5   -74 0.81 |                0.232   -41 0.74 |                0.0028   116 0.76 |     0.676      1
    10.94 |                936.3   -80 0.83 |                0.252   -33 0.66 |                0.0026   114 0.69 |     0.612      1
    11.72 |                855.8   -91 0.87 |                0.310   -24 0.62 |                0.0023   114 0.66 |     0.599     -1
    12.50 |                864.5   -97 0.86 |                0.293   -22 0.61 |                0.0023   119 0.64 |     0.581      0
  HIGHWAY |cmd| 100-300  (4 s in Welch runs)
     f Hz | H_op=cmd/ang  |gain| ph coh | H_eps=rate/cmd |gain| ph coh | H_int=ang/rate |gain| ph coh |  coh-product |L| arg (NOT loop gain)
     1.56 |                 65.7   -94 0.71 |                0.228    -3 0.76 |                0.0483   100 0.98 |     0.724      2
     2.34 |                524.4  -111 0.84 |                0.129   -11 0.80 |                0.0111   119 0.85 |     0.754     -2
     3.12 |                363.3   -40 0.47 |                0.173   -14 0.92 |                0.0079    60 0.57 |     0.494      6
     3.91 |                839.2   -82 0.94 |                0.183   -15 0.90 |                0.0057    99 0.91 |     0.879      3
     4.69 |                747.8   -58 0.82 |                0.171   -24 0.92 |                0.0064    85 0.89 |     0.819      3
     5.47 |                935.6   -76 0.98 |                0.208   -10 0.96 |                0.0049    87 0.97 |     0.953      1
     6.25 |                839.8   -82 0.99 |                0.279    -8 0.96 |                0.0041    90 0.97 |     0.959      1
     7.03 |                957.3   -81 0.97 |                0.301   -18 0.99 |                0.0033   100 0.96 |     0.963      1   <- line
     7.81 |               1046.1   -76 0.98 |                0.309   -28 0.98 |                0.0030   104 0.95 |     0.957      1   <- line
     8.59 |                956.6   -79 0.97 |                0.335   -28 0.94 |                0.0029   109 0.92 |     0.919      2
     9.38 |                889.0   -76 0.93 |                0.306   -30 0.89 |                0.0032   109 0.91 |     0.872      3
    10.16 |                982.0   -77 0.74 |                0.297   -36 0.90 |                0.0025   114 0.80 |     0.733      2
    10.94 |                492.1   -66 0.66 |                0.225   -26 0.46 |                0.0023   114 0.21 |     0.251     21
    11.72 |                601.7   -49 0.96 |                0.264   -75 0.93 |                0.0057   125 0.93 |     0.909      1
    12.50 |                720.4   -70 0.89 |                0.290   -48 0.69 |                0.0035   111 0.85 |     0.726     -7
  OSC EPISODES pooled  (6 s in Welch runs)
     f Hz | H_op=cmd/ang  |gain| ph coh | H_eps=rate/cmd |gain| ph coh | H_int=ang/rate |gain| ph coh |  coh-product |L| arg (NOT loop gain)
     1.56 |                134.8  -103 0.73 |                0.219    16 0.94 |                0.0264    89 0.89 |     0.781      2
     2.34 |                582.6   -74 0.59 |                0.142    -6 0.75 |                0.0062    79 0.59 |     0.512     -1
     3.12 |                461.3  -100 0.79 |                0.216     0 0.91 |                0.0081   102 0.90 |     0.803      2
     3.91 |                638.2   -79 0.96 |                0.248    -7 0.97 |                0.0060    85 0.97 |     0.951     -0
     4.69 |                761.4   -79 0.97 |                0.262   -13 0.98 |                0.0048    93 0.98 |     0.965      1
     5.47 |                733.7   -81 0.98 |                0.309   -13 0.98 |                0.0043    94 0.99 |     0.978      0
     6.25 |                761.3   -82 0.99 |                0.345   -14 0.99 |                0.0038    96 0.99 |     0.988     -0
     7.03 |                776.9   -81 0.98 |                0.362   -18 0.98 |                0.0035    99 1.00 |     0.977     -0   <- line
     7.81 |                737.2   -75 0.96 |                0.384   -25 0.94 |                0.0033   101 0.99 |     0.945      0   <- line
     8.59 |                805.5   -66 0.90 |                0.341   -39 0.79 |                0.0030   103 0.95 |     0.819     -1
     9.38 |               1275.0   -69 0.83 |                0.295   -55 0.86 |                0.0022   123 0.94 |     0.820     -1
    10.16 |                859.4   -72 0.79 |                0.323   -54 0.94 |                0.0029   125 0.87 |     0.801     -0
    10.94 |                753.5   -65 0.88 |                0.413   -66 0.91 |                0.0028   129 0.95 |     0.868     -1
    11.72 |                713.3  -110 0.60 |                0.245   -22 0.38 |                0.0021   108 0.59 |     0.366    -24
    12.50 |                510.9  -110 0.70 |                0.323   -11 0.64 |                0.0036   112 0.79 |     0.594     -8
  COMMAND EXCURSIONS pooled  (34 s in Welch runs)
     f Hz | H_op=cmd/ang  |gain| ph coh | H_eps=rate/cmd |gain| ph coh | H_int=ang/rate |gain| ph coh |  coh-product |L| arg (NOT loop gain)
     1.56 |                272.5   -23 0.39 |                0.077   -68 0.48 |                0.0191    90 0.85 |     0.399     -1
     2.34 |                286.3   -32 0.49 |                0.112   -55 0.41 |                0.0129    94 0.86 |     0.416      7
     3.12 |                453.8   -74 0.43 |                0.123   -10 0.44 |                0.0070    94 0.80 |     0.387     11
     3.91 |                517.8   -63 0.54 |                0.164   -18 0.59 |                0.0063    86 0.88 |     0.531      5
     4.69 |                783.8   -71 0.84 |                0.192   -14 0.83 |                0.0052    86 0.89 |     0.784      2
     5.47 |                771.9   -74 0.88 |                0.263   -10 0.90 |                0.0042    86 0.92 |     0.854      2
     6.25 |                749.4   -80 0.91 |                0.319   -12 0.92 |                0.0037    92 0.96 |     0.898      1
     7.03 |                815.8   -76 0.93 |                0.325   -20 0.92 |                0.0035    96 0.98 |     0.919      0   <- line
     7.81 |                850.2   -73 0.93 |                0.307   -25 0.90 |                0.0034    99 0.97 |     0.899      1   <- line
     8.59 |                860.7   -71 0.88 |                0.293   -32 0.84 |                0.0033   103 0.92 |     0.823      0
     9.38 |                926.0   -71 0.79 |                0.263   -43 0.79 |                0.0030   113 0.84 |     0.722     -1
    10.16 |               1028.1   -76 0.78 |                0.239   -42 0.75 |                0.0028   118 0.83 |     0.694     -0
    10.94 |                824.7   -82 0.74 |                0.227   -33 0.52 |                0.0028   116 0.72 |     0.524      1
    11.72 |                749.6   -91 0.81 |                0.291   -21 0.48 |                0.0023   109 0.67 |     0.511     -3
    12.50 |                760.6   -93 0.76 |                0.304   -25 0.55 |                0.0021   115 0.58 |     0.494     -3
  per event: kind t0 f0 | cmd/ang gain@f0 (cnt/deg) phase coh | cmd/ang gain 0.3-2 Hz | delay from phase slope 1-6 Hz (ms) | chain 4-12 Hz amp: 32sp  fb  E  P | corr(E,32sp) corr(E,-fb) | amp T_meas | rate amp (deg/s)
   EXC  242.8  7.32 |   671.2   -67 0.98 |   204.7 |    -15 |    410    404    449    517 |  0.56  0.54 |     45 |   1.9
   EXC  298.4  9.38 |   731.8   -52 0.98 |   119.1 |    -61 |    494    465    422    475 |  0.49  0.38 |     49 |   2.1
   EXC  306.4 10.16 |  1445.4   -74 0.91 |   194.9 |    -37 |    437    314    357    385 |  0.70  0.15 |     39 |   1.5
   EXC  319.3 11.72 |   968.7   -87 0.88 |    74.2 |    -13 |    353    295    293    331 |  0.60  0.28 |     29 |   1.5
   EXC  403.4  3.91 |  1078.3   -62 0.92 |   141.2 |     27 |    345    281    352    398 |  0.68  0.42 |     38 |   1.3
   EXC  406.1 10.16 |   843.2   -94 1.00 |   230.8 |    -31 |    276    260    305    335 |  0.60  0.53 |     29 |   1.2
   EXC  446.8  3.91 |   964.3   -62 0.92 |   152.1 |     -0 |    390    281    347    384 |  0.71  0.24 |     37 |   1.2
   EXC  460.3  7.81 |   925.7   -71 1.00 |   148.2 |     15 |   1086   1053    997   1166 |  0.49  0.44 |     75 |   4.8
   OSC  460.5  7.81 |   908.8   -74 1.00 |   350.4 |    -27 |   1307   1293   1234   1454 |  0.48  0.47 |     90 |   5.9
   OSC  464.4  7.03 |  1003.6   -75 1.00 |   194.6 |    -14 |   1450   1428   1143   1295 |  0.41  0.38 |     84 |   6.5
   EXC  472.7  7.81 |  1121.5   -62 1.00 |   178.6 |      2 |    644    592    622    702 |  0.56  0.44 |     51 |   2.8
   OSC  475.0  7.03 |   712.8   -83 1.00 |    92.5 |    -15 |   1657   2202   1581   2001 |  0.08  0.66 |    114 |   9.8
   EXC  475.0  7.03 |   741.1   -78 0.97 |    96.0 |    -17 |   1490   1899   1431   1780 |  0.15  0.63 |    102 |   8.5
   OSC  477.5  7.81 |   749.3   -75 1.00 |    77.0 |     -6 |   1206   1553   1064   1277 |  0.07  0.63 |     88 |   7.1
   EXC  477.5  7.81 |   751.8   -75 1.00 |   107.1 |    -14 |    979   1178    864   1019 |  0.19  0.58 |     76 |   5.4
   EXC  486.0  5.25 |   764.9   -65 0.60 |   416.4 |    nan |    539    473    576    687 |  0.64  0.49 |     55 |   2.2
   EXC  490.5  7.81 |   836.3   -71 0.89 |    87.2 |    -23 |    815    965    822   1044 |  0.31  0.59 |     73 |   4.4
   OSC  491.6  7.44 |   750.1   -80 1.00 |    86.2 |     -0 |    848   1196   1016   1360 |  0.19  0.72 |     95 |   5.4
   EXC  493.1  7.26 |   864.7   -52 0.99 |   123.7 |    -29 |    473    455    452    507 |  0.52  0.46 |     49 |   2.1
   EXC  496.5  3.91 |  1187.6   -74 0.96 |   208.6 |    -13 |    414    323    376    427 |  0.67  0.31 |     45 |   1.5
   EXC  498.5  8.59 |   696.4   -65 0.99 |    38.3 |    nan |    747   1100   1033   1320 |  0.27  0.76 |     90 |   5.1
========================================================================================================================
ROUTE r22 (V112)
  steady sign check (engaged, |ang|>5, |cmd|>200, v>10, n=8266): sign(cmd) == -sign(ang) 0.85 ; sign(rate) == sign(d ang/dt) 0.19
  HIGHWAY all frames  (78 s in Welch runs)
     f Hz | H_op=cmd/ang  |gain| ph coh | H_eps=rate/cmd |gain| ph coh | H_int=ang/rate |gain| ph coh |  coh-product |L| arg (NOT loop gain)
     1.56 |                272.1   -97 0.54 |                0.081     5 0.80 |                0.0231    89 0.60 |     0.507     -3
     2.34 |                385.5   -59 0.43 |                0.077   -13 0.54 |                0.0103    73 0.41 |     0.306      0
     3.12 |                542.0   -45 0.49 |                0.079    -9 0.54 |                0.0081    61 0.46 |     0.347      7
     3.91 |                696.2   -48 0.62 |                0.091   -15 0.69 |                0.0069    68 0.45 |     0.439      5
     4.69 |                676.4   -45 0.62 |                0.100   -22 0.65 |                0.0066    74 0.49 |     0.444      7
     5.47 |                617.7   -44 0.71 |                0.119   -34 0.56 |                0.0060    83 0.49 |     0.441      5
     6.25 |                651.8   -52 0.85 |                0.154   -40 0.65 |                0.0059    92 0.64 |     0.591      0
     7.03 |                620.1   -53 0.86 |                0.157   -41 0.52 |                0.0053    97 0.58 |     0.512      2   <- line
     7.81 |                635.0   -62 0.92 |                0.234   -40 0.63 |                0.0041   102 0.64 |     0.610      1   <- line
     8.59 |                627.5   -65 0.93 |                0.289   -44 0.65 |                0.0035   110 0.67 |     0.635      1
     9.38 |                609.9   -72 0.88 |                0.397   -36 0.71 |                0.0029   109 0.79 |     0.701      1
    10.16 |                606.2   -77 0.91 |                0.518   -29 0.82 |                0.0026   106 0.88 |     0.811     -0
    10.94 |                603.6   -81 0.94 |                0.546   -26 0.82 |                0.0025   106 0.86 |     0.814     -1
    11.72 |                602.2   -87 0.93 |                0.411   -26 0.60 |                0.0024   111 0.63 |     0.593     -1
    12.50 |                597.9   -92 0.88 |                0.263   -34 0.36 |                0.0022   123 0.37 |     0.341     -3
  HIGHWAY |cmd| 100-300  (17 s in Welch runs)
     f Hz | H_op=cmd/ang  |gain| ph coh | H_eps=rate/cmd |gain| ph coh | H_int=ang/rate |gain| ph coh |  coh-product |L| arg (NOT loop gain)
     1.56 |                299.5   -88 0.62 |                0.083     1 0.72 |                0.0182    87 0.46 |     0.453     -0
     2.34 |                377.8   -37 0.37 |                0.089   -13 0.43 |                0.0087    65 0.55 |     0.294     16
     3.12 |                621.4   -64 0.43 |                0.074    -6 0.54 |                0.0062    82 0.35 |     0.286     12
     3.91 |                787.0   -59 0.71 |                0.081   -18 0.77 |                0.0089    75 0.60 |     0.568     -2
     4.69 |                838.3   -57 0.82 |                0.091   -20 0.69 |                0.0070    79 0.51 |     0.539      2
     5.47 |                719.6   -37 0.84 |                0.089   -31 0.38 |                0.0050    68 0.32 |     0.319     -0
     6.25 |                700.6   -46 0.88 |                0.140   -40 0.67 |                0.0060    84 0.58 |     0.586     -2
     7.03 |                584.7   -59 0.86 |                0.155   -45 0.52 |                0.0059   106 0.64 |     0.536      3   <- line
     7.81 |                608.0   -65 0.93 |                0.160   -47 0.54 |                0.0055   116 0.58 |     0.540      4   <- line
     8.59 |                647.7   -65 0.95 |                0.146   -43 0.35 |                0.0033   110 0.30 |     0.315      1
     9.38 |                590.2   -75 0.81 |                0.222   -21 0.37 |                0.0030    97 0.53 |     0.395      1
    10.16 |                503.7   -79 0.87 |                0.490   -30 0.64 |                0.0028   110 0.82 |     0.679      0
    10.94 |                585.3   -82 0.96 |                0.544   -29 0.76 |                0.0025   109 0.86 |     0.793     -1
    11.72 |                615.1   -85 0.95 |                0.288   -21 0.42 |                0.0025   101 0.51 |     0.451     -5
    12.50 |                603.9   -91 0.91 |                0.163    -4 0.20 |                0.0023   100 0.29 |     0.227      6
  COMMAND EXCURSIONS pooled  (66 s in Welch runs)
     f Hz | H_op=cmd/ang  |gain| ph coh | H_eps=rate/cmd |gain| ph coh | H_int=ang/rate |gain| ph coh |  coh-product |L| arg (NOT loop gain)
     1.56 |                302.3  -102 0.68 |                0.077     7 0.79 |                0.0268    89 0.71 |     0.620     -6
     2.34 |                368.2   -43 0.39 |                0.070   -16 0.51 |                0.0098    68 0.33 |     0.255     10
     3.12 |                538.0   -45 0.47 |                0.072    -5 0.49 |                0.0071    67 0.33 |     0.275     17
     3.91 |                692.7   -46 0.66 |                0.091   -18 0.69 |                0.0075    67 0.50 |     0.476      3
     4.69 |                724.6   -42 0.70 |                0.107   -22 0.71 |                0.0065    70 0.51 |     0.506      6
     5.47 |                641.6   -46 0.75 |                0.127   -30 0.62 |                0.0061    83 0.54 |     0.498      7
     6.25 |                640.3   -53 0.82 |                0.155   -38 0.64 |                0.0060    94 0.68 |     0.599      2
     7.03 |                608.3   -55 0.85 |                0.148   -38 0.48 |                0.0051    95 0.53 |     0.462      1   <- line
     7.81 |                612.1   -62 0.92 |                0.243   -40 0.65 |                0.0042   103 0.65 |     0.623      1   <- line
     8.59 |                635.6   -64 0.93 |                0.295   -43 0.65 |                0.0033   108 0.65 |     0.627      1
     9.38 |                610.6   -71 0.87 |                0.399   -37 0.69 |                0.0028   109 0.76 |     0.674      1
    10.16 |                614.7   -77 0.92 |                0.520   -29 0.82 |                0.0025   106 0.88 |     0.811     -0
    10.94 |                618.5   -80 0.95 |                0.553   -26 0.82 |                0.0024   106 0.86 |     0.818     -1
    11.72 |                602.0   -87 0.94 |                0.409   -23 0.61 |                0.0024   110 0.62 |     0.596     -1
    12.50 |                588.6   -91 0.88 |                0.270   -34 0.36 |                0.0021   124 0.37 |     0.340     -1
  per event: kind t0 f0 | cmd/ang gain@f0 (cnt/deg) phase coh | cmd/ang gain 0.3-2 Hz | delay from phase slope 1-6 Hz (ms) | chain 4-12 Hz amp: 32sp  fb  E  P | corr(E,32sp) corr(E,-fb) | amp T_meas | rate amp (deg/s)
   EXC  360.3 10.16 |   483.4   -83 1.00 |   288.5 |    nan |    225    313    313    360 |  0.36  0.74 |    nan |   1.5
   EXC  361.9 10.16 |   637.4   -75 0.93 |   202.4 |    nan |    345    474    460    577 |  0.34  0.73 |    nan |   2.3
   EXC  378.1 10.94 |   575.2   -71 0.99 |   261.2 |    -22 |    251    434    444    502 |  0.32  0.84 |    nan |   2.1
   EXC  381.3 10.94 |   631.8   -82 1.00 |   806.9 |      2 |    432    541    531    642 |  0.38  0.68 |    nan |   2.7
   EXC  382.6 10.94 |   710.6   -84 0.98 |   213.6 |      8 |    361    488    464    560 |  0.32  0.71 |    nan |   2.4
   EXC  387.0 10.16 |   642.4   -76 0.98 |   357.0 |    -25 |    517    561    594    655 |  0.50  0.60 |    nan |   2.7
   EXC  389.4 10.94 |   622.4   -84 0.99 |   389.7 |    -25 |    287    400    380    425 |  0.31  0.73 |    nan |   2.0
   EXC  391.0 10.94 |   536.1   -71 0.95 |   190.7 |    -26 |    248    307    331    394 |  0.47  0.70 |    nan |   1.5
   EXC  395.0 10.16 |   628.4   -82 0.98 |   294.4 |    nan |    274    400    360    421 |  0.23  0.74 |    nan |   1.9
   EXC  399.4 10.94 |   696.1   -82 0.99 |   318.1 |     34 |    269    310    353    404 |  0.53  0.68 |    nan |   1.5
   EXC  401.2 10.94 |   671.3   -76 1.00 |   463.2 |     -2 |    218    314    318    375 |  0.36  0.76 |    nan |   1.6
   EXC  402.7 10.16 |   538.3   -83 0.97 |   275.6 |    nan |    258    355    379    429 |  0.43  0.75 |    nan |   1.8
   EXC  406.8  9.38 |   622.5   -80 1.00 |   416.3 |    -17 |    220    201    243    276 |  0.63  0.52 |    nan |   1.0
   EXC  409.9 10.16 |   423.5   -70 0.49 |   589.3 |    nan |    179    198    241    276 |  0.59  0.68 |    nan |   1.0
   EXC  413.1  9.38 |   644.8   -88 0.91 |   410.1 |     12 |    201    185    183    210 |  0.54  0.40 |    nan |   0.9
   EXC  429.5 10.16 |   507.4   -73 0.92 |   224.9 |    nan |    193    281    299    417 |  0.41  0.78 |    nan |   1.4
   EXC  438.7  7.09 |   741.7   -44 0.93 |   294.1 |     25 |    242    165    243    310 |  0.77  0.34 |    nan |   0.8
   EXC  440.6  6.70 |   833.1   -61 0.89 |   270.6 |    -52 |    228    151    232    295 |  0.79  0.35 |    nan |   0.7
   EXC  444.1  7.18 |   560.6    -1 0.94 |   755.3 |    -61 |    197    181    234    257 |  0.66  0.58 |    nan |   0.9
   EXC  447.2 11.72 |   578.3   -88 0.99 |    81.4 |    -40 |    342    283    349    464 |  0.67  0.43 |    nan |   1.4
   EXC  459.7  9.38 |   578.8   -68 0.98 |   272.1 |    -15 |    383    390    540    715 |  0.69  0.70 |    nan |   1.9
   EXC  460.9  3.89 |    75.0   -22 0.28 |   193.4 |    nan |    475    332    538    746 |  0.79  0.49 |    nan |   1.5
========================================================================================================================
ROUTE r97 (stock)
  steady sign check (engaged, |ang|>5, |cmd|>200, v>10, n=15347): sign(cmd) == -sign(ang) 0.92 ; sign(rate) == sign(d ang/dt) 0.16
  HIGHWAY all frames  (270 s in Welch runs)
     f Hz | H_op=cmd/ang  |gain| ph coh | H_eps=rate/cmd |gain| ph coh | H_int=ang/rate |gain| ph coh |  coh-product |L| arg (NOT loop gain)
     1.56 |                675.6  -106 0.44 |                0.022     3 0.36 |                0.0204    86 0.58 |     0.303    -17
     2.34 |                641.4   -28 0.37 |                0.042   -63 0.35 |                0.0110    91 0.68 |     0.297      1
     3.12 |                685.5   -21 0.46 |                0.052   -60 0.32 |                0.0083    82 0.60 |     0.298      0
     3.91 |                872.3   -34 0.57 |                0.057   -51 0.38 |                0.0067    89 0.51 |     0.331      4
     4.69 |                853.7   -40 0.67 |                0.068   -50 0.37 |                0.0057    91 0.44 |     0.330      1
     5.47 |                796.1   -43 0.78 |                0.082   -49 0.37 |                0.0054    93 0.44 |     0.355      1
     6.25 |                807.8   -48 0.81 |                0.095   -47 0.41 |                0.0051    94 0.46 |     0.392     -1
     7.03 |                800.3   -54 0.77 |                0.100   -50 0.35 |                0.0039   103 0.37 |     0.311     -0   <- line
     7.81 |                791.7   -59 0.82 |                0.112   -46 0.35 |                0.0037   106 0.38 |     0.329      1   <- line
     8.59 |                786.6   -64 0.82 |                0.125   -44 0.30 |                0.0029   109 0.33 |     0.285      1
     9.38 |                750.1   -69 0.74 |                0.199   -38 0.37 |                0.0025   108 0.51 |     0.373      1
    10.16 |                710.4   -74 0.73 |                0.286   -37 0.48 |                0.0024   110 0.69 |     0.489     -1
    10.94 |                707.4   -81 0.84 |                0.373   -28 0.55 |                0.0022   109 0.71 |     0.573     -0
    11.72 |                715.3   -89 0.89 |                0.383   -20 0.54 |                0.0021   108 0.66 |     0.563     -0
    12.50 |                709.6   -94 0.89 |                0.447   -13 0.60 |                0.0020   107 0.74 |     0.631     -1
  HIGHWAY |cmd| 100-300  (20 s in Welch runs)
     f Hz | H_op=cmd/ang  |gain| ph coh | H_eps=rate/cmd |gain| ph coh | H_int=ang/rate |gain| ph coh |  coh-product |L| arg (NOT loop gain)
     1.56 |                783.4   -78 0.21 |                0.018   -25 0.44 |                0.0056    69 0.07 |     0.079    -34
     2.34 |                992.7   -35 0.46 |                0.027   -31 0.30 |                0.0069    60 0.24 |     0.182     -7
     3.12 |                196.6    10 0.04 |                0.019   -21 0.03 |                0.0052    76 0.25 |     0.019     65
     3.91 |                573.2   -24 0.27 |                0.035   -82 0.26 |                0.0065    97 0.25 |     0.132     -9
     4.69 |                678.3   -41 0.49 |                0.031   -64 0.30 |                0.0082   113 0.20 |     0.172      8
     5.47 |                763.3   -46 0.75 |                0.043   -51 0.25 |                0.0068   106 0.27 |     0.224     10
     6.25 |                789.9   -40 0.82 |                0.051   -58 0.34 |                0.0074   102 0.33 |     0.299      4
     7.03 |                604.0   -50 0.58 |                0.039   -50 0.09 |                0.0049   131 0.24 |     0.115     31   <- line
     7.81 |                739.4   -60 0.86 |                0.041   -34 0.11 |                0.0040   107 0.15 |     0.121     13   <- line
     8.59 |                817.0   -64 0.88 |                0.029    53 0.05 |                0.0018    23 0.04 |     0.042     13
     9.38 |                703.0   -67 0.64 |                0.027    14 0.02 |                0.0019   100 0.11 |     0.037     46
    10.16 |                813.1   -72 0.62 |                0.138    -7 0.29 |                0.0026    78 0.48 |     0.292     -1
    10.94 |                759.9   -81 0.82 |                0.306   -26 0.57 |                0.0023   105 0.64 |     0.543     -2
    11.72 |                777.0   -88 0.92 |                0.297   -43 0.60 |                0.0026   132 0.66 |     0.602      1
    12.50 |                756.2   -96 0.94 |                0.327    -8 0.75 |                0.0031   107 0.83 |     0.761      3
  OSC EPISODES pooled  (2 s in Welch runs)
     f Hz | H_op=cmd/ang  |gain| ph coh | H_eps=rate/cmd |gain| ph coh | H_int=ang/rate |gain| ph coh |  coh-product |L| arg (NOT loop gain)
     1.56 |               1495.8   -26 1.00 |                0.057   -92 1.00 |                0.0118   117 1.00 |     1.000     -0
     2.34 |                667.0   -22 1.00 |                0.138   -81 1.00 |                0.0109   103 1.00 |     1.000      0
     3.12 |                574.0   -40 1.00 |                0.221   -59 1.00 |                0.0079    99 1.00 |     1.000     -0
     3.91 |                431.3   -62 1.00 |                0.399   -38 1.00 |                0.0058   100 1.00 |     1.000     -0
     4.69 |                709.4   -69 1.00 |                0.298   -21 1.00 |                0.0047    90 1.00 |     1.000      0
     5.47 |                991.9   -64 1.00 |                0.323   -21 1.00 |                0.0031    85 1.00 |     1.000     -0
     6.25 |               1095.9  -112 1.00 |                0.352    15 1.00 |                0.0026    97 1.00 |     1.000      0
     7.03 |                609.1   167 1.00 |                0.569    88 1.00 |                0.0029   106 1.00 |     1.000      0   <- line
     7.81 |                669.9   113 1.00 |                0.514   135 1.00 |                0.0029   112 1.00 |     1.000      0   <- line
     8.59 |                533.2  -165 1.00 |                0.686    61 1.00 |                0.0027   105 1.00 |     1.000      0
     9.38 |                442.6  -121 1.00 |                0.844    19 1.00 |                0.0027   102 1.00 |     1.000      0
    10.16 |                289.8   -99 1.00 |                1.408    -1 1.00 |                0.0024   100 1.00 |     1.000      0
    10.94 |                205.7   -55 1.00 |                2.116   -41 1.00 |                0.0023    96 1.00 |     1.000     -0
    11.72 |                297.4  -180 1.00 |                1.208    63 1.00 |                0.0028   116 1.00 |     1.000     -0
    12.50 |                435.8  -129 1.00 |                1.046    19 1.00 |                0.0022   110 1.00 |     1.000      0
  COMMAND EXCURSIONS pooled  (263 s in Welch runs)
     f Hz | H_op=cmd/ang  |gain| ph coh | H_eps=rate/cmd |gain| ph coh | H_int=ang/rate |gain| ph coh |  coh-product |L| arg (NOT loop gain)
     1.56 |                674.8  -103 0.49 |                0.024     5 0.41 |                0.0222    92 0.64 |     0.357     -6
     2.34 |                618.6   -26 0.31 |                0.039   -60 0.32 |                0.0106    87 0.66 |     0.257      1
     3.12 |                687.3   -24 0.46 |                0.053   -60 0.31 |                0.0080    85 0.59 |     0.291      1
     3.91 |                857.9   -34 0.58 |                0.060   -52 0.37 |                0.0066    90 0.54 |     0.340      4
     4.69 |                852.5   -38 0.67 |                0.068   -50 0.37 |                0.0057    90 0.45 |     0.331      2
     5.47 |                795.3   -42 0.78 |                0.084   -50 0.37 |                0.0053    94 0.43 |     0.353      1
     6.25 |                802.0   -48 0.81 |                0.099   -47 0.42 |                0.0050    96 0.46 |     0.397      0
     7.03 |                810.6   -54 0.78 |                0.099   -48 0.35 |                0.0040   102 0.39 |     0.324     -0   <- line
     7.81 |                787.8   -59 0.82 |                0.114   -45 0.36 |                0.0038   106 0.38 |     0.337      2   <- line
     8.59 |                793.1   -65 0.83 |                0.126   -42 0.31 |                0.0030   109 0.35 |     0.300      2
     9.38 |                766.4   -69 0.73 |                0.185   -38 0.35 |                0.0025   107 0.49 |     0.355      1
    10.16 |                712.8   -74 0.73 |                0.279   -37 0.47 |                0.0024   110 0.67 |     0.480     -1
    10.94 |                706.6   -81 0.83 |                0.375   -28 0.55 |                0.0022   110 0.71 |     0.574      0
    11.72 |                707.1   -89 0.89 |                0.396   -19 0.53 |                0.0020   107 0.66 |     0.558     -1
    12.50 |                708.4   -94 0.90 |                0.449   -14 0.60 |                0.0020   107 0.74 |     0.633     -0
  per event: kind t0 f0 | cmd/ang gain@f0 (cnt/deg) phase coh | cmd/ang gain 0.3-2 Hz | delay from phase slope 1-6 Hz (ms) | chain 4-12 Hz amp: 32sp  fb  E  P | corr(E,32sp) corr(E,-fb) | amp T_meas | rate amp (deg/s)
   EXC  142.7  6.46 |   717.2   -52 0.99 |   471.0 |    nan |    151     85    160    214 |  0.85  0.36 |    nan |   0.4
   EXC  144.2 11.72 |   674.4   -90 0.97 |   574.9 |    nan |    178    256    257    418 |  0.35  0.76 |    nan |   1.2
   EXC  156.2 11.72 |   637.2   -59 0.94 |   559.0 |    nan |    176    140    203    257 |  0.74  0.53 |    nan |   0.7
   EXC  158.7  9.38 |   328.7   -69 0.68 |   330.3 |    nan |    618    486    713   1144 |  0.74  0.52 |    nan |   2.3
   EXC  166.4  9.38 |   492.0   -69 0.92 |   867.8 |    nan |     91    212    205    359 |  0.14  0.90 |    nan |   1.0
   EXC  266.2 10.16 |   680.2   -68 0.91 |   776.8 |    nan |    129    133    195    227 |  0.73  0.76 |    nan |   0.7
   EXC  271.3  9.38 |   557.7   -66 0.95 |   976.7 |     23 |    199    295    320    441 |  0.43  0.79 |    nan |   1.4
   EXC  315.7 10.94 |   654.7   -81 0.94 |   558.3 |    nan |    171    243    251    431 |  0.39  0.76 |    nan |   1.2
   EXC  333.3  7.79 |   857.4   -61 0.89 |   782.2 |    nan |    185    109    199    268 |  0.84  0.40 |    nan |   0.5
   EXC  345.0  8.43 |  1001.5   -68 0.95 |  1111.9 |    nan |    124     99    143    165 |  0.73  0.53 |    nan |   0.5
   EXC  347.9  9.06 |   598.3   -71 0.60 |  1048.8 |    nan |    180    121    199    258 |  0.80  0.45 |    nan |   0.5
   EXC  351.4  9.38 |   834.7   -79 0.81 |   604.3 |    nan |    226    195    266    412 |  0.70  0.56 |    nan |   1.0
   EXC  359.1  7.33 |   682.0   -55 0.70 |   438.4 |    nan |    195    172    250    412 |  0.73  0.63 |    nan |   0.8
   EXC  366.8  7.30 |  1292.5   -38 0.72 |  1234.6 |    nan |    232    194    247    374 |  0.67  0.47 |    nan |   0.9
   EXC  371.4  6.08 |   919.4   -42 0.86 |  1139.1 |    nan |    212     70    218    301 |  0.95  0.25 |    nan |   0.3
   EXC  378.9  6.87 |   850.6   -44 0.80 |   709.5 |    nan |    181     96    193    286 |  0.87  0.37 |    nan |   0.5
   EXC  383.2  7.57 |  1017.8   -54 1.00 |  1122.7 |    nan |    182     94    169    197 |  0.86  0.14 |    nan |   0.5
   EXC  385.9  8.45 |   706.9   -70 0.89 |   812.8 |    nan |    229    197    243    401 |  0.65  0.47 |    nan |   1.0
   EXC  398.4 10.16 |   654.6  -115 0.97 |   716.9 |    nan |    135    153    145    207 |  0.41  0.59 |    nan |   0.8
   EXC  401.0  8.60 |   551.2  -125 0.47 |   596.8 |     33 |    314    536    478    748 |  0.13  0.81 |    nan |   2.6
   OSC  408.8  6.61 |  1095.9  -112 1.00 |  1249.2 |     36 |    604   1368   1144   1826 | -0.14  0.90 |    nan |   6.5
   EXC  412.7  9.19 |   720.7   -59 0.57 |   592.0 |    nan |    188    233    273    397 |  0.54  0.74 |    nan |   1.2
   EXC  422.4  6.28 |  1369.0   -54 0.89 |  1211.3 |    nan |    212     83    246    289 |  0.95  0.56 |    nan |   0.3
   EXC  424.4  6.64 |  1072.0   -51 0.85 |   754.6 |    nan |    249    152    275    421 |  0.84  0.44 |    nan |   0.7
   EXC  430.4  6.81 |   601.9  -160 0.20 |  1908.0 |    -12 |    163     46    164    222 |  0.96  0.16 |    nan |   0.2
   EXC  431.7  5.65 |  1032.5   -33 0.86 |  1405.9 |    nan |    290    181    305    488 |  0.82  0.38 |    nan |   0.8
   EXC  434.9  6.74 |   985.3   -56 0.82 |   827.5 |    nan |    241    201    280    442 |  0.71  0.54 |    nan |   0.9
   EXC  452.4  6.18 |   991.5   -45 0.89 |   943.6 |    nan |    163     69    159    322 |  0.91  0.15 |    nan |   0.3
   EXC  464.5  5.70 |  1625.0   -29 0.96 |  1215.9 |     80 |    222     77    235    321 |  0.94  0.32 |    nan |   0.4
   EXC  466.4  5.42 |   902.5   -44 0.81 |   442.1 |    nan |    210    112    234    374 |  0.88  0.45 |    nan |   0.5
   EXC  473.4  6.45 |  1045.5   -41 0.98 |  1794.5 |    nan |    204    109    237    365 |  0.89  0.51 |    nan |   0.5
   EXC  475.8  5.85 |  1065.0   -45 0.82 |  1016.7 |    nan |    184     79    185    316 |  0.91  0.22 |    nan |   0.4
   EXC  495.1  6.55 |  1196.8   -51 0.82 |  2467.8 |    nan |    129     52    136    200 |  0.93  0.32 |    nan |   0.2
   EXC  499.3  6.42 |   763.4   -62 0.84 |  1432.6 |    nan |    159     50    159    246 |  0.95  0.16 |    nan |   0.2
   EXC  505.9  5.16 |  1017.9   -44 0.97 |  1198.3 |      4 |    210     73    223    314 |  0.94  0.33 |    nan |   0.4
   EXC  509.9  6.54 |   932.1   -51 0.91 |   374.6 |    nan |    257    223    270    419 |  0.64  0.47 |    nan |   1.1
   EXC  518.5  6.29 |   697.0   -28 0.88 |   275.8 |    nan |    143    197    209    250 |  0.42  0.75 |    nan |   1.1
   EXC  534.1 10.94 |   648.1   -80 0.92 |   581.0 |    nan |    202    276    303    472 |  0.46  0.76 |    nan |   1.4
   EXC  551.7 10.16 |   768.8   -65 0.97 |   623.0 |    -75 |    200    253    312    407 |  0.59  0.77 |    nan |   1.5
   EXC  553.2  9.38 |   589.3   -79 0.94 |   296.8 |    nan |    185    661    652    806 |  0.09  0.96 |    nan |   3.2
   EXC  595.1 10.16 |   693.8   -78 0.91 |  1148.2 |    nan |    243    245    298    405 |  0.61  0.61 |    nan |   1.2
   EXC  602.0 10.94 |   644.9   -82 0.98 |   658.5 |    nan |    150    248    253    389 |  0.33  0.82 |    nan |   1.2
   EXC  609.8 11.72 |   715.3   -84 0.99 |  2013.6 |     -8 |    254    189    215    263 |  0.69  0.22 |    nan |   1.0
   EXC  611.6 10.94 |   668.9   -82 0.97 |   859.1 |    -67 |    194    242    283    357 |  0.54  0.74 |    nan |   1.2
   EXC  613.6 10.16 |   288.7   -70 0.61 |   351.1 |    nan |    217    476    465    463 |  0.18  0.89 |    nan |   2.3