==================================================================================================================================
ROUTE r32 (V280r2)  cells: V280 rev 2 LINE (Y 0,52,...,1032), fb clamp 46080, gain 5346, cap 3072
  t0    f0 | rails P fb D S | T_sim vs T_meas: corr slope ph(sim re meas) | ph re rate: T_meas T_sim E cmd tq | 4-12 amp: rate(deg/s) 32sp fb E P T_sim T_meas | T_sim amp: actual  cmd-frozen  rate-frozen  (frac of actual) | tq ripple amp (raw) | damp_meas damp_sim
   357.9  7.81 | 0.00 0.00 0.00 0.00 |  0.73  0.56    42 |    46    88   -63    43  -126 (coh 1.00) |  11.4  1644  2525  2161  2846   285   147 |   285   339 (1.19)   246 (0.86) |   915 | 0.45 0.55
   536.8  7.03 | 0.00 0.00 0.00 0.00 |  0.68  0.53    32 |    40    73   -78    20  -122 (coh 1.00) |   9.6  1909  2133  1640  2122   214   122 |   214   278 (1.30)   276 (1.29) |   633 | 0.40 0.41
   539.5  8.26 | 0.00 0.00 0.00 0.00 |  0.45  0.68    64 |     4    68   -85    40  -151 (coh 1.00) |   5.8  1296  1256  1351  1650   164    94 |   164   153 (0.93)   165 (1.01) |   395 | 0.32 0.36
   553.6  8.87 | 0.00 0.00 0.00 0.00 |  0.81  0.85    36 |    59    94   -57    44  -140 (coh 1.00) |   5.9   894  1260  1229  1694   164   102 |   164   163 (0.99)   124 (0.76) |   617 | 0.29 0.32
==================================================================================================================================
ROUTE r33 (V280r2)  cells: V280 rev 2 LINE (Y 0,52,...,1032), fb clamp 46080, gain 5346, cap 3072
  t0    f0 | rails P fb D S | T_sim vs T_meas: corr slope ph(sim re meas) | ph re rate: T_meas T_sim E cmd tq | 4-12 amp: rate(deg/s) 32sp fb E P T_sim T_meas | T_sim amp: actual  cmd-frozen  rate-frozen  (frac of actual) | tq ripple amp (raw) | damp_meas damp_sim
   460.5  7.81 | 0.00 0.00 0.01 0.00 |  0.66  0.79    38 |    30    68   -87    32  -144 (coh 1.00) |   5.9  1362  1293  1261  1491   148    80 |   148   154 (1.04)   174 (1.17) |   283 | 0.38 0.39
   464.4  7.03 | 0.00 0.00 0.01 0.00 |  0.62  0.53    45 |    20    65   -91    23  -144 (coh 1.00) |   6.5  1520  1428  1170  1331   140    77 |   140   169 (1.21)   198 (1.42) |   360 | 0.19 0.31
   475.0  7.03 | 0.00 0.00 0.01 0.00 |  0.69  0.71    30 |    48    78   -72    17  -122 (coh 1.00) |   9.8  1890  2202  1607  2066   208   113 |   208   292 (1.40)   277 (1.33) |   638 | 0.48 0.47
   477.5  7.81 | 0.00 0.00 0.00 0.00 |  0.63  0.81    47 |    25    72   -81    19  -143 (coh 1.00) |   7.1  1327  1553  1078  1311   131    86 |   131   201 (1.53)   183 (1.39) |   487 | 0.35 0.41
   491.6  7.44 | 0.00 0.00 0.00 0.00 |  0.68  0.91    33 |    52    85   -66    17  -135 (coh 1.00) |   5.4   941  1196  1004  1359   130    91 |   130   163 (1.25)   136 (1.05) |   425 | 0.25 0.25
==================================================================================================================================
ROUTE r32 (V280r2)  cells: map x2, fb clamp 15360, gain 5346, cap 3072
  t0    f0 | rails P fb D S | T_sim vs T_meas: corr slope ph(sim re meas) | ph re rate: T_meas T_sim E cmd tq | 4-12 amp: rate(deg/s) 32sp fb E P T_sim T_meas | T_sim amp: actual  cmd-frozen  rate-frozen  (frac of actual) | tq ripple amp (raw) | damp_meas damp_sim
   357.9  7.81 | 0.00 0.00 0.00 0.00 |  0.64  0.57    50 |    46    96   -57    43  -126 (coh 1.00) |  11.4  1387  2525  2144  2787   283   147 |   283   339 (1.20)   204 (0.72) |   915 | 0.45 0.55
   536.8  7.03 | 0.00 0.00 0.00 0.00 |  0.56  0.52    44 |    40    84   -68    20  -122 (coh 1.00) |   9.6  1679  2133  1595  2030   208   122 |   208   278 (1.33)   238 (1.14) |   633 | 0.40 0.46
   539.5  8.26 | 0.00 0.00 0.00 0.00 |  0.43  0.71    66 |     4    70   -83    40  -151 (coh 1.00) |   5.8  1238  1256  1313  1594   159    94 |   159   153 (0.96)   158 (0.99) |   395 | 0.32 0.38
   553.6  8.87 | 0.00 0.00 0.00 0.00 |  0.74  0.94    42 |    59   101   -51    44  -140 (coh 1.00) |   5.9   771  1260  1181  1607   158   102 |   158   163 (1.04)   107 (0.68) |   617 | 0.29 0.35
==================================================================================================================================
ROUTE r33 (V280r2)  cells: map x2, fb clamp 15360, gain 5346, cap 3072
  t0    f0 | rails P fb D S | T_sim vs T_meas: corr slope ph(sim re meas) | ph re rate: T_meas T_sim E cmd tq | 4-12 amp: rate(deg/s) 32sp fb E P T_sim T_meas | T_sim amp: actual  cmd-frozen  rate-frozen  (frac of actual) | tq ripple amp (raw) | damp_meas damp_sim
   460.5  7.81 | 0.00 0.00 0.01 0.00 |  0.63  0.82    41 |    30    70   -84    32  -144 (coh 1.00) |   5.9  1307  1293  1234  1454   146    80 |   146   154 (1.06)   168 (1.15) |   283 | 0.38 0.39
   464.4  7.03 | 0.00 0.00 0.01 0.00 |  0.58  0.53    48 |    20    68   -89    23  -144 (coh 1.00) |   6.5  1450  1428  1143  1295   138    77 |   138   169 (1.23)   189 (1.38) |   360 | 0.19 0.32
   475.0  7.03 | 0.00 0.00 0.01 0.00 |  0.56  0.75    43 |    48    91   -61    17  -122 (coh 1.00) |   9.8  1657  2202  1581  2001   206   113 |   206   292 (1.41)   239 (1.16) |   638 | 0.48 0.50
   477.5  7.81 | 0.00 0.00 0.00 0.00 |  0.57  0.86    54 |    25    79   -75    19  -143 (coh 1.00) |   7.1  1206  1553  1064  1277   130    86 |   130   201 (1.54)   165 (1.26) |   487 | 0.35 0.41
   491.6  7.44 | 0.00 0.00 0.00 0.00 |  0.60  1.00    43 |    52    96   -57    17  -135 (coh 1.00) |   5.4   848  1196  1016  1360   133    91 |   133   163 (1.23)   121 (0.91) |   425 | 0.25 0.25
==================================================================================================================================
ROUTE r22 (V112)  cells: map x1, fb clamp 7680, gain 5346, cap 3072
  t0    f0 | rails P fb D S | T_sim vs T_meas: corr slope ph(sim re meas) | ph re rate: T_meas T_sim E cmd tq | 4-12 amp: rate(deg/s) 32sp fb E P T_sim T_meas | T_sim amp: actual  cmd-frozen  rate-frozen  (frac of actual) | tq ripple amp (raw) | damp_meas damp_sim
   361.9 10.16 | 0.00 0.00 0.00 0.00 |   nan   nan   nan |   nan   109   -46    29  -133 (coh 0.93) |   2.3   172   474   434   528    51   nan |    51    55 (1.09)    23 (0.45) |   249 |  nan 0.44
   378.1 10.94 | 0.00 0.00 0.00 0.00 |   nan   nan   nan |   nan   115   -43    39  -126 (coh 0.98) |   2.1   126   434   421   467    46   nan |    46    47 (1.02)    17 (0.36) |   224 |  nan 0.45
   381.3 10.94 | 0.00 0.00 0.00 0.00 |   nan   nan   nan |   nan   112   -47    27  -127 (coh 1.00) |   2.7   216   541   491   560    55   nan |    55    63 (1.13)    37 (0.67) |   268 |  nan 0.44
   382.6 10.94 | 0.00 0.00 0.00 0.00 |   nan   nan   nan |   nan   111   -46    18  -140 (coh 0.96) |   2.4   180   488   441   505    50   nan |    50    56 (1.13)    26 (0.52) |   250 |  nan 0.48
   387.0 10.16 | 0.00 0.00 0.00 0.00 |   nan   nan   nan |   nan   104   -54    34  -125 (coh 0.99) |   2.7   258   561   517   559    58   nan |    58    62 (1.06)    30 (0.52) |   266 |  nan 0.45
   389.4 10.94 | 0.00 0.00 0.00 0.00 |   nan   nan   nan |   nan   113   -47    14  -121 (coh 0.99) |   2.0   144   400   363   395    40   nan |    40    43 (1.08)    16 (0.39) |   199 |  nan 0.41
   395.0 10.16 | 0.00 0.00 0.00 0.00 |   nan   nan   nan |   nan   112   -46    21  -120 (coh 0.96) |   1.9   137   400   355   407    40   nan |    40    45 (1.12)    16 (0.41) |   176 |  nan 0.43
   459.7  9.38 | 0.00 0.00 0.00 0.00 |   nan   nan   nan |   nan   117   -42    44  -127 (coh 0.99) |   1.9   192   390   430   523    56   nan |    56    65 (1.16)    32 (0.57) |   155 |  nan 0.64