==================================================================================================================================
ROUTE r22  75604b0a432fdc89_00000022--00f57626e0  (V112)   engaged 489 s   HIGHWAY (engaged, v>=20, |ang|<8) 78 s
  highway v p50/max 21.7/24.2   |cmd| p50/p90/p99 [138. 323. 761.]   idx p50/p90/p99 [ 8. 19. 33.]   |tq_raw| p50/p90 [125. 311.]
  2-12 Hz rate envelope on highway: p50/p95/p99/max [11. 21. 27. 32.] wire (/8 = deg/s)   duty>40: 0.000
  highway rate spectrum: 2-4 5  4-8 9  8-15 126 (Welch power, wire^2)
  CHAIN [V112 (map x1, clamp 7680)] on highway frames:
    P-rail duty 0.0000  fb-clamp duty 0.0000  |E| p50/p90/max 457/1168/5303  |P| p50/p90 499/1434  |fb| p50/p90 206/834  32|sp| p50/p90 512/1272  ref p50/p90 2.1/5.1 deg/s  Kp p50 279 (window 57.0 deg/s)  fb-dominant 0.25  |E| past P window 0.0000
  COMMAND EXCURSIONS (|cmd|_1Hz > 120, +1.5 s): 22;   OSC EPISODES (env > 40 wire, >= 0.6 s): 0, 0.0 s
  kind    t0    dur     v  ang50 swing | cmdpk cmd50 idx50 idxpk  tq50 | f_rate prom f_inst  f_T  f_cmd promc | envpk amp  amp412 (deg/s) | ampcmd cmd412 | coh_c ph_c cohband cohA | ampT |T|50 |T|90 Tsat damp cohT phT | des err err412 | ch_prail ch_fbcl |E|50 ref50 win
  EXC    360.3  2.4  21.4    0.4   0.8 |   334   153     9    20   115 | 10.16   33  9.46   nan  1.56   28 |    13   12    12 ( 1.5) |    36    28 | 0.93    13  0.76 1.00 |  nan   nan   nan  nan  nan  nan   nan | 0.093 0.106 0.010 | 0.0000 0.0000    486   2.3 56.2
  EXC    361.9 15.4  21.6    0.3   8.7 |  1113   187    11    69   153 | 10.16   15  9.62   nan  1.56   57 |    28   18    18 ( 2.3) |    50    43 | 0.88    29  0.69 0.93 |  nan   nan   nan  nan  nan  nan   nan | 1.057 0.475 0.014 | 0.0000 0.0000    539   2.8 54.7
  EXC    378.1  3.0  22.2    0.4   1.8 |   356   119     7    21   145 | 10.94   46  9.86   nan  1.56   86 |    20   16    17 ( 2.1) |    48    31 | 0.91    39  0.74 0.99 |  nan   nan   nan  nan  nan  nan   nan | 0.243 0.141 0.010 | 0.0000 0.0000    396   1.8 57.8
  EXC    381.3  2.1  22.5    0.8   2.4 |   447   170    10    27   188 | 10.94   30  9.38   nan  1.56   24 |    27   20    21 ( 2.7) |    72    53 | 0.99    27  0.81 1.00 |  nan   nan   nan  nan  nan  nan   nan | 0.218 0.183 0.016 | 0.0000 0.0000    558   2.6 55.5
  EXC    382.6  4.2  22.4    2.4   2.6 |   447   173    10    27   134 | 10.94   21 10.03   nan  1.56   37 |    27   18    19 ( 2.4) |    54    43 | 0.95    18  0.64 0.98 |  nan   nan   nan  nan  nan  nan   nan | 0.353 0.181 0.013 | 0.0000 0.0000    621   2.6 55.5
  EXC    387.0  2.8  22.4    0.8   1.3 |   319   134     8    19   134 | 10.16   17  9.05   nan  1.56   13 |    32   21    22 ( 2.7) |    75    64 | 0.95    34  0.86 0.98 |  nan   nan   nan  nan  nan  nan   nan | 0.165 0.143 0.019 | 0.0000 0.0000    472   2.1 57.0
  EXC    389.4  2.2  22.3    0.9   0.9 |   345   131     8    21   142 | 10.94   24  9.94   nan  1.56   66 |    19   15    16 ( 2.0) |    40    35 | 0.98    14  0.85 0.99 |  nan   nan   nan  nan  nan  nan   nan | 0.192 0.122 0.010 | 0.0000 0.0000    435   2.1 57.0
  EXC    391.0  2.8  22.2    1.4   1.5 |   370   114     7    22    93 | 10.94   31  9.50   nan  1.56   19 |    16   12    12 ( 1.5) |    41    29 | 0.86    30  0.63 0.95 |  nan   nan   nan  nan  nan  nan   nan | 0.229 0.103 0.009 | 0.0000 0.0000    458   1.8 57.8
  EXC    395.0  4.7  21.6   -0.6   2.2 |   400   145     9    25   103 | 10.16   39  9.69   nan  1.56   64 |    21   15    15 ( 1.9) |    36    33 | 0.95    21  0.63 0.98 |  nan   nan   nan  nan  nan  nan   nan | 0.290 0.206 0.010 | 0.0000 0.0000    443   2.3 56.2
  EXC    399.4  2.1  22.0    0.1   0.8 |   268   112     6    16   123 | 10.94   33  9.28   nan 10.16    8 |    16   11    12 ( 1.5) |    44    33 | 0.94    36  0.64 0.99 |  nan   nan   nan  nan  nan  nan   nan | 0.076 0.085 0.010 | 0.0000 0.0000    329   1.6 58.6
  EXC    401.2  2.1  22.1    0.1   1.1 |   361   121     7    22   106 | 10.94   42  9.51   nan  1.56  100 |    16   12    13 ( 1.6) |    37    27 | 0.97    23  0.74 1.00 |  nan   nan   nan  nan  nan  nan   nan | 0.157 0.113 0.009 | 0.0000 0.0000    342   1.8 57.8
  EXC    402.7  2.9  21.5    0.3   1.3 |   361   117     7    22   101 | 10.16   30  9.69   nan  1.56   26 |    18   14    14 ( 1.8) |    37    31 | 0.87    23  0.68 0.97 |  nan   nan   nan  nan  nan  nan   nan | 0.140 0.122 0.011 | 0.0000 0.0000    382   1.8 57.8
  EXC    406.8  2.2  20.4    0.5   0.9 |   257    81     5    15    90 |  9.38   15  8.35   nan  1.56   22 |    11    8     8 ( 1.0) |    37    27 | 0.87    38  0.77 1.00 |  nan   nan   nan  nan  nan  nan   nan | 0.110 0.116 0.008 | 0.0000 0.0000    250   1.3 59.5
  EXC    409.9  3.9  20.6    0.5   0.5 |   241   128     7    14   108 | 10.16   18  8.80   nan  1.56   51 |    10    8     8 ( 1.0) |    27    22 | 0.47    53  0.53 0.49 |  nan   nan   nan  nan  nan  nan   nan | 0.078 0.061 0.007 | 0.0000 0.0000    404   1.8 57.8
  EXC    413.1  3.2  20.0    0.5   0.7 |   264   120     7    16   105 |  9.38   14  8.73   nan  1.56   31 |    10    7     7 ( 0.9) |    32    24 | 0.87    -8  0.55 0.91 |  nan   nan   nan  nan  nan  nan   nan | 0.104 0.068 0.007 | 0.0000 0.0000    389   1.8 57.8
  EXC    429.5  8.0  21.5   -6.8   3.3 |   547   328    21    34    89 | 10.16   19  9.07   nan  1.56   43 |    17   11    11 ( 1.4) |    34    26 | 0.82    41  0.62 0.92 |  nan   nan   nan  nan  nan  nan   nan | 0.382 0.221 0.009 | 0.0000 0.0000   1326   5.7 48.3
  EXC    438.7  2.9  22.5   -2.4   5.0 |   486   187    12    30   193 |  1.56   16  7.09   nan  1.56  122 |     9    7     7 ( 0.8) |    43    30 | 0.82    11  0.71 0.62 |  nan   nan   nan  nan  nan  nan   nan | 0.561 0.250 0.009 | 0.0000 0.0000    454   3.1 54.0
  EXC    440.6  2.5  22.4    0.2   2.7 |   486   153     9    30   166 |  1.56   16  6.70   nan  1.56  111 |     9    6     6 ( 0.7) |    37    28 | 0.89   -27  0.78 0.81 |  nan   nan   nan  nan  nan  nan   nan | 0.268 0.185 0.008 | 0.0000 0.0000    347   2.3 56.2
  EXC    444.1  2.5  21.9    0.3   1.1 |   264   149     9    16   173 |  1.56   14  7.18   nan  1.56  214 |    15    9     7 ( 0.9) |    32    25 | 1.00    13  0.44 0.95 |  nan   nan   nan  nan  nan  nan   nan | 0.256 0.150 0.008 | 0.0000 0.0000    412   2.3 56.2
  EXC    447.2  2.2  19.7    3.6   5.3 |   578   269    16    35   194 | 11.72    4  8.48   nan  1.56   16 |    13   11    11 ( 1.4) |    52    42 | 0.76    31  0.66 0.99 |  nan   nan   nan  nan  nan  nan   nan | 0.455 0.283 0.013 | 0.0000 0.0000    716   4.3 51.3
  EXC    459.7  2.1  20.3    0.2   8.7 |  2473   280     6    34   450 |  9.38    8  7.27   nan  1.56   69 |    25   18    15 ( 1.9) |    41    29 | 0.89    44  0.73 0.98 |  nan   nan   nan  nan  nan  nan   nan | 0.131 1.492 0.010 | 0.0000 0.0000    786   1.7 58.2
  EXC    460.9  2.4  20.6   -8.5  12.9 |  2744   606     1    54  2276 |  1.56   72  3.89   nan  1.56 3864 |    29   22    12 ( 1.5) |    52    19 | 0.43   178  0.70 0.44 |  nan   nan   nan  nan  nan  nan   nan | 1.041 1.785 0.010 | 0.0000 0.0000   1421   0.3 63.2
  STRATA (highway; Welch 1.28 s runs):  v      |cmd|      secs  welch_s |  2-4    4-8   8-12   4-12 (wire^2) | fpk prom | env50 env95 env99 osc_duty | idx50 idx90 cmd50 tq50
    20-25    0-100            28     14 |      5      7     86     93 | 10.16   15 |   10   21   29 0.000 |    3    7    58   103
    20-25    100-300          41     17 |      4      7     99    106 | 10.94   27 |   11   20   25 0.000 |   10   17   175   138
    20-25    300-1000          8      1 |      1     10     98    108 | 10.16   56 |   15   26   28 0.000 |   25   33   409   139
    20-25    0-inf            78     78 |      6     11    115    125 | 10.16   14 |   11   21   27 0.000 |    8   19   138   125
    20-32    0-100            28     14 |      5      7     86     93 | 10.16   15 |   10   21   29 0.000 |    3    7    58   103
    20-32    100-300          41     17 |      4      7     99    106 | 10.94   27 |   11   20   25 0.000 |   10   17   175   138
    20-32    300-1000          8      1 |      1     10     98    108 | 10.16   56 |   15   26   28 0.000 |   25   33   409   139
    20-32    0-inf            78     78 |      6     11    115    125 | 10.16   14 |   11   21   27 0.000 |    8   19   138   125