======================================================================================================================================
SECTION Q   CONTROL -- V282old (same V282 EPS, older fork, different roads) scored the same way
======================================================================================================================================
Question: is the torque mode's deficit distinguishable from ordinary fork/route variation?

       band       v  Q |               V282 |                    V282old vs V282 |                      TQall vs V282
                       |     H    NE    lag |     H    NE  NEx  dlag lagfrac    n |     H    NE  NEx  dlag lagfrac    n
  0.08-0.25    8-15  1 |  0.86  0.40   +394 |  1.07  0.68 1.70   +95    0.63    8 |                 --                
  0.08-0.25    8-15  2 |  0.88  0.47   +469 |                 --                 |  0.91  0.92 1.99  +368    0.95   19
  0.08-0.25    8-15  3 |  0.86  0.34   +351 |                 --                 |  1.07  0.75 2.19  +218    0.94   21
  0.08-0.25    8-15  4 |  1.03  0.25   +275 |                 --                 |  0.96  0.39 1.56   +87    0.98   10
  0.08-0.25   15-22  1 |  0.68  0.57   +538 |                 --                 |  1.14  1.09 1.92  +188    0.76    8
  0.08-0.25   15-22  2 |  0.72  0.53   +447 |                 --                 |  1.13  0.97 1.84  +210    0.83   11
  0.08-0.25   15-22  3 |  0.89  0.37   +376 |                 --                 |  1.15  0.94 2.51  +335    0.87   13
  0.08-0.25   15-22  4 |  0.96  0.24   +268 |                 --                 |  1.01  0.48 1.99  +127    0.96    8
  0.08-0.25   22-40  1 |  0.80  0.49   +399 |  1.37  0.68 1.39   -10   -0.22   10 |  1.05  0.92 1.88  +240    0.50   10
  0.08-0.25   22-40  2 |  0.80  0.45   +352 |  0.98  0.56 1.22   +37     nan    8 |                 --                
  0.08-0.25   22-40  3 |  0.90  0.27   +237 |  1.39  0.62 2.30   +64    0.21   12 |  0.96  0.58 2.15  +209    1.03   17
  0.08-0.25   22-40  4 |  0.91  0.22   +197 |                 --                 |  1.02  0.62 2.76  +320    1.00    8
  0.15-0.30     2-8  3 |  0.85  0.46   +273 |  1.17  0.47 1.01   +39    0.45   10 |  0.82  0.69 1.49  +230    0.90   17
  0.15-0.30    8-15  1 |  0.85  0.40   +270 |  1.00  0.74 1.82  +165    1.01   17 |  0.90  1.02 2.51  +397    1.01   21
  0.15-0.30    8-15  2 |  0.82  0.44   +266 |  0.95  0.63 1.43  +130    1.10   17 |  0.94  0.84 1.92  +257    1.05   41
  0.15-0.30    8-15  3 |  0.91  0.38   +223 |  1.10  0.68 1.79  +200    0.87   17 |  1.02  0.92 2.41  +388    0.96   52
  0.15-0.30    8-15  4 |  0.92  0.35   +246 |  1.23  0.63 1.79   +36    0.43   10 |  0.87  0.65 1.86  +107    0.91   26
  0.15-0.30   15-22  1 |  0.81  0.50   +321 |  1.08  0.83 1.66  +146    0.76   14 |                 --                
  0.15-0.30   15-22  2 |  0.88  0.45   +289 |  1.20  0.95 2.09  +152    0.65   18 |  0.95  1.16 2.56  +416    0.87   17
  0.15-0.30   15-22  3 |  0.94  0.42   +247 |  1.20  0.57 1.33   +50    0.36   12 |  1.05  1.03 2.43  +362    0.87   33
  0.15-0.30   15-22  4 |  0.91  0.35   +234 |  1.16  0.60 1.73  +114    0.60    8 |  1.00  0.81 2.33  +249    0.98   36
  0.15-0.30   15-22  5 |  0.99  0.34   +168 |                 --                 |  1.02  0.70 2.03  +235    0.98   32
  0.15-0.30   22-40  1 |  0.79  0.55   +319 |  1.12  0.88 1.61  +117    0.78   19 |  0.97  0.78 1.42   +69    0.84   11
  0.15-0.30   22-40  2 |  0.80  0.52   +275 |  1.25  0.67 1.29   +36    0.24   22 |  1.26  1.24 2.39  +365    0.72   14
  0.15-0.30   22-40  3 |  0.89  0.35   +208 |  1.36  0.60 1.73   +13   -0.06   17 |  1.05  1.04 2.99  +417    0.95   27
  0.15-0.30   22-40  4 |  0.91  0.33   +190 |  1.40  0.71 2.19   +65    0.23    9 |  1.00  0.67 2.06  +169    0.96   23
  0.15-0.30   22-40  5 |  0.94  0.28   +168 |  1.48  0.71 2.50  +117    0.27    8 |  0.99  0.87 3.09  +375    0.99   35
  0.30-0.60     2-8  3 |  0.85  0.82   +293 |  0.91  1.10 1.34   +54    0.86    9 |  0.67  1.16 1.41   +99    1.21   24
  0.30-0.60    8-15  1 |  0.69  0.94   +305 |  1.25  1.60 1.70  +123    0.52   14 |  1.06  1.69 1.81  +274    0.88   33
  0.30-0.60    8-15  2 |  0.83  0.88   +301 |  1.06  1.05 1.20   +40    0.63   18 |                 --                
  0.30-0.60    8-15  3 |  0.95  0.82   +283 |  1.08  0.94 1.16   +46    0.67   15 |  1.05  1.40 1.72  +191    0.88   42
  0.30-0.60    8-15  4 |  1.00  0.84   +298 |  1.19  1.03 1.22   +23    0.32   14 |  1.03  1.22 1.45  +128    1.00   20
  0.30-0.60   15-22  2 |  0.93  1.04   +315 |  1.50  1.60 1.54   +55    0.35   18 |  1.15  1.61 1.55  +246    0.88   12
  0.30-0.60   15-22  3 |  1.08  1.11   +313 |  1.40  1.49 1.34   +80    0.51   13 |  1.30  1.79 1.62  +201    0.80   38
  0.30-0.60   15-22  4 |  1.08  0.91   +281 |                 --                 |  1.32  1.57 1.73  +188    0.78   28
  0.30-0.60   15-22  5 |  1.07  0.78   +259 |                 --                 |  1.32  1.55 1.99  +175    0.74   30
  0.30-0.60   22-40  1 |  1.14  1.55   +419 |  1.30  1.71 1.10   +20    0.24    8 |                 --                
  0.30-0.60   22-40  2 |  1.21  1.43   +384 |  1.60  1.67 1.17    -1    0.09   14 |  1.51  1.89 1.32  +132    0.66    9
  0.30-0.60   22-40  3 |  1.14  1.15   +334 |  1.45  1.51 1.31   +48    0.37   25 |  1.25  1.58 1.37  +150    0.83   34
  0.30-0.60   22-40  4 |  1.14  0.98   +300 |  1.58  1.38 1.41   +31    0.21   11 |  1.32  1.51 1.54  +175    0.82   35
  0.30-0.60   22-40  5 |  1.17  0.85   +258 |  1.57  1.20 1.41   +24    0.17   17 |  1.34  1.52 1.79  +215    0.85   27
  0.60-1.20     2-8  3 |  0.80  1.57   +312 |  1.01  1.85 1.18   +14    0.32   24 |                 --                
  0.60-1.20     2-8  4 |  0.88  1.63   +325 |                 --                 |  0.92  1.89 1.16   +40    0.83   28
  0.60-1.20    8-15  3 |  0.80  1.56   +320 |  0.97  1.89 1.21   +28    0.49   46 |                 --                
  0.60-1.20    8-15  4 |  0.99  1.67   +321 |  0.93  1.66 0.99    +2     nan   16 |                 --                
  0.60-1.20    8-15  5 |  1.16  1.71   +301 |  1.08  1.65 0.97    -2     nan   19 |  1.85  2.64 1.54   -52   -0.78   55
  0.60-1.20   15-22  3 |  1.51  2.20   +282 |  1.28  2.03 0.92    -1     nan   23 |                 --                
  0.60-1.20   15-22  4 |  1.40  1.91   +275 |  1.31  1.84 0.96   -18     nan   25 |                 --                
  0.60-1.20   15-22  5 |  1.25  1.80   +292 |  1.46  1.76 0.98   -40     nan   11 |  1.89  2.42 1.34   -22   -0.32   52
  0.60-1.20   22-40  1 |  1.67  2.34   +263 |  1.71  2.35 1.00   -23     nan   23 |  1.73  2.41 1.03    +7    0.27   67
  0.60-1.20   22-40  2 |  1.67  2.18   +265 |  1.82  2.26 1.04   -10   -0.91   41 |  1.53  2.31 1.06   +14     nan   70
  0.60-1.20   22-40  3 |  1.78  2.20   +262 |  1.93  2.31 1.05    -9   -0.25   37 |  1.56  2.22 1.01   +18     nan   49
  0.60-1.20   22-40  4 |  1.73  2.12   +270 |  1.90  2.22 1.05   -23   -1.56   31 |  1.78  2.40 1.14    +2    0.13   25
  0.60-1.20   22-40  5 |  1.93  2.19   +267 |  1.77  2.02 0.92    -8     nan   27 |  1.98  2.27 1.04   -14     nan   18

V282old : 34 admissible cells with a positive coherent excess; median excess 0.20; LAG accounts for a median 36 % of it (IQR 21-63 %); >=60 % in 10/34 cells
TQall   : 41 admissible cells with a positive coherent excess; median excess 0.41; LAG accounts for a median 88 % of it (IQR 80-96 %); >=60 % in 36/41 cells
