============================================================================================================================================
N1/N2   ACHIEVED SIGNAL = livePose yaw x v  (primary)
============================================================================================================================================
       band       v  Q    medA |  V282 H    NE  NEtd   lag  lagtd    n |   TQ H    NE  NEtd   lag  lagtd    n |   NE x  NEtd x   dlag  dlagtd
  0.08-0.25   15-22  1  0.0259 |    0.68  0.57  0.99  +538   +490    9 |   1.14  1.09  1.22  +726   +690    8 |   1.92    1.22   +188    +200
  0.08-0.25   15-22  2  0.0371 |    0.72  0.53  0.65  +447   +510   12 |   1.13  0.97  1.20  +657   +800   11 |   1.84    1.86   +210    +290
  0.08-0.25   15-22  3  0.0690 |    0.89  0.37  0.57  +376   +350   15 |   1.15  0.94  0.98  +710   +720   13 |   2.51    1.73   +335    +370
  0.08-0.25   15-22  4  0.1235 |    0.96  0.24  0.38  +268   +320    9 |   1.01  0.48  0.58  +394   +480    8 |   1.99    1.54   +127    +160
  0.15-0.30    8-15  1  0.0071 |    0.85  0.40  1.36  +270   +320   39 |   0.90  1.02  1.65  +667   +740   21 |   2.51    1.21   +397    +420
  0.15-0.30    8-15  2  0.0126 |    0.82  0.44  0.69  +266   +320   30 |   0.94  0.84  1.29  +523   +770   41 |   1.92    1.87   +257    +450
  0.15-0.30    8-15  3  0.0249 |    0.91  0.38  0.72  +223   +290   22 |   1.02  0.92  1.13  +611   +640   52 |   2.41    1.58   +388    +350
  0.15-0.30    8-15  4  0.0499 |    0.92  0.35  0.75  +246   +220   15 |   0.87  0.65  1.27  +353   +660   26 |   1.86    1.70   +107    +440
  0.15-0.30   15-22  2  0.0144 |    0.88  0.45  1.16  +289   +440   26 |   0.95  1.16  1.42  +705   +600   17 |   2.56    1.23   +416    +160
  0.15-0.30   15-22  3  0.0222 |    0.94  0.42  0.76  +247   +230   22 |   1.05  1.03  1.47  +609   +740   33 |   2.43    1.94   +362    +510
  0.15-0.30   15-22  4  0.0365 |    0.91  0.35  0.67  +234   +360   17 |   1.00  0.81  1.15  +483   +680   36 |   2.33    1.72   +249    +320
  0.15-0.30   15-22  5  0.0678 |    0.99  0.34  0.48  +168   +150   14 |   1.02  0.70  0.76  +403   +370   32 |   2.03    1.59   +235    +220
  0.15-0.30   22-40  1  0.0079 |    0.79  0.55  2.23  +319   +610   97 |   0.97  0.78  2.86  +388   +790   11 |   1.42    1.28    +69    +180
  0.15-0.30   22-40  2  0.0158 |    0.80  0.52  1.13  +275   +420   91 |   1.26  1.24  2.28  +640   +450   14 |   2.39    2.03   +365     +30
  0.15-0.30   22-40  3  0.0278 |    0.89  0.35  0.78  +208   +280   91 |   1.05  1.04  1.29  +625   +650   27 |   2.99    1.66   +417    +370
  0.15-0.30   22-40  4  0.0506 |    0.91  0.33  0.51  +190   +160   53 |   1.00  0.67  1.01  +359   +510   23 |   2.06    1.99   +169    +350
  0.15-0.30   22-40  5  0.0725 |    0.94  0.28  0.43  +168   +140   37 |   0.99  0.87  0.90  +544   +530   35 |   3.09    2.09   +375    +390
  0.30-0.60    8-15  1  0.0055 |    0.69  0.94  1.24  +305   +350   32 |   1.06  1.69  1.86  +579   +640   33 |   1.81    1.50   +274    +290
  0.30-0.60    8-15  3  0.0180 |    0.95  0.82  1.12  +283   +250   30 |   1.05  1.40  1.48  +474   +490   42 |   1.72    1.32   +191    +240
  0.30-0.60    8-15  4  0.0270 |    1.00  0.84  0.88  +298   +280   13 |   1.03  1.22  1.53  +425   +440   20 |   1.45    1.74   +128    +160
  0.30-0.60   15-22  2  0.0115 |    0.93  1.04  1.34  +315   +310   33 |   1.15  1.61  1.87  +561   +580   12 |   1.55    1.39   +246    +270
  0.30-0.60   15-22  3  0.0179 |    1.08  1.11  1.17  +313   +330   24 |   1.30  1.79  1.87  +514   +560   38 |   1.62    1.60   +201    +230
  0.30-0.60   15-22  4  0.0256 |    1.08  0.91  0.96  +281   +280   16 |   1.32  1.57  1.70  +468   +490   28 |   1.73    1.78   +188    +210
  0.30-0.60   15-22  5  0.0461 |    1.07  0.78  0.77  +259   +210    8 |   1.32  1.55  1.56  +434   +450   30 |   1.99    2.02   +175    +240

============================================================================================================================================
N1/N2   ACHIEVED SIGNAL = controlsState actualLateralAccel (2nd)
============================================================================================================================================
       band       v  Q    medA |  V282 H    NE  NEtd   lag  lagtd    n |   TQ H    NE  NEtd   lag  lagtd    n |   NE x  NEtd x   dlag  dlagtd
  0.08-0.25   15-22  1  0.0259 |    0.75  0.41  0.60  +308   +310    9 |   1.17  0.95  1.09  +568   +550    8 |   2.34    1.83   +260    +240
  0.08-0.25   15-22  2  0.0371 |    0.78  0.37  0.48  +268   +350   12 |   1.17  0.86  0.95  +530   +630   11 |   2.33    1.97   +262    +280
  0.08-0.25   15-22  3  0.0690 |    0.91  0.24  0.33  +232   +180   15 |   1.19  0.83  0.88  +577   +600   13 |   3.40    2.66   +345    +420
  0.08-0.25   15-22  4  0.1235 |    0.98  0.16  0.28  +156   +170    9 |   1.03  0.40  0.49  +294   +350    8 |   2.59    1.77   +137    +180
  0.15-0.30    8-15  1  0.0071 |    0.89  0.30  0.82  +185   +230   39 |   0.94  0.91  1.44  +574   +770   21 |   3.00    1.76   +389    +540
  0.15-0.30    8-15  2  0.0126 |    0.85  0.33  0.55  +185   +250   30 |   0.97  0.75  1.13  +441   +630   41 |   2.28    2.05   +257    +380
  0.15-0.30    8-15  3  0.0249 |    0.91  0.29  0.57  +146   +220   22 |   1.05  0.80  0.98  +517   +540   52 |   2.79    1.73   +372    +320
  0.15-0.30    8-15  4  0.0499 |    0.94  0.25  0.56  +170   +150   15 |   0.88  0.57  1.07  +290   +560   26 |   2.27    1.92   +121    +410
  0.15-0.30   15-22  2  0.0144 |    0.93  0.29  0.65  +174   +130   26 |   1.02  0.97  1.27  +548   +500   17 |   3.33    1.94   +374    +370
  0.15-0.30   15-22  3  0.0222 |    0.94  0.28  0.46  +143   +140   22 |   1.10  0.92  1.17  +510   +600   33 |   3.33    2.57   +366    +460
  0.15-0.30   15-22  4  0.0365 |    0.93  0.22  0.33  +135   +140   17 |   1.04  0.70  0.98  +378   +540   36 |   3.15    2.95   +242    +400
  0.15-0.30   15-22  5  0.0678 |    1.00  0.22  0.32   +81    +60   14 |   1.05  0.59  0.67  +308   +350   32 |   2.64    2.07   +226    +290
  0.15-0.30   22-40  1  0.0079 |    0.87  0.26  1.22  +135   +230   97 |   1.09  0.61  1.71  +255   +470   11 |   2.33    1.40   +120    +240
  0.15-0.30   22-40  2  0.0158 |    0.87  0.25  0.50  +129   +100   91 |   1.39  1.09  1.12  +485   +460   14 |   4.28    2.22   +356    +360
  0.15-0.30   22-40  3  0.0278 |    0.95  0.16  0.37   +84    +70   91 |   1.14  0.89  1.08  +486   +480   27 |   5.47    2.89   +403    +410
  0.15-0.30   22-40  4  0.0506 |    0.96  0.14  0.25   +79    +70   53 |   1.07  0.55  0.90  +258   +400   23 |   3.88    3.67   +179    +330
  0.15-0.30   22-40  5  0.0725 |    0.98  0.12  0.19   +62    +10   37 |   1.03  0.74  0.80  +433   +430   35 |   6.25    4.20   +371    +420
  0.30-0.60    8-15  1  0.0055 |    0.71  0.62  0.83  +174   +200   32 |   1.05  1.56  1.62  +511   +560   33 |   2.50    1.94   +337    +360
  0.30-0.60    8-15  2  0.0105 |    0.84  0.60  0.61  +195   +200   31 |   0.98  1.45  1.88  +403   +390   49 |   2.43    3.06   +208    +190
  0.30-0.60    8-15  3  0.0180 |    0.95  0.54  0.86  +181   +150   30 |   1.04  1.18  1.21  +374   +380   42 |   2.16    1.41   +193    +230
  0.30-0.60    8-15  4  0.0270 |    1.00  0.61  0.61  +202   +170   13 |   1.05  1.05  1.28  +338   +350   20 |   1.72    2.10   +135    +180
  0.30-0.60   15-22  1  0.0064 |    0.78  0.81  0.91  +230   +240   37 |   0.95  1.38  1.86  +433   +570   16 |   1.70    2.04   +203    +330
  0.30-0.60   15-22  2  0.0115 |    0.94  0.65  0.71  +190   +170   33 |   1.13  1.40  1.43  +459   +490   12 |   2.14    2.01   +270    +320
  0.30-0.60   15-22  3  0.0179 |    1.02  0.65  0.63  +192   +170   24 |   1.32  1.58  1.67  +414   +460   38 |   2.44    2.66   +222    +290
  0.30-0.60   15-22  4  0.0256 |    1.05  0.54  0.54  +172   +170   16 |   1.35  1.37  1.50  +378   +390   28 |   2.55    2.79   +206    +220
  0.30-0.60   15-22  5  0.0461 |    1.14  0.51  0.52  +152   +130    8 |   1.32  1.32  1.28  +334   +350   30 |   2.59    2.48   +182    +220

============================================================================================================================================
N3   AMPLITUDE METRIC ROBUSTNESS -- bins built on p95 of |band-passed demand| instead of its RMS
============================================================================================================================================
       band       v  Q    p95A |  V282 H    NE   lag |   TQ H    NE   lag |   NE x   dlag
  0.08-0.25   15-22  2  0.0765 |    0.77  0.46  +353 |   1.15  1.03  +710 |   2.23   +357
  0.08-0.25   15-22  3  0.1427 |    0.89  0.38  +391 |   1.15  0.92  +701 |   2.45   +310
  0.08-0.25   15-22  4  0.2770 |    0.96  0.24  +259 |   1.04  0.56  +461 |   2.35   +202
  0.15-0.30    8-15  1  0.0140 |    0.81  0.45  +285 |   0.95  0.75  +383 |   1.66    +98
  0.15-0.30    8-15  2  0.0258 |    0.84  0.40  +258 |   0.93  0.89  +593 |   2.23   +335
  0.15-0.30    8-15  3  0.0507 |    0.92  0.38  +221 |   1.03  0.92  +601 |   2.39   +379
  0.15-0.30    8-15  4  0.0963 |    0.92  0.35  +246 |   0.89  0.62  +364 |   1.75   +118
  0.15-0.30   15-22  2  0.0275 |    0.88  0.44  +277 |   1.04  1.18  +734 |   2.72   +457
  0.15-0.30   15-22  3  0.0452 |    0.94  0.39  +237 |   1.04  0.95  +568 |   2.46   +331
  0.15-0.30   15-22  4  0.0759 |    0.88  0.36  +236 |   1.00  0.81  +485 |   2.28   +249
  0.15-0.30   15-22  5  0.1382 |    1.02  0.34  +158 |   1.03  0.70  +403 |   2.04   +246
  0.15-0.30   22-40  1  0.0165 |    0.80  0.53  +309 |   0.97  0.78  +388 |   1.47    +79
  0.15-0.30   22-40  2  0.0335 |    0.79  0.55  +308 |   1.11  1.13  +664 |   2.07   +356
  0.15-0.30   22-40  3  0.0551 |    0.89  0.33  +201 |   1.00  0.96  +595 |   2.89   +395
  0.15-0.30   22-40  4  0.1053 |    0.92  0.31  +182 |   1.00  0.65  +354 |   2.06   +173
  0.15-0.30   22-40  5  0.1505 |    0.93  0.29  +173 |   1.00  0.91  +568 |   3.12   +395
  0.30-0.60    8-15  1  0.0110 |    0.67  0.94  +315 |   0.93  1.52  +549 |   1.62   +235
  0.30-0.60    8-15  3  0.0391 |    0.96  0.81  +280 |   1.05  1.41  +472 |   1.74   +192
  0.30-0.60    8-15  4  0.0545 |    1.05  0.86  +290 |   1.09  1.29  +449 |   1.51   +160
  0.30-0.60   15-22  1  0.0131 |    0.98  1.47  +413 |   1.04  1.70  +552 |   1.16   +139
  0.30-0.60   15-22  2  0.0248 |    0.92  0.96  +290 |   1.27  1.66  +525 |   1.72   +236
  0.30-0.60   15-22  3  0.0370 |    1.14  1.13  +314 |   1.29  1.76  +513 |   1.56   +199
  0.30-0.60   15-22  4  0.0522 |    1.02  0.85  +271 |   1.30  1.55  +471 |   1.82   +200
  0.30-0.60   15-22  5  0.0936 |    1.07  0.78  +259 |   1.33  1.56  +434 |   2.00   +175

============================================================================================================================================
N4   STABILITY AT 2-8 m/s -- the same question under three binnings (this is where n is too thin)
============================================================================================================================================
  0.15-0.30 Hz 50% overlap median split | H0.65/0.52 dlag +214 n 10 | H0.82/0.96 dlag  -74 n 41
  0.15-0.30 Hz 50% overlap terciles     |      --       | H0.84/0.82 dlag +171 n 13 | H0.77/0.96 dlag -129 n 32
  0.15-0.30 Hz 50% overlap quartiles    |      --       |      --       | H0.85/0.82 dlag +230 n 17 |      --      
  0.30-0.60 Hz 50% overlap median split | H0.71/0.50 dlag +270 n  8 | H0.85/0.96 dlag  +96 n 43
  0.30-0.60 Hz 50% overlap terciles     |      --       | H0.78/0.67 dlag +223 n 20 |      --      
  0.30-0.60 Hz 50% overlap quartiles    |      --       |      --       | H0.85/0.67 dlag +102 n 24 |      --      
  0.60-1.20 Hz 50% overlap median split | H0.74/0.75 dlag  +50 n 63 | H0.74/0.79 dlag +160 n 95
  0.60-1.20 Hz 50% overlap terciles     | H0.72/0.74 dlag  -29 n 36 | H0.79/0.73 dlag  +57 n 50 | H0.73/0.80 dlag +163 n 72
  0.60-1.20 Hz 50% overlap quartiles    | H0.73/0.48 dlag  +17 n 23 | H0.75/0.81 dlag  +56 n 40 | H0.81/0.74 dlag  +50 n 27 | H0.73/0.80 dlag +163 n 68
  0.15-0.30 Hz 75% overlap median split | H0.62/0.63 dlag +301 n 18 | H0.82/0.97 dlag  -63 n 75
  0.15-0.30 Hz 75% overlap terciles     | H0.63/0.85 dlag +378 n 12 | H0.67/0.78 dlag  +63 n 18 | H0.84/0.98 dlag  -61 n 63
  0.15-0.30 Hz 75% overlap quartiles    |      --       | H0.63/0.59 dlag +285 n 11 | H0.82/0.88 dlag  -30 n 35 | H0.83/0.98 dlag  -87 n 40
  0.30-0.60 Hz 75% overlap median split | H0.69/0.44 dlag +207 n 13 | H0.89/1.08 dlag +106 n 80
  0.30-0.60 Hz 75% overlap terciles     |      --       | H0.74/0.73 dlag +249 n 32 | H0.92/1.10 dlag +102 n 54
  0.30-0.60 Hz 75% overlap quartiles    |      --       | H0.73/0.43 dlag +195 n 11 | H0.78/0.69 dlag +269 n 44 |      --      
  0.60-1.20 Hz 75% overlap median split | H0.73/0.64 dlag  +44 n112 | H0.83/0.72 dlag -754 n184
  0.60-1.20 Hz 75% overlap terciles     | H0.74/0.66 dlag  +36 n 61 | H0.80/0.75 dlag  +61 n 89 | H0.83/0.72 dlag -748 n146
  0.60-1.20 Hz 75% overlap quartiles    | H0.71/0.55 dlag  +93 n 45 | H0.74/0.69 dlag  +34 n 67 | H0.84/0.83 dlag  +65 n 60 | H0.83/0.73 dlag -742 n124

