noise 1.93 simulated (441 rows) 16 s
noise 0.00 simulated (441 rows) 31 s

on-centre hold: A / V294, median [min, max] over 3 seeds x 3 crowns; stick-slip events summed, mean jump deg
  noise member        v  | angle std ratio        | rate 0.3-2 Hz ratio    | events V294 -> A | jump V294 -> A | angle std V294 (deg)
  1.93  light_b         6 | 0.97 [0.95, 1.00] | 0.89 [0.83, 0.93] | 135 -> 132 | 1.61 -> 1.31 | 1.502
  1.93  light_b         8 | 0.95 [0.89, 1.08] | 0.89 [0.71, 0.96] | 123 -> 129 | 1.07 -> 0.86 | 0.749
  1.93  light_b        10 | 0.87 [0.57, 1.10] | 0.91 [0.60, 1.06] |  59 ->  47 | 0.77 -> 0.71 | 0.424
  1.93  light_b        12 | 0.91 [0.45, 1.05] | 0.73 [0.51, 1.17] |  38 ->  29 | 0.63 -> 0.52 | 0.319
  1.93  light_b        14 | 0.88 [0.00, 1.01] | 0.77 [0.38, 1.00] |  15 ->  15 | 0.59 -> 0.50 | 0.229
  1.93  light_b        17 | 0.76 [0.00, 1.21] | 0.85 [0.39, 1.00] |   9 ->   5 | 0.62 -> 0.45 | 0.077
  1.93  light_b        20 | 0.00 [0.00, 2.33] | 1.00 [0.83, 2.81] |   6 ->   9 | 0.48 -> 0.60 | 0.000
  1.93  nominal         6 | 0.98 [0.96, 1.00] | 0.93 [0.91, 0.96] | 128 -> 126 | 0.79 -> 0.72 | 0.920
  1.93  nominal         8 | 1.00 [0.99, 1.01] | 0.97 [0.95, 0.99] |  63 ->  56 | 0.58 -> 0.57 | 0.643
  1.93  nominal        10 | 0.99 [0.96, 1.01] | 0.96 [0.95, 0.99] |  70 ->  66 | 0.42 -> 0.41 | 0.381
  1.93  nominal        12 | 0.99 [0.98, 1.00] | 0.97 [0.96, 0.99] |  27 ->  23 | 0.36 -> 0.36 | 0.243
  1.93  nominal        14 | 1.00 [0.99, 1.00] | 0.99 [0.97, 0.99] |  11 ->   8 | 0.31 -> 0.31 | 0.155
  1.93  nominal        17 | 1.00 [0.99, 1.01] | 0.99 [0.98, 1.00] |   0 ->   0 | 0.00 -> 0.00 | 0.107
  1.93  nominal        20 | 1.00 [0.99, 1.01] | 0.99 [0.98, 1.00] |   0 ->   0 | 0.00 -> 0.00 | 0.103
  1.93  b_lo            6 | 0.98 [0.96, 1.00] | 0.92 [0.90, 0.96] | 128 -> 115 | 0.84 -> 0.83 | 1.013
  1.93  b_lo            8 | 0.99 [0.98, 1.01] | 0.96 [0.94, 0.99] |  72 ->  62 | 0.63 -> 0.60 | 0.690
  1.93  b_lo           10 | 0.99 [0.98, 1.02] | 0.96 [0.93, 0.99] |  75 ->  68 | 0.47 -> 0.45 | 0.435
  1.93  b_lo           12 | 0.99 [0.98, 1.01] | 0.97 [0.94, 1.00] |  58 ->  50 | 0.40 -> 0.38 | 0.287
  1.93  b_lo           14 | 1.00 [0.98, 1.01] | 0.98 [0.96, 1.00] |  21 ->  21 | 0.35 -> 0.33 | 0.176
  1.93  b_lo           17 | 1.00 [0.99, 1.01] | 0.99 [0.97, 1.00] |   8 ->   5 | 0.30 -> 0.30 | 0.118
  1.93  b_lo           20 | 1.00 [0.98, 1.05] | 0.99 [0.97, 1.00] |   4 ->   4 | 0.30 -> 0.30 | 0.111
  1.93  F_hi            6 | 0.95 [0.75, 1.07] | 0.86 [0.80, 0.94] |  35 ->  28 | 0.62 -> 0.56 | 0.550
  1.93  F_hi            8 | 0.97 [0.94, 1.01] | 0.94 [0.92, 0.98] | 102 ->  92 | 0.57 -> 0.54 | 0.506
  1.93  F_hi           10 | 0.99 [0.94, 1.03] | 0.95 [0.91, 0.98] |  38 ->  37 | 0.36 -> 0.35 | 0.249
  1.93  F_hi           12 | 1.00 [0.95, 1.07] | 0.96 [0.92, 0.99] |   3 ->   5 | 0.35 -> 0.31 | 0.160
  1.93  F_hi           14 | 1.00 [0.93, 1.18] | 0.96 [0.94, 0.99] |   3 ->   3 | 0.30 -> 0.30 | 0.113
  1.93  F_hi           17 | 1.00 [1.00, 1.09] | 0.99 [0.98, 0.99] |   0 ->   0 | 0.00 -> 0.00 | 0.084
  1.93  F_hi           20 | 1.00 [0.91, 1.02] | 0.99 [0.95, 1.00] |   0 ->   0 | 0.00 -> 0.00 | 0.080
  1.93  light_b_F05     6 | 1.00 [0.98, 1.03] | 0.96 [0.92, 0.97] |  64 ->  46 | 1.11 -> 1.18 | 1.755
  1.93  light_b_F05     8 | 0.99 [0.96, 1.02] | 0.93 [0.88, 0.98] |  99 ->  83 | 0.87 -> 0.80 | 0.941
  1.93  light_b_F05    10 | 0.98 [0.94, 1.02] | 0.91 [0.86, 0.96] | 124 -> 108 | 0.68 -> 0.65 | 0.583
  1.93  light_b_F05    12 | 0.98 [0.95, 1.04] | 0.87 [0.84, 0.99] | 126 -> 105 | 0.57 -> 0.54 | 0.386
  1.93  light_b_F05    14 | 0.99 [0.85, 1.04] | 0.89 [0.81, 0.99] | 111 ->  99 | 0.52 -> 0.48 | 0.307
  1.93  light_b_F05    17 | 0.99 [0.82, 1.07] | 0.87 [0.76, 0.95] |  91 ->  83 | 0.46 -> 0.44 | 0.237
  1.93  light_b_F05    20 | 0.97 [0.87, 1.05] | 0.89 [0.68, 0.98] |  91 ->  87 | 0.41 -> 0.41 | 0.198
  1.93  light_b_F0      6 | 1.03 [1.02, 1.04] | 0.98 [0.96, 1.00] |   0 ->   0 | 0.00 -> 0.00 | 2.046
  1.93  light_b_F0      8 | 1.05 [1.03, 1.06] | 1.03 [0.99, 1.06] |   0 ->   0 | 0.00 -> 0.00 | 1.123
  1.93  light_b_F0     10 | 1.05 [1.03, 1.06] | 1.06 [1.02, 1.08] |   0 ->   1 | 0.00 -> 0.40 | 0.682
  1.93  light_b_F0     12 | 1.04 [1.02, 1.06] | 1.06 [1.03, 1.08] |   0 ->   1 | 0.00 -> 0.40 | 0.480
  1.93  light_b_F0     14 | 1.02 [1.01, 1.05] | 1.05 [1.02, 1.07] |   1 ->   0 | 0.50 -> 0.00 | 0.389
  1.93  light_b_F0     17 | 1.00 [0.97, 1.04] | 1.00 [0.97, 1.06] |   0 ->   1 | 0.00 -> 0.40 | 0.309
  1.93  light_b_F0     20 | 0.96 [0.92, 1.01] | 0.97 [0.91, 1.01] |   0 ->   1 | 0.00 -> 0.40 | 0.266
  1.93  light_b_b2      6 | 0.99 [0.98, 1.00] | 0.92 [0.89, 0.96] | 131 -> 134 | 1.20 -> 1.05 | 1.268
  1.93  light_b_b2      8 | 0.97 [0.92, 1.01] | 0.91 [0.84, 0.96] | 109 -> 106 | 0.84 -> 0.73 | 0.682
  1.93  light_b_b2     10 | 1.00 [0.95, 1.19] | 0.93 [0.68, 1.07] |  54 ->  51 | 0.57 -> 0.49 | 0.332
  1.93  light_b_b2     12 | 0.92 [0.64, 1.02] | 0.88 [0.69, 1.11] |  28 ->  25 | 0.49 -> 0.46 | 0.268
  1.93  light_b_b2     14 | 0.88 [0.00, 2.02] | 0.86 [0.74, 2.28] |  15 ->  12 | 0.49 -> 0.52 | 0.218
  1.93  light_b_b2     17 | 0.74 [0.00, 1.21] | 0.91 [0.83, 1.12] |   6 ->   8 | 0.44 -> 0.36 | 0.052
  1.93  light_b_b2     20 | 0.00 [0.00, 1.03] | 1.00 [0.74, 1.12] |   8 ->   5 | 0.43 -> 0.44 | 0.000
  0.00  light_b         6 | 0.97 [0.95, 1.00] | 0.90 [0.84, 0.93] | 212 -> 201 | 1.75 -> 1.53 | 1.509
  0.00  light_b         8 | 0.93 [0.89, 1.07] | 0.88 [0.81, 0.95] | 164 -> 159 | 1.18 -> 0.98 | 0.762
  0.00  light_b        10 | 0.85 [0.58, 1.10] | 0.79 [0.62, 1.12] |  78 ->  69 | 0.90 -> 0.75 | 0.420
  0.00  light_b        12 | 0.95 [0.64, 1.55] | 0.74 [0.37, 1.29] |  50 ->  41 | 0.68 -> 0.59 | 0.304
  0.00  light_b        14 | 0.91 [0.00, 1.19] | 0.74 [0.00, 1.33] |  23 ->  17 | 0.57 -> 0.53 | 0.185
  0.00  light_b        17 | 0.81 [0.00, 1.58] | 0.70 [0.00, 1.00] |   8 ->   8 | 0.70 -> 0.55 | 0.057
  0.00  light_b        20 | 0.00 [0.00, 2.33] | 0.00 [0.00, 2.87] |   7 ->  10 | 0.49 -> 0.59 | 0.000
  0.00  nominal         6 | 0.98 [0.96, 1.00] | 0.93 [0.91, 0.96] | 191 -> 188 | 0.85 -> 0.76 | 0.922
  0.00  nominal         8 | 1.00 [0.99, 1.01] | 0.97 [0.95, 0.99] | 133 -> 115 | 0.58 -> 0.57 | 0.644
  0.00  nominal        10 | 1.00 [0.97, 1.01] | 0.96 [0.95, 0.99] | 124 -> 118 | 0.44 -> 0.43 | 0.382
  0.00  nominal        12 | 1.00 [0.97, 1.01] | 0.98 [0.96, 0.98] |  68 ->  64 | 0.36 -> 0.36 | 0.243
  0.00  nominal        14 | 1.00 [0.98, 1.01] | 0.99 [0.97, 1.00] |  26 ->  24 | 0.30 -> 0.30 | 0.155
  0.00  nominal        17 | 1.00 [0.99, 1.01] | 0.99 [0.98, 1.00] |   1 ->   1 | 0.30 -> 0.30 | 0.106
  0.00  nominal        20 | 1.00 [1.00, 1.00] | 0.99 [0.98, 1.00] |   0 ->   0 | 0.00 -> 0.00 | 0.103
  0.00  b_lo            6 | 0.98 [0.96, 0.99] | 0.92 [0.89, 0.96] | 212 -> 204 | 0.97 -> 0.89 | 1.018
  0.00  b_lo            8 | 0.99 [0.99, 1.01] | 0.96 [0.94, 0.99] | 148 -> 126 | 0.64 -> 0.61 | 0.688
  0.00  b_lo           10 | 0.99 [0.98, 1.01] | 0.96 [0.93, 0.99] | 151 -> 140 | 0.51 -> 0.49 | 0.436
  0.00  b_lo           12 | 0.99 [0.98, 1.01] | 0.98 [0.94, 0.99] | 107 -> 100 | 0.41 -> 0.40 | 0.286
  0.00  b_lo           14 | 0.99 [0.99, 1.01] | 0.98 [0.95, 0.99] |  54 ->  54 | 0.33 -> 0.33 | 0.176
  0.00  b_lo           17 | 0.99 [0.98, 1.01] | 0.99 [0.97, 1.00] |  11 ->  10 | 0.30 -> 0.30 | 0.118
  0.00  b_lo           20 | 1.00 [0.99, 1.02] | 0.99 [0.97, 1.00] |   9 ->   7 | 0.31 -> 0.31 | 0.111
  0.00  F_hi            6 | 0.96 [0.74, 1.06] | 0.89 [0.78, 0.96] |  54 ->  51 | 0.68 -> 0.63 | 0.551
  0.00  F_hi            8 | 0.98 [0.95, 1.01] | 0.94 [0.92, 0.98] | 155 -> 147 | 0.63 -> 0.57 | 0.506
  0.00  F_hi           10 | 0.99 [0.94, 1.01] | 0.95 [0.92, 0.98] |  64 ->  65 | 0.42 -> 0.39 | 0.248
  0.00  F_hi           12 | 1.01 [1.00, 1.38] | 0.96 [0.92, 1.00] |  11 ->  12 | 0.38 -> 0.36 | 0.160
  0.00  F_hi           14 | 1.00 [0.95, 1.27] | 0.96 [0.92, 0.99] |   6 ->   6 | 0.30 -> 0.30 | 0.106
  0.00  F_hi           17 | 1.00 [0.96, 1.03] | 0.99 [0.97, 1.00] |   1 ->   1 | 0.30 -> 0.30 | 0.084
  0.00  F_hi           20 | 1.00 [0.88, 1.00] | 0.98 [0.95, 1.00] |   2 ->   1 | 0.30 -> 0.30 | 0.080
  0.00  light_b_F05     6 | 1.00 [0.98, 1.03] | 0.95 [0.91, 0.97] | 120 ->  92 | 1.33 -> 1.34 | 1.754
  0.00  light_b_F05     8 | 0.99 [0.96, 1.02] | 0.92 [0.88, 0.97] | 183 -> 153 | 1.00 -> 0.86 | 0.941
  0.00  light_b_F05    10 | 0.98 [0.94, 1.02] | 0.93 [0.84, 0.96] | 210 -> 196 | 0.81 -> 0.74 | 0.577
  0.00  light_b_F05    12 | 0.97 [0.90, 1.03] | 0.90 [0.82, 0.98] | 195 -> 186 | 0.62 -> 0.58 | 0.389
  0.00  light_b_F05    14 | 0.98 [0.86, 1.04] | 0.89 [0.80, 0.98] | 173 -> 153 | 0.55 -> 0.52 | 0.309
  0.00  light_b_F05    17 | 0.95 [0.83, 1.06] | 0.87 [0.76, 0.96] | 151 -> 134 | 0.49 -> 0.46 | 0.235
  0.00  light_b_F05    20 | 0.96 [0.79, 1.09] | 0.87 [0.67, 0.98] | 141 -> 117 | 0.44 -> 0.42 | 0.198
  0.00  light_b_F0      6 | 1.03 [1.02, 1.04] | 0.98 [0.96, 1.00] |   0 ->   0 | 0.00 -> 0.00 | 2.047
  0.00  light_b_F0      8 | 1.05 [1.03, 1.06] | 1.04 [0.99, 1.05] |   0 ->   1 | 0.00 -> 1.80 | 1.124
  0.00  light_b_F0     10 | 1.05 [1.03, 1.07] | 1.07 [1.02, 1.09] |   0 ->   1 | 0.00 -> 0.60 | 0.681
  0.00  light_b_F0     12 | 1.04 [1.02, 1.06] | 1.06 [1.03, 1.07] |   0 ->   1 | 0.00 -> 0.40 | 0.480
  0.00  light_b_F0     14 | 1.02 [1.01, 1.05] | 1.05 [1.02, 1.07] |   2 ->   1 | 0.55 -> 0.30 | 0.389
  0.00  light_b_F0     17 | 1.00 [0.97, 1.04] | 1.02 [0.96, 1.06] |   2 ->   3 | 0.45 -> 0.30 | 0.309
  0.00  light_b_F0     20 | 0.96 [0.92, 1.01] | 0.96 [0.91, 1.03] |   1 ->   1 | 0.50 -> 0.30 | 0.265
  0.00  light_b_b2      6 | 0.99 [0.98, 1.01] | 0.92 [0.88, 0.96] | 212 -> 215 | 1.38 -> 1.21 | 1.270
  0.00  light_b_b2      8 | 0.97 [0.93, 1.02] | 0.92 [0.83, 0.97] | 149 -> 144 | 0.88 -> 0.79 | 0.672
  0.00  light_b_b2     10 | 0.97 [0.89, 1.19] | 0.93 [0.68, 0.98] |  65 ->  65 | 0.65 -> 0.58 | 0.342
  0.00  light_b_b2     12 | 0.94 [0.64, 1.02] | 0.88 [0.68, 1.15] |  34 ->  35 | 0.61 -> 0.53 | 0.268
  0.00  light_b_b2     14 | 0.88 [0.00, 1.15] | 0.80 [0.00, 1.31] |  19 ->  18 | 0.60 -> 0.55 | 0.252
  0.00  light_b_b2     17 | 0.82 [0.00, 1.21] | 0.83 [0.00, 1.00] |   8 ->   9 | 0.48 -> 0.40 | 0.052
  0.00  light_b_b2     20 | 0.00 [0.00, 1.05] | 0.00 [0.00, 1.16] |   8 ->   8 | 0.53 -> 0.44 | 0.000
