A. SWEEP OF THE UNWRITTEN NUISANCE CHOICES.  headline claim: T64 1.350, V282 0.442, ratio 3.05x

 nperseg   ovl  minrun  vmin    f2 |   J_T64  J_V282   ratio
     512  0.50      30    15  2.40 |   1.219   0.372   3.275
     512  0.50      30    15  1.20 |   1.100   0.268   4.106
     512  0.50      41    15  2.40 |   1.185   0.372   3.183
     512  0.50      41    15  1.20 |   1.063   0.268   3.968
     512  0.50      51    15  2.40 |   1.185   0.375   3.162
     512  0.50      51    15  1.20 |   1.063   0.270   3.941
     512  0.75      30    15  2.40 |   1.245   0.369   3.378
     512  0.75      30    15  1.20 |   1.126   0.264   4.261
     512  0.75      41    15  2.40 |   1.217   0.369   3.302
     512  0.75      41    15  1.20 |   1.095   0.264   4.145
     512  0.75      51    15  2.40 |   1.217   0.371   3.276
     512  0.75      51    15  1.20 |   1.095   0.266   4.112
    1024  0.50      30    15  2.40 |   1.316   0.444   2.964
    1024  0.50      30    15  1.20 |   1.189   0.315   3.771
    1024  0.50      41    15  2.40 |   1.297   0.444   2.921
    1024  0.50      41    15  1.20 |   1.168   0.315   3.703
    1024  0.50      51    15  2.40 |   1.297   0.451   2.876
    1024  0.50      51    15  1.20 |   1.168   0.320   3.647
    1024  0.75      30    15  2.40 |   1.297   0.445   2.914
    1024  0.75      30    15  1.20 |   1.163   0.314   3.698
    1024  0.75      41    15  2.40 |   1.274   0.445   2.862
    1024  0.75      41    15  1.20 |   1.138   0.314   3.617
    1024  0.75      51    15  2.40 |   1.274   0.451   2.825
    1024  0.75      51    15  1.20 |   1.138   0.319   3.571
    2048  0.50      30    15  2.40 |   1.563   0.803   1.947
    2048  0.50      30    15  1.20 |   1.398   0.546   2.561
    2048  0.50      41    15  2.40 |   1.546   0.803   1.925
    2048  0.50      41    15  1.20 |   1.379   0.546   2.525
    2048  0.50      51    15  2.40 |   1.546   0.813   1.902
    2048  0.50      51    15  1.20 |   1.379   0.553   2.494
    2048  0.75      30    15  2.40 |   1.559   0.807   1.932
    2048  0.75      30    15  1.20 |   1.396   0.552   2.532
    2048  0.75      41    15  2.40 |   1.542   0.807   1.910
    2048  0.75      41    15  1.20 |   1.377   0.552   2.497
    2048  0.75      51    15  2.40 |   1.542   0.824   1.871
    2048  0.75      51    15  1.20 |   1.377   0.563   2.446
    4096  0.50      41    15  2.40 |   1.522   0.743   2.048
    4096  0.50      41    15  1.20 |   1.388   0.507   2.735
    4096  0.50      51    15  2.40 |   1.522   0.764   1.992
    4096  0.50      51    15  1.20 |   1.388   0.521   2.662
    4096  0.75      41    15  2.40 |   1.537   0.758   2.029
    4096  0.75      41    15  1.20 |   1.392   0.523   2.661
    4096  0.75      51    15  2.40 |   1.537   0.769   1.999
    4096  0.75      51    15  1.20 |   1.392   0.531   2.623

  closest cell to the handed-down pair: nperseg 1024 ovl 0.5 minrun 30 f2 2.4 -> 1.316/0.444 ratio 2.96  (miss 0.036)
  => none of the 48 reasonable settings reproduces 0.442.  The V282 leg of the ratio is the
     one that moves; it is what sets the 'gap' every closure percentage is divided by.

B. WHERE THE METRIC'S POWER ACTUALLY IS (nperseg 2048, ovl 0.5, minrun 30, >=15 m/s)

  T64: J 1.563
            band  err pow %  demand pow %  err/dem in band
     0.15-0.30       34.9          67.3            0.811
     0.30-0.60       42.9          28.2            2.378
     0.60-1.20       10.6           3.3            5.009
     1.20-2.40       11.6           1.2           15.386

  V282: J 0.803
            band  err pow %  demand pow %  err/dem in band
     0.15-0.30       18.6          80.6            0.186
     0.30-0.60       17.8          12.5            1.144
     0.60-1.20       30.5           5.3            4.639
     1.20-2.40       33.1           1.6           16.504

  CONTRIBUTION TO THE GAP (T64 - V282), as a fraction of the total J difference:
     0.15-0.30    52.1 %
     0.30-0.60    69.4 %
     0.60-1.20   -10.4 %
     1.20-2.40   -11.1 %
