self-test OK: cell |H| recovers 0.9; constant-additive gives c=+0.004>0 with H falling 1.01->1.00; clip gives H falling 0.98->0.14
self-test OK: lag 0.25 s and gain 0.8 recovered; band |H| 0.8 recovered

==================================================================================================================================
SECTION 0/1/2  THE MEASURED SURFACE, its admissibility, and the amplitude shape
  |H| = model-desired lateral accel -> livePose yaw*v.  MEASUREMENT (logged in, logged out).
  adm = coh >= 0.60 AND n >= 6 AND split-half floor < 0.5*|H-1| or < 0.15
==================================================================================================================================

### band 0.10-0.25 Hz   (20.48 s blocks, df 0.0488 Hz)
v m/s   ai   A med grp        n    sec    |H|            CI95   coh    fl  lag_eq s    ang  rail%    |i|    |f|  adm
0-8    0   0.0076 V282       8    164   0.79 [ 0.67, 0.89]  0.91  0.11     0.707    2.6  0.006  0.042  0.045  YES
8-15   0   0.0176 V282      13    266   0.79 [ 0.63, 0.92]  0.87  0.12     0.416    1.0  0.045  0.017  0.014  YES
8-15   0   0.0315 V282old   10    205   1.05 [ 1.01, 1.12]  0.91  0.03     0.503    1.3  0.088  0.069  0.097  YES
8-15   0   0.0395 T64        4     82   1.06 [ 0.90, 1.21]  0.86  0.11     0.834    1.0  0.000  0.003  0.025   no
8-15   1   0.0509 V282       8    164   0.87 [ 0.80, 0.94]  0.91  0.07     0.360    3.7  0.244  0.013  0.018  YES
8-15   1   0.0514 V282old    6    123   1.19 [ 1.01, 1.41]  0.90  0.16     0.315    1.5  0.537  0.064  0.114   no
8-15   1   0.0491 T64        4     82   1.13 [ 0.98, 1.27]  0.88  0.07     0.758    1.2  0.000  0.003  0.032   no
8-15   1   0.0520 T64B       5    102   1.18 [ 1.05, 1.34]  0.88  0.08     0.609    2.3  0.000  0.005  0.039   no
8-15   1   0.0606 T4         4     82   0.91 [ 0.71, 1.18]  0.75  0.16     0.255    1.6  0.000  0.011  0.024   no
8-15   2   0.0832 V282       6    123   0.86 [ 0.75, 0.94]  0.96  0.09     0.384    1.4  0.008  0.012  0.016  YES
8-15   2   0.0882 T64B       4     82   1.27 [ 1.18, 1.35]  0.96  0.06     0.437    2.8  0.000  0.007  0.046   no
8-15   2   0.0771 T4         4     82   0.92 [ 0.82, 1.01]  0.96  0.08     0.669    1.8  0.000  0.017  0.023   no
8-15   3   0.3468 T4         5    102   0.96 [ 0.90, 1.05]  0.98  0.07     0.377    5.8  0.000  0.013  0.046   no
15-22   0   0.0274 V282      11    225   0.69 [ 0.64, 0.76]  0.86  0.05     0.451    0.4  0.000  0.008  0.006  YES
15-22   0   0.0259 V282old    5    102   1.06 [ 0.88, 1.38]  0.80  0.32     0.408    0.8  0.000  0.085  0.105   no
15-22   0   0.0399 T64        8    164   1.22 [ 1.09, 1.33]  0.89  0.09     0.697    0.6  0.000  0.002  0.027  YES
15-22   1   0.0672 V282       9    184   0.79 [ 0.71, 0.96]  0.93  0.08     0.441    1.1  0.125  0.007  0.014  YES
15-22   1   0.0582 T64        6    123   0.97 [ 0.91, 1.10]  0.89  0.14     0.499    1.2  0.000  0.003  0.032  YES
15-22   2   0.1195 V282       6    123   0.95 [ 0.91, 0.98]  0.98  0.02     0.275    1.4  0.138  0.010  0.015  YES
22-40   0   0.0366 V282      33    676   0.73 [ 0.62, 0.81]  0.85  0.04     0.445    0.3  0.000  0.007  0.006  YES
22-40   0   0.0353 V282old   10    205   1.30 [ 1.06, 1.54]  0.86  0.14     0.439    0.5  0.000  0.075  0.086  YES
22-40   0   0.0330 T64        4     82   1.26 [ 1.05, 1.47]  0.91  0.10     0.392    0.5  0.000  0.004  0.018   no
22-40   1   0.0730 V282      31    635   0.82 [ 0.76, 0.90]  0.91  0.04     0.339    0.5  0.000  0.006  0.008  YES
22-40   1   0.0788 V282old    4     82   1.19 [ 1.11, 1.32]  0.96  0.09     0.313    0.9  0.000  0.066  0.077   no
22-40   1   0.0620 T64        4     82   1.13 [ 1.00, 1.27]  0.91  0.16     0.610    0.8  0.000  0.003  0.025   no
22-40   2   0.1727 V282      20    410   0.91 [ 0.86, 0.96]  0.98  0.03     0.220    1.0  0.000  0.004  0.012  YES
22-40   3   0.2410 V282       9    184   0.93 [ 0.89, 0.97]  0.99  0.03     0.210    1.6  0.000  0.003  0.018  YES

### band 0.25-0.50 Hz   (20.48 s blocks, df 0.0488 Hz)
v m/s   ai   A med grp        n    sec    |H|            CI95   coh    fl  lag_eq s    ang  rail%    |i|    |f|  adm
0-8    0   0.0024 V282       9    184   0.65 [ 0.55, 0.80]  0.71  0.11     0.394    2.5  0.005  0.035  0.040  YES
8-15   0   0.0125 V282      15    307   0.74 [ 0.65, 1.67]  0.73  0.06     0.313    1.1  0.085  0.017  0.016  YES
8-15   0   0.0128 V282old    6    123   1.28 [ 0.94, 1.78]  0.78  0.21     0.363    1.3  0.000  0.069  0.105   no
8-15   0   0.0155 T4         5    102   0.75 [ 0.68, 0.84]  0.73  0.05     0.624    1.6  0.000  0.013  0.023   no
8-15   1   0.0269 V282       9    184   0.89 [ 0.79, 0.97]  0.94  0.08     0.285    1.2  0.141  0.012  0.017  YES
8-15   1   0.0256 V282old    8    164   1.25 [ 1.15, 1.41]  0.91  0.08     0.419    1.3  0.513  0.060  0.113  YES
8-15   1   0.0214 T64B       4     82   0.91 [ 0.76, 1.18]  0.70  0.12     0.581    2.6  0.000  0.004  0.042   no
8-15   2   0.0373 V282       4     82   0.93 [ 0.84, 1.02]  0.97  0.17     0.328    9.7  0.012  0.018  0.042   no
8-15   2   0.0436 T64        6    123   1.09 [ 0.99, 1.21]  0.91  0.09     0.623    1.4  0.000  0.003  0.030  YES
8-15   2   0.0384 T64B       4     82   0.95 [ 0.89, 1.08]  0.88  0.08     0.361    2.8  0.000  0.004  0.051   no
8-15   3   0.1106 T4         6    123   1.15 [ 0.97, 1.24]  0.90  0.17     0.423    5.1  0.000  0.013  0.046   no
15-22   0   0.0151 V282      16    328   0.86 [ 0.44, 1.00]  0.70  0.13     0.340    0.4  0.070  0.007  0.007  YES
15-22   0   0.0204 V282old    5    102   1.53 [ 1.20, 1.83]  0.90  0.19     0.378    1.0  0.000  0.085  0.105   no
15-22   1   0.0330 V282       7    143   1.05 [ 0.91, 1.23]  0.92  0.13     0.231    1.3  0.119  0.012  0.015  YES
15-22   1   0.0328 T64        6    123   1.22 [ 1.02, 1.38]  0.89  0.08     0.610    0.9  0.000  0.003  0.029  YES
15-22   2   0.0463 V282       6    123   0.99 [ 0.93, 1.11]  0.94  0.11     0.291    1.5  0.000  0.010  0.014  YES
15-22   2   0.0565 T64        4     82   1.34 [ 1.18, 1.70]  0.91  0.28     0.632    1.4  0.000  0.003  0.045   no
22-40   0   0.0202 V282      42    860   1.07 [ 0.90, 1.22]  0.73  0.07     0.424    0.3  0.000  0.006  0.006  YES
22-40   0   0.0236 V282old    4     82   1.45 [ 1.31, 1.61]  0.91  0.18     0.385    0.4  0.000  0.075  0.085   no
22-40   1   0.0351 V282      31    635   1.03 [ 0.85, 1.12]  0.81  0.06     0.337    0.6  0.000  0.006  0.008  YES
22-40   1   0.0385 V282old    7    143   1.35 [ 1.21, 1.78]  0.91  0.12     0.368    0.5  0.000  0.071  0.076  YES
22-40   2   0.0631 V282      15    307   1.03 [ 0.96, 1.11]  0.92  0.06     0.272    1.6  0.000  0.004  0.014  YES
22-40   2   0.0629 T64        6    123   1.40 [ 1.30, 1.53]  0.96  0.10     0.565    0.7  0.000  0.004  0.023  YES
22-40   3   0.0821 V282       5    102   1.10 [ 1.02, 1.20]  0.94  0.12     0.291    1.2  0.000  0.004  0.011   no
22-40   3   0.0944 V282old    4     82   1.36 [ 1.29, 1.46]  0.98  0.11     0.297    0.6  0.000  0.078  0.076   no
22-40   3   0.0869 T64        4     82   1.11 [ 1.02, 1.30]  0.93  0.06     0.407    1.1  0.000  0.004  0.029   no

### band 0.50-1.00 Hz   (5.12 s blocks, df 0.1953 Hz)
v m/s   ai   A med grp        n    sec    |H|            CI95   coh    fl  lag_eq s    ang  rail%    |i|    |f|  adm
0-8    0   0.0018 V282      55    282   0.69 [ 0.43, 0.87]  0.47  0.10     0.315    3.1  0.224  0.035  0.064   no
0-8    0   0.0025 V282old   15     77   0.63 [ 0.46, 0.90]  0.31  0.14     0.373    2.0  0.000  0.111  0.109   no
0-8    0   0.0022 T64       13     67   0.97 [ 0.57, 1.56]  0.44  0.24     0.360    1.0  0.000  0.007  0.026   no
0-8    0   0.0037 T5         4     20   0.59 [ 0.49, 0.76]  0.82  0.18     0.584    2.2  0.000  0.007  0.035   no
0-8    0   0.0024 T4         7     36   0.89 [ 0.29, 2.48]  0.25  1.20     0.356    1.2  0.000  0.014  0.017   no
0-8    1   0.0055 V282      37    189   0.73 [ 0.63, 0.84]  0.63  0.09     0.304    2.1  0.454  0.021  0.035  YES
0-8    1   0.0066 V282old   20    102   0.73 [ 0.57, 0.90]  0.46  0.11     0.294    2.2  0.000  0.061  0.081   no
0-8    1   0.0063 T64        9     46   1.13 [ 0.83, 1.45]  0.64  0.22     0.418    3.2  0.000  0.004  0.047   no
0-8    1   0.0063 T64B       7     36   0.73 [ 0.38, 1.22]  0.31  0.38     0.440    1.9  0.000  0.004  0.031   no
0-8    1   0.0054 T4         7     36   0.69 [ 0.41, 0.98]  0.39  0.25     0.489    2.2  0.000  0.030  0.026   no
0-8    2   0.0113 V282      11     56   1.17 [ 1.00, 1.43]  0.76  0.18     0.273    5.1  0.852  0.027  0.036   no
0-8    2   0.0141 V282old   17     87   1.02 [ 0.67, 1.41]  0.62  0.37     0.309    4.2  3.366  0.120  0.105   no
0-8    2   0.0161 T64        5     26   1.30 [ 1.10, 2.25]  0.53  0.41     0.197   16.0  0.000  0.009  0.121   no
0-8    2   0.0129 T64B       9     46   0.70 [ 0.39, 0.99]  0.57  0.38     0.287    2.6  0.000  0.004  0.044   no
0-8    2   0.0125 T4        16     82   1.12 [ 0.72, 1.58]  0.44  0.32     0.434    2.5  0.000  0.024  0.025   no
0-8    3   0.0584 V282old    9     46   0.71 [ 0.63, 1.17]  0.72  0.30     0.288   48.5  5.664  0.131  0.177   no
0-8    3   0.0323 T64        5     26   0.63 [ 0.56, 2.36]  0.20  1.48     0.212   87.8  0.000  0.027  0.227   no
0-8    3   0.0587 T64B       8     41   1.30 [ 0.97, 1.79]  0.61  0.41     0.289   81.4  0.000  0.022  0.233   no
0-8    3   0.0407 T4         8     41   1.27 [ 1.09, 1.68]  0.42  0.20     0.317  101.1  0.000  0.024  0.273   no
8-15   0   0.0061 V282      55    282   0.90 [ 0.78, 1.14]  0.46  0.07     0.329    0.8  0.000  0.012  0.011   no
8-15   0   0.0067 V282old   29    148   0.82 [ 0.72, 1.10]  0.36  0.10     0.322    1.3  0.000  0.093  0.106   no
8-15   0   0.0072 T64       19     97   0.93 [ 0.66, 1.32]  0.33  0.25     0.381    1.2  0.000  0.003  0.033   no
8-15   0   0.0070 T64B      20    102   1.04 [ 0.77, 1.41]  0.41  0.18     0.387    2.2  0.000  0.003  0.039   no
8-15   0   0.0072 T4        27    138   0.88 [ 0.66, 1.20]  0.39  0.21     0.484    1.6  0.000  0.011  0.023   no
8-15   1   0.0111 V282      40    205   0.88 [ 0.67, 1.32]  0.56  0.06     0.257    1.3  0.000  0.012  0.016   no
8-15   1   0.0116 V282old   35    179   1.04 [ 0.95, 1.26]  0.63  0.07     0.326    1.7  0.000  0.065  0.086  YES
8-15   1   0.0120 T64       23    118   1.14 [ 0.97, 1.34]  0.65  0.13     0.416    1.5  0.000  0.003  0.033  YES
8-15   1   0.0111 T64B      16     82   0.79 [ 0.59, 1.01]  0.47  0.17     0.374    1.9  0.000  0.004  0.041   no
8-15   1   0.0112 T4        14     72   0.63 [ 0.45, 0.89]  0.27  0.15     0.414    2.5  0.000  0.011  0.035   no
8-15   2   0.0195 V282      33    169   0.95 [ 0.84, 1.08]  0.73  0.07     0.274    5.1  0.000  0.010  0.030  YES
8-15   2   0.0230 V282old   14     72   1.07 [ 0.89, 1.31]  0.72  0.15     0.260    3.2  0.251  0.104  0.133  YES
8-15   2   0.0189 T64       16     82   1.30 [ 0.96, 1.58]  0.59  0.14     0.370    1.7  0.000  0.003  0.036   no
8-15   2   0.0217 T64B      13     67   1.37 [ 1.20, 1.59]  0.62  0.12     0.330    3.9  0.000  0.003  0.049  YES
8-15   2   0.0186 T5         8     41   1.08 [ 0.89, 1.42]  0.61  0.21     0.416    3.0  0.000  0.005  0.056   no
8-15   2   0.0214 T4        13     67   1.00 [ 0.80, 1.40]  0.48  0.18     0.426    2.7  0.000  0.010  0.039   no
8-15   3   0.0361 V282      14     72   1.22 [ 0.88, 1.51]  0.81  0.18     0.248    6.0  0.028  0.021  0.036   no
8-15   3   0.0457 V282old   13     67   1.27 [ 1.10, 1.43]  0.85  0.08     0.249    5.8  0.000  0.100  0.106  YES
8-15   3   0.0429 T64        9     46   1.43 [ 1.02, 1.90]  0.75  0.28     0.301    7.6  0.000  0.006  0.076   no
8-15   3   0.0416 T64B       8     41   1.54 [ 0.98, 1.99]  0.77  0.59     0.147   39.2  0.000  0.006  0.207   no
8-15   3   0.0425 T4         8     41   1.94 [ 1.26, 2.44]  0.83  0.51     0.231   14.0  0.000  0.012  0.115   no
15-22   0   0.0065 V282      53    271   1.11 [ 0.74, 1.41]  0.33  0.17     0.354    0.5  0.000  0.010  0.006   no
15-22   0   0.0084 V282old   28    143   1.43 [ 1.18, 1.90]  0.55  0.16     0.338    0.6  0.000  0.076  0.087   no
15-22   0   0.0080 T64       23    118   0.91 [ 0.68, 1.47]  0.25  0.24     0.407    0.6  0.000  0.002  0.029   no
15-22   0   0.0079 T64B       7     36   1.70 [ 0.95, 2.35]  0.47  0.60     0.292    1.1  0.000  0.002  0.036   no
15-22   0   0.0084 T4         4     20   0.81 [ 0.48, 1.26]  0.50  0.30     0.281    0.9  0.000  0.015  0.022   no
15-22   1   0.0141 V282      43    220   1.25 [ 0.93, 1.42]  0.61  0.10     0.301    0.6  0.000  0.009  0.009  YES
15-22   1   0.0147 V282old   25    128   1.26 [ 1.06, 1.49]  0.59  0.15     0.297    1.6  0.000  0.055  0.083   no
15-22   1   0.0141 T64       17     87   1.41 [ 1.24, 1.67]  0.70  0.18     0.446    0.8  0.000  0.002  0.026  YES
15-22   1   0.0137 T5        10     51   1.23 [ 0.77, 1.74]  0.44  0.44     0.400    1.2  0.000  0.002  0.034   no
15-22   2   0.0210 V282      21    108   1.25 [ 1.02, 1.49]  0.72  0.18     0.285    2.5  0.000  0.010  0.014   no
15-22   2   0.0222 V282old   11     56   1.49 [ 0.83, 1.79]  0.77  0.19     0.238    2.3  0.000  0.073  0.107  YES
15-22   2   0.0213 T64       13     67   1.58 [ 1.01, 1.94]  0.72  0.25     0.400    0.9  0.000  0.002  0.032  YES
15-22   2   0.0259 T64B      11     56   1.59 [ 1.29, 1.97]  0.65  0.24     0.379    6.8  0.000  0.004  0.078  YES
15-22   2   0.0214 T5         7     36   1.58 [ 1.08, 2.14]  0.65  0.59     0.342    2.0  0.000  0.002  0.046   no
15-22   2   0.0211 T4        12     61   1.47 [ 1.01, 1.94]  0.45  0.33     0.289    4.6  0.000  0.018  0.045   no
15-22   3   0.0387 V282      12     61   1.17 [ 0.85, 1.29]  0.84  0.12     0.238    1.8  0.000  0.010  0.017  YES
15-22   3   0.0471 V282old    5     26   1.31 [ 1.10, 1.57]  0.93  0.27     0.237    3.3  0.000  0.094  0.116   no
15-22   3   0.0379 T64        6     31   1.71 [ 1.26, 2.15]  0.91  0.37     0.332    1.6  0.000  0.003  0.031   no
15-22   3   0.0450 T64B       9     46   1.85 [ 1.59, 2.10]  0.78  0.21     0.276    8.3  0.000  0.003  0.101  YES
15-22   3   0.0465 T5         5     26   0.79 [ 0.40, 1.21]  0.63  0.53     0.545    2.6  0.000  0.002  0.054   no
15-22   3   0.0406 T4         6     31   1.25 [ 0.94, 2.03]  0.60  0.43     0.338    6.8  0.000  0.029  0.076   no
22-40   0   0.0125 V282     149    763   1.51 [ 1.14, 1.61]  0.61  0.07     0.318    0.4  0.000  0.006  0.005  YES
22-40   0   0.0143 V282old   18     92   2.00 [ 1.73, 2.43]  0.77  0.25     0.327    0.4  0.000  0.083  0.087  YES
22-40   0   0.0131 T64       11     56   1.60 [ 1.27, 1.95]  0.71  0.22     0.372    0.6  0.000  0.003  0.021  YES
22-40   0   0.0131 T64B       5     26   2.03 [ 1.46, 2.66]  0.78  0.37     0.330    0.8  0.000  0.004  0.027   no
22-40   0   0.0165 T5         9     46   1.40 [ 1.11, 1.84]  0.61  0.27     0.425    0.6  0.000  0.002  0.027   no
22-40   0   0.0140 T4         8     41   1.22 [ 0.69, 1.81]  0.43  0.55     0.346    0.6  0.000  0.014  0.017   no
22-40   1   0.0215 V282     109    558   1.54 [ 1.32, 1.64]  0.70  0.07     0.323    0.4  0.000  0.005  0.007  YES
22-40   1   0.0225 V282old   26    133   1.67 [ 1.41, 1.90]  0.69  0.14     0.323    0.5  0.000  0.066  0.074  YES
22-40   1   0.0234 T64       15     77   1.48 [ 0.78, 1.80]  0.68  0.28     0.357    0.5  0.000  0.005  0.019   no
22-40   1   0.0223 T64B       7     36   1.76 [ 1.64, 2.02]  0.60  0.14     0.341    1.0  0.000  0.003  0.028  YES
22-40   1   0.0199 T5         7     36   1.20 [ 1.03, 1.48]  0.59  0.20     0.429    0.8  0.000  0.002  0.025   no
22-40   1   0.0247 T4         6     31   1.20 [ 0.87, 1.66]  0.52  0.24     0.414    1.1  0.000  0.009  0.016   no
22-40   2   0.0322 V282      77    394   1.48 [ 1.21, 1.64]  0.78  0.08     0.303    1.2  0.000  0.005  0.012  YES
22-40   2   0.0319 V282old   19     97   1.71 [ 1.51, 1.97]  0.85  0.16     0.289    0.6  0.000  0.080  0.085  YES
22-40   2   0.0309 T64       18     92   1.55 [ 1.26, 1.83]  0.83  0.19     0.376    0.8  0.000  0.003  0.028  YES
22-40   2   0.0337 T64B       5     26   1.42 [ 1.10, 1.70]  0.84  0.22     0.309    2.0  0.000  0.004  0.046   no
22-40   2   0.0368 T5         6     31   1.34 [ 1.10, 1.63]  0.80  0.16     0.369    1.6  0.000  0.002  0.046  YES
22-40   3   0.0459 V282      40    205   1.42 [ 0.88, 1.58]  0.80  0.12     0.289    1.4  0.000  0.004  0.015  YES
22-40   3   0.0570 V282old   16     82   1.51 [ 1.35, 1.71]  0.93  0.10     0.254    1.1  0.000  0.078  0.079  YES
22-40   3   0.0496 T64        8     41   1.41 [ 1.03, 1.89]  0.77  0.43     0.303    1.4  0.000  0.003  0.036   no
22-40   3   0.0585 T5         6     31   1.39 [ 1.21, 1.55]  0.95  0.15     0.342    1.9  0.000  0.002  0.047  YES

### band 1.00-2.00 Hz   (5.12 s blocks, df 0.1953 Hz)
v m/s   ai   A med grp        n    sec    |H|            CI95   coh    fl  lag_eq s    ang  rail%    |i|    |f|  adm
0-8    0   0.0012 V282      56    287   0.97 [ 0.82, 1.33]  0.50  0.11     0.229    3.2  0.387  0.036  0.067   no
0-8    0   0.0009 V282old   13     67   0.32 [ 0.25, 0.72]  0.16  0.10     0.101    1.8  0.000  0.070  0.090   no
0-8    0   0.0010 T64       12     61   0.85 [ 0.74, 1.23]  0.33  0.14     0.211    0.9  0.000  0.006  0.022   no
0-8    0   0.0010 T64B       4     20   2.48 [ 0.80, 4.17]  0.55  2.45    -0.029    1.4  0.000  0.004  0.029   no
0-8    0   0.0012 T5         4     20   0.63 [ 0.57, 1.31]  0.42  0.36     0.144    2.2  0.000  0.007  0.035   no
0-8    0   0.0013 T4         7     36   0.68 [ 0.59, 1.20]  0.38  0.21     0.109    1.2  0.000  0.014  0.018   no
0-8    1   0.0026 V282      33    169   0.82 [ 0.70, 1.69]  0.49  0.12     0.222    2.1  0.225  0.023  0.031   no
0-8    1   0.0027 V282old   20    102   0.81 [ 0.60, 1.12]  0.37  0.18     0.242    2.8  0.254  0.115  0.110   no
0-8    1   0.0027 T64        9     46   0.87 [ 0.69, 2.40]  0.16  0.44     0.222    5.0  0.000  0.005  0.057   no
0-8    1   0.0033 T64B       8     41   0.90 [ 0.66, 1.37]  0.47  0.28     0.199    3.2  0.000  0.005  0.037   no
0-8    1   0.0033 T4        10     51   1.31 [ 0.92, 1.84]  0.43  0.35     0.151    2.4  0.000  0.019  0.025   no
0-8    2   0.0045 V282      14     72   1.17 [ 0.99, 1.54]  0.48  0.15     0.234    2.5  0.684  0.018  0.030   no
0-8    2   0.0058 V282old   19     97   0.85 [ 0.55, 1.66]  0.23  0.28     0.203    3.0  0.545  0.097  0.093   no
0-8    2   0.0056 T64        8     41   0.66 [ 0.52, 1.80]  0.13  0.28     0.178   10.2  0.000  0.028  0.071   no
0-8    2   0.0053 T64B       4     20   1.09 [ 0.91, 1.66]  0.55  0.23     0.163    2.9  0.000  0.003  0.050   no
0-8    2   0.0052 T5         4     20   1.35 [ 0.49, 2.71]  0.46  1.25     0.090    6.4  0.000  0.017  0.058   no
0-8    2   0.0054 T4        12     61   0.75 [ 0.35, 1.44]  0.17  0.54     0.196    2.5  0.000  0.026  0.040   no
0-8    3   0.0133 V282old    9     46   0.32 [ 0.31, 0.79]  0.27  0.19    -0.217   84.8 10.308  0.129  0.177   no
0-8    3   0.0133 T64B      10     51   0.64 [ 0.38, 1.20]  0.36  0.29    -0.026   35.5  0.000  0.013  0.131   no
0-8    3   0.0151 T4         9     46   0.98 [ 0.24, 1.63]  0.42  0.99    -0.063   71.8  0.000  0.024  0.217   no
8-15   0   0.0032 V282      63    323   0.83 [ 0.71, 1.32]  0.19  0.08     0.189    0.9  0.000  0.012  0.013   no
8-15   0   0.0034 V282old   29    148   0.84 [ 0.62, 1.47]  0.13  0.23     0.148    1.6  0.000  0.073  0.104   no
8-15   0   0.0038 T64       19     97   1.16 [ 0.96, 1.86]  0.24  0.19     0.158    1.6  0.000  0.003  0.035   no
8-15   0   0.0035 T64B      18     92   0.96 [ 0.65, 1.46]  0.22  0.31     0.132    2.4  0.000  0.004  0.046   no
8-15   0   0.0034 T4        21    108   0.87 [ 0.63, 1.16]  0.28  0.18     0.187    1.6  0.000  0.011  0.026   no
8-15   1   0.0051 V282      41    210   1.10 [ 0.81, 1.62]  0.42  0.15     0.200    2.6  0.000  0.013  0.019   no
8-15   1   0.0051 V282old   30    154   1.05 [ 0.78, 1.30]  0.35  0.15     0.226    1.4  0.000  0.102  0.122   no
8-15   1   0.0053 T64       22    113   1.16 [ 0.86, 1.76]  0.35  0.24     0.143    1.6  0.000  0.003  0.040   no
8-15   1   0.0055 T64B      19     97   1.42 [ 1.14, 1.81]  0.46  0.27     0.164    2.0  0.000  0.002  0.041   no
8-15   1   0.0054 T5         4     20   0.84 [ 0.75, 1.63]  0.20  0.29     0.083    1.4  0.000  0.006  0.040   no
8-15   1   0.0050 T4        15     77   1.03 [ 0.76, 1.51]  0.27  0.30     0.098    2.4  0.000  0.011  0.028   no
8-15   2   0.0071 V282      27    138   0.72 [ 0.48, 1.21]  0.32  0.18     0.217    3.2  0.014  0.008  0.028   no
8-15   2   0.0076 V282old   21    108   0.85 [ 0.66, 1.34]  0.36  0.16     0.189    2.0  0.167  0.055  0.062   no
8-15   2   0.0075 T64       17     87   1.50 [ 1.06, 1.91]  0.50  0.34     0.149    1.2  0.000  0.003  0.031   no
8-15   2   0.0075 T64B      13     67   0.97 [ 0.72, 1.54]  0.19  0.23     0.204    2.4  0.000  0.003  0.045   no
8-15   2   0.0077 T4        16     82   1.02 [ 0.77, 1.41]  0.41  0.29     0.113    2.5  0.000  0.013  0.026   no
8-15   3   0.0107 V282      11     56   0.74 [ 0.34, 1.44]  0.47  0.15     0.230    6.2  0.000  0.010  0.024   no
8-15   3   0.0132 V282old   11     56   0.54 [ 0.46, 0.97]  0.27  0.14     0.243    5.9  0.000  0.126  0.145   no
8-15   3   0.0105 T64        9     46   0.78 [ 0.71, 1.67]  0.18  0.22     0.212    2.3  0.000  0.003  0.046   no
8-15   3   0.0156 T64B       7     36   1.59 [ 1.09, 2.71]  0.22  0.59     0.021   51.9  0.000  0.006  0.250   no
8-15   3   0.0118 T5         7     36   0.83 [ 0.52, 1.54]  0.29  0.42     0.132    4.9  0.000  0.006  0.075   no
8-15   3   0.0112 T4        10     51   1.61 [ 0.92, 2.83]  0.29  0.64     0.095   11.2  0.000  0.012  0.096   no
15-22   0   0.0049 V282      49    251   1.78 [ 1.45, 2.25]  0.39  0.24     0.129    0.6  0.000  0.010  0.007   no
15-22   0   0.0042 V282old   28    143   2.09 [ 1.69, 2.90]  0.39  0.27     0.157    0.8  0.000  0.062  0.084   no
15-22   0   0.0045 T64       28    143   1.84 [ 1.46, 2.54]  0.34  0.31     0.164    0.8  0.000  0.003  0.029   no
15-22   0   0.0056 T64B       7     36   2.20 [ 1.68, 3.24]  0.42  0.66     0.095    1.5  0.000  0.002  0.035   no
15-22   0   0.0044 T5         4     20   3.11 [ 1.85, 4.43]  0.65  1.72     0.087    1.2  0.000  0.002  0.032   no
15-22   1   0.0071 V282      40    205   2.00 [ 1.66, 2.50]  0.52  0.22     0.161    0.6  0.000  0.009  0.010   no
15-22   1   0.0069 V282old   20    102   2.46 [ 1.73, 3.43]  0.56  0.47     0.144    1.1  0.000  0.073  0.095   no
15-22   1   0.0070 T64       18     92   2.27 [ 1.90, 3.47]  0.55  0.33     0.142    1.1  0.000  0.002  0.025   no
15-22   1   0.0076 T64B       7     36   2.85 [ 1.41, 5.22]  0.40  1.92     0.157    4.7  0.000  0.002  0.064   no
15-22   1   0.0069 T5         9     46   1.95 [ 1.27, 3.18]  0.27  0.82     0.073    1.8  0.000  0.004  0.040   no
15-22   1   0.0077 T4         7     36   1.74 [ 1.17, 2.61]  0.32  0.80     0.096    2.6  0.000  0.010  0.025   no
15-22   2   0.0100 V282      25    128   2.13 [ 1.50, 2.67]  0.52  0.28     0.163    0.5  0.000  0.009  0.008   no
15-22   2   0.0100 V282old   16     82   1.66 [ 0.90, 2.79]  0.50  0.47     0.162    2.7  0.000  0.080  0.095   no
15-22   2   0.0093 T64       11     56   1.98 [ 1.30, 3.92]  0.55  0.66     0.149    0.9  0.000  0.002  0.032   no
15-22   2   0.0102 T64B       6     31   3.01 [ 2.57, 3.67]  0.62  0.19     0.065    7.4  0.000  0.003  0.090  YES
15-22   2   0.0098 T5         9     46   2.07 [ 1.70, 3.06]  0.43  0.49     0.112    1.7  0.000  0.002  0.038   no
15-22   2   0.0097 T4         8     41   2.74 [ 2.15, 3.47]  0.66  0.65     0.078    2.8  0.000  0.017  0.034  YES
15-22   3   0.0151 V282      15     77   1.97 [ 1.08, 2.80]  0.56  0.63     0.186    1.6  0.000  0.008  0.013   no
15-22   3   0.0164 V282old    5     26   1.90 [ 1.20, 2.46]  0.69  0.69     0.123    2.6  0.000  0.094  0.116   no
15-22   3   0.0184 T64B      10     51   2.16 [ 1.45, 2.84]  0.56  0.62     0.165    7.0  0.000  0.003  0.102   no
15-22   3   0.0186 T4         8     41   2.74 [ 2.00, 3.41]  0.67  0.51     0.093    8.0  0.000  0.022  0.083  YES
22-40   0   0.0068 V282     146    748   2.46 [ 2.20, 2.82]  0.50  0.12     0.143    0.5  0.000  0.006  0.006   no
22-40   0   0.0077 V282old   14     72   3.29 [ 2.42, 4.08]  0.57  0.52     0.144    0.5  0.000  0.082  0.091   no
22-40   0   0.0072 T64       26    133   1.97 [ 1.46, 2.73]  0.28  0.40     0.137    0.8  0.000  0.003  0.030   no
22-40   0   0.0063 T5         8     41   3.41 [ 2.07, 4.65]  0.53  0.76     0.111    0.9  0.000  0.002  0.027   no
22-40   1   0.0105 V282     112    573   2.48 [ 1.73, 2.64]  0.62  0.13     0.143    0.5  0.000  0.005  0.008  YES
22-40   1   0.0107 V282old   29    148   2.78 [ 1.83, 3.33]  0.65  0.32     0.147    0.9  0.000  0.078  0.080  YES
22-40   1   0.0103 T64       12     61   2.54 [ 2.16, 3.37]  0.72  0.37     0.141    0.5  0.000  0.004  0.020  YES
22-40   1   0.0103 T64B       4     20   2.70 [ 2.18, 3.69]  0.73  0.95     0.089    1.1  0.000  0.004  0.030   no
22-40   1   0.0106 T5         8     41   1.82 [ 1.21, 2.57]  0.56  0.47     0.168    1.2  0.000  0.002  0.037   no
22-40   1   0.0109 T4         5     26   2.69 [ 2.38, 3.15]  0.69  0.52     0.127    1.1  0.000  0.014  0.022   no
22-40   2   0.0144 V282      76    389   2.72 [ 2.49, 3.12]  0.68  0.18     0.140    0.5  0.000  0.006  0.007  YES
22-40   2   0.0146 V282old   23    118   2.80 [ 2.29, 3.20]  0.80  0.32     0.142    0.5  0.000  0.075  0.083  YES
22-40   2   0.0146 T64       12     61   2.86 [ 2.36, 4.15]  0.81  0.44     0.128    0.8  0.000  0.003  0.024  YES
22-40   2   0.0142 T64B       4     20   3.03 [ 2.43, 4.45]  0.51  1.32    -0.052    6.0  0.000  0.003  0.082   no
22-40   2   0.0150 T5        10     51   2.76 [ 2.41, 3.17]  0.83  0.33     0.120    1.2  0.000  0.002  0.035  YES
22-40   3   0.0199 V282      41    210   3.12 [ 2.58, 3.45]  0.87  0.23     0.141    0.5  0.000  0.005  0.010  YES
22-40   3   0.0201 V282old   13     67   2.90 [ 2.46, 4.61]  0.75  0.43     0.120    1.1  0.000  0.057  0.053  YES
22-40   3   0.0223 T64B       8     41   3.37 [ 3.10, 3.74]  0.87  0.18     0.109    1.4  0.000  0.004  0.033  YES
22-40   3   0.0192 T4         6     31   3.65 [ 2.78, 5.09]  0.85  0.73     0.086    0.8  0.000  0.009  0.012  YES

### band 1.50-3.50 Hz   (5.12 s blocks, df 0.1953 Hz)
v m/s   ai   A med grp        n    sec    |H|            CI95   coh    fl  lag_eq s    ang  rail%    |i|    |f|  adm
0-8    0   0.0009 V282      56    287   1.22 [ 0.78, 2.21]  0.32  0.28     0.088    3.4  0.216  0.036  0.064   no
0-8    0   0.0008 V282old   13     67   0.91 [ 0.86, 1.98]  0.14  0.25    -0.063    2.7  0.000  0.101  0.107   no
0-8    0   0.0011 T64       12     61   1.07 [ 0.95, 1.66]  0.27  0.20     0.092    1.5  0.000  0.006  0.029   no
0-8    0   0.0009 T64B       5     26   1.80 [ 1.80, 2.65]  0.35  0.20     0.032    1.9  0.000  0.004  0.027   no
0-8    0   0.0013 T5         4     20   0.94 [ 0.63, 2.02]  0.32  0.89     0.079    2.2  0.000  0.007  0.035   no
0-8    0   0.0009 T4         6     31   2.09 [ 1.56, 2.92]  0.58  0.84     0.060    1.2  0.000  0.014  0.018   no
0-8    1   0.0022 V282      33    169   1.75 [ 1.46, 2.33]  0.50  0.20     0.087    1.9  0.485  0.019  0.033   no
0-8    1   0.0022 V282old   23    118   1.10 [ 0.84, 1.75]  0.14  0.32     0.044    2.8  0.221  0.118  0.103   no
0-8    1   0.0024 T64        6     31   1.22 [ 0.73, 1.80]  0.48  0.49     0.070    1.4  0.000  0.007  0.034   no
0-8    1   0.0021 T64B       8     41   1.63 [ 1.13, 2.69]  0.27  0.40     0.072    3.2  0.000  0.005  0.039   no
0-8    1   0.0023 T4         8     41   1.32 [ 0.92, 3.27]  0.14  0.93     0.094    2.1  0.000  0.019  0.025   no
0-8    2   0.0036 V282      15     77   1.53 [ 1.20, 2.57]  0.34  0.38     0.112    4.8  0.755  0.021  0.018   no
0-8    2   0.0041 V282old   14     72   1.51 [ 1.24, 2.22]  0.32  0.36     0.090    2.9  0.739  0.083  0.101   no
0-8    2   0.0037 T64        9     46   0.80 [ 0.79, 2.38]  0.10  0.34     0.099    7.3  0.000  0.013  0.066   no
0-8    2   0.0039 T64B       6     31   0.91 [ 0.87, 1.51]  0.23  0.15     0.022    3.2  0.000  0.005  0.062   no
0-8    2   0.0042 T4        14     72   2.07 [ 1.57, 2.76]  0.46  0.44     0.066    2.4  0.000  0.027  0.024   no
0-8    3   0.0093 V282old   11     56   0.54 [ 0.39, 1.42]  0.08  0.51    -0.015   48.5  8.434  0.131  0.159   no
0-8    3   0.0108 T64        5     26   0.53 [ 0.53, 1.37]  0.16  0.23    -0.159   17.5  0.000  0.010  0.126   no
0-8    3   0.0125 T64B       7     36   0.32 [ 0.25, 0.84]  0.19  0.19    -0.108  111.5  0.000  0.019  0.293   no
0-8    3   0.0114 T4        10     51   0.60 [ 0.27, 1.05]  0.27  0.39     0.022   72.8  0.000  0.024  0.226   no
8-15   0   0.0030 V282      61    312   1.78 [ 1.57, 2.34]  0.31  0.18     0.080    0.9  0.000  0.013  0.014   no
8-15   0   0.0031 V282old   33    169   2.12 [ 1.61, 2.96]  0.25  0.47     0.049    1.3  0.107  0.081  0.119   no
8-15   0   0.0033 T64       18     92   1.78 [ 1.56, 2.19]  0.25  0.30     0.068    1.6  0.000  0.003  0.039   no
8-15   0   0.0032 T64B      19     97   2.30 [ 1.93, 2.92]  0.36  0.35     0.029    2.1  0.000  0.003  0.048   no
8-15   0   0.0031 T4        18     92   2.13 [ 1.71, 2.78]  0.40  0.36     0.048    1.6  0.000  0.010  0.029   no
8-15   1   0.0046 V282      45    230   1.77 [ 1.30, 2.30]  0.32  0.19     0.075    1.7  0.000  0.012  0.018   no
8-15   1   0.0046 V282old   25    128   1.96 [ 1.34, 2.60]  0.28  0.37     0.087    2.2  0.000  0.105  0.122   no
8-15   1   0.0047 T64       25    128   1.83 [ 1.57, 2.38]  0.27  0.28     0.040    1.5  0.000  0.003  0.033   no
8-15   1   0.0045 T64B      19     97   2.51 [ 2.09, 3.24]  0.39  0.45     0.054    2.0  0.000  0.003  0.039   no
8-15   1   0.0046 T5         4     20   2.21 [ 1.96, 3.25]  0.43  0.40     0.028    3.9  0.000  0.005  0.059   no
8-15   1   0.0047 T4        13     67   2.63 [ 1.72, 3.72]  0.43  0.75     0.035    2.1  0.000  0.017  0.027   no
8-15   2   0.0063 V282      28    143   1.34 [ 0.80, 2.69]  0.25  0.27     0.081    5.4  0.014  0.010  0.029   no
8-15   2   0.0065 V282old   21    108   1.73 [ 1.32, 2.38]  0.35  0.43     0.066    1.5  0.000  0.055  0.062   no
8-15   2   0.0066 T64       17     87   2.04 [ 1.51, 2.80]  0.38  0.44     0.061    1.6  0.000  0.003  0.031   no
8-15   2   0.0069 T64B      11     56   1.41 [ 1.03, 1.93]  0.34  0.30     0.064    2.3  0.000  0.002  0.041   no
8-15   2   0.0065 T5         4     20   1.79 [ 1.79, 3.21]  0.31  0.40     0.028   12.4  0.000  0.004  0.094   no
8-15   2   0.0060 T4        16     82   2.11 [ 1.58, 2.72]  0.54  0.47     0.035    2.2  0.000  0.011  0.026   no
8-15   3   0.0095 V282       8     41   1.15 [ 0.68, 3.05]  0.31  0.64     0.099    1.4  0.000  0.019  0.023   no
8-15   3   0.0094 V282old   12     61   0.62 [ 0.37, 1.23]  0.15  0.32     0.099    5.8  0.000  0.121  0.145   no
8-15   3   0.0090 T64        7     36   1.48 [ 0.71, 2.91]  0.29  0.72     0.098    1.5  0.000  0.005  0.037   no
8-15   3   0.0103 T64B       8     41   1.36 [ 0.97, 2.83]  0.15  0.76     0.016   38.1  0.000  0.005  0.206   no
8-15   3   0.0092 T5         5     26   1.38 [ 0.82, 2.03]  0.56  0.69     0.063    3.3  0.000  0.004  0.057   no
8-15   3   0.0096 T4        15     77   1.44 [ 0.94, 2.42]  0.26  0.71     0.020    6.8  0.000  0.012  0.057   no
15-22   0   0.0041 V282      48    246   2.25 [ 1.37, 2.80]  0.27  0.26     0.056    0.9  0.000  0.009  0.009   no
15-22   0   0.0038 V282old   30    154   2.91 [ 1.69, 3.89]  0.34  0.52     0.055    1.1  0.000  0.066  0.086   no
15-22   0   0.0038 T64       27    138   2.78 [ 2.02, 3.23]  0.34  0.23     0.042    0.7  0.000  0.002  0.029   no
15-22   0   0.0044 T64B       5     26   4.31 [ 3.06, 6.35]  0.58  0.97     0.043    1.5  0.000  0.002  0.041   no
15-22   0   0.0046 T5         4     20   3.67 [ 2.36, 7.89]  0.28  3.44    -0.057    1.1  0.000  0.002  0.025   no
15-22   0   0.0047 T4         4     20   2.65 [ 2.50, 4.46]  0.38  0.74     0.018    2.1  0.000  0.019  0.030   no
15-22   1   0.0057 V282      42    215   3.29 [ 2.87, 3.85]  0.54  0.25     0.055    0.6  0.000  0.010  0.007   no
15-22   1   0.0059 V282old   23    118   3.40 [ 2.50, 4.21]  0.55  0.53     0.057    0.8  0.000  0.068  0.089   no
15-22   1   0.0059 T64       20    102   3.70 [ 3.16, 4.32]  0.62  0.47     0.046    0.9  0.000  0.003  0.028  YES
15-22   1   0.0059 T64B      10     51   3.41 [ 2.75, 4.27]  0.44  0.57     0.019    4.5  0.000  0.003  0.057   no
15-22   1   0.0064 T5         4     20   3.20 [ 2.44, 5.23]  0.54  0.70     0.070    2.1  0.000  0.004  0.038   no
15-22   2   0.0081 V282      29    148   3.97 [ 3.30, 4.35]  0.62  0.25     0.060    0.4  0.000  0.010  0.007  YES
15-22   2   0.0088 V282old   11     56   2.73 [ 1.62, 5.40]  0.51  0.88     0.048    1.1  0.000  0.109  0.116   no
15-22   2   0.0078 T64        8     41   3.54 [ 2.74, 5.81]  0.68  0.94     0.066    1.4  0.000  0.001  0.041  YES
15-22   2   0.0084 T64B       7     36   4.20 [ 3.13, 6.25]  0.45  1.32     0.022    4.8  0.000  0.002  0.078   no
15-22   2   0.0081 T5        12     61   3.07 [ 2.21, 4.06]  0.45  0.77     0.053    1.9  0.000  0.002  0.043   no
15-22   2   0.0086 T4         8     41   3.60 [ 3.22, 4.18]  0.74  0.55     0.035    4.6  0.000  0.021  0.052  YES
15-22   3   0.0117 V282      10     51   3.81 [ 1.82, 5.19]  0.61  1.06     0.076    3.6  0.000  0.007  0.022  YES
15-22   3   0.0121 V282old    5     26   2.51 [ 1.61, 5.47]  0.60  1.24     0.058    1.3  0.000  0.094  0.111   no
15-22   3   0.0103 T64        4     20   5.77 [ 4.74, 6.66]  0.85  0.99     0.061    1.1  0.000  0.002  0.037   no
15-22   3   0.0124 T64B       8     41   3.55 [ 2.72, 4.85]  0.58  1.12     0.036    8.4  0.000  0.004  0.108   no
15-22   3   0.0108 T5         5     26   3.22 [ 1.99, 4.41]  0.60  1.11     0.050    1.7  0.000  0.002  0.027   no
15-22   3   0.0128 T4        11     56   3.72 [ 3.02, 4.72]  0.64  0.63     0.032    6.2  0.000  0.020  0.075  YES
22-40   0   0.0055 V282     148    758   3.59 [ 3.08, 3.88]  0.42  0.18     0.068    0.4  0.000  0.005  0.006   no
22-40   0   0.0060 V282old   18     92   4.60 [ 3.79, 5.75]  0.48  0.60     0.064    0.5  0.000  0.082  0.091   no
22-40   0   0.0054 T64       22    113   4.05 [ 3.39, 4.97]  0.44  0.59     0.060    0.7  0.000  0.004  0.028   no
22-40   0   0.0054 T5         9     46   3.19 [ 2.47, 5.01]  0.30  1.52     0.060    1.0  0.000  0.002  0.031   no
22-40   1   0.0078 V282     111    568   3.92 [ 3.45, 4.59]  0.55  0.25     0.071    0.6  0.000  0.005  0.008   no
22-40   1   0.0082 V282old   25    128   4.16 [ 3.41, 5.19]  0.62  0.56     0.069    0.6  0.000  0.078  0.082  YES
22-40   1   0.0080 T64       18     92   3.61 [ 3.01, 4.71]  0.51  0.53     0.057    0.9  0.000  0.003  0.026   no
22-40   1   0.0081 T64B       4     20   4.76 [ 2.81, 7.05]  0.55  1.42     0.024    0.5  0.000  0.004  0.024   no
22-40   1   0.0087 T5         7     36   4.92 [ 3.97, 6.36]  0.73  0.97     0.061    1.0  0.000  0.002  0.029  YES
22-40   1   0.0090 T4         5     26   4.23 [ 3.26, 6.23]  0.67  1.23     0.058    0.8  0.000  0.011  0.017   no
22-40   2   0.0108 V282      77    394   4.29 [ 3.80, 5.54]  0.71  0.27     0.076    0.6  0.000  0.005  0.009  YES
22-40   2   0.0116 V282old   26    133   4.41 [ 3.64, 5.02]  0.69  0.42     0.074    0.7  0.000  0.075  0.079  YES
22-40   2   0.0124 T64        9     46   4.30 [ 3.89, 5.00]  0.82  0.37     0.080    0.6  0.000  0.003  0.023  YES
22-40   2   0.0112 T64B       5     26   5.67 [ 4.25, 7.59]  0.78  1.41     0.053    1.0  0.000  0.002  0.033   no
22-40   2   0.0118 T5         8     41   3.53 [ 3.12, 4.07]  0.75  0.45     0.075    1.0  0.000  0.001  0.028  YES
22-40   3   0.0166 V282      39    200   4.97 [ 4.43, 5.33]  0.81  0.32     0.082    0.5  0.000  0.006  0.010  YES
22-40   3   0.0153 V282old   10     51   4.69 [ 4.10, 5.42]  0.78  0.54     0.066    0.8  0.000  0.062  0.056  YES
22-40   3   0.0185 T64B      10     51   4.90 [ 4.14, 5.69]  0.79  0.57     0.048    1.4  0.000  0.004  0.033  YES
22-40   3   0.0150 T5         4     20   5.55 [ 4.62, 6.59]  0.91  0.60     0.062    1.4  0.000  0.004  0.036   no
22-40   3   0.0179 T4         6     31   5.59 [ 4.48, 7.37]  0.86  1.14     0.050    1.1  0.000  0.007  0.013  YES

### band 2.00-4.00 Hz   (5.12 s blocks, df 0.1953 Hz)
v m/s   ai   A med grp        n    sec    |H|            CI95   coh    fl  lag_eq s    ang  rail%    |i|    |f|  adm
0-8    0   0.0006 V282      54    276   2.02 [ 1.40, 4.24]  0.40  0.25     0.020    3.3  0.174  0.036  0.065   no
0-8    0   0.0008 V282old   16     82   1.43 [ 1.09, 3.22]  0.16  0.51     0.009    2.9  0.000  0.112  0.108   no
0-8    0   0.0008 T64       10     51   1.66 [ 1.03, 2.79]  0.31  0.62     0.012    1.0  0.000  0.006  0.027   no
0-8    0   0.0006 T64B       5     26   2.87 [ 2.55, 3.86]  0.58  0.60    -0.004    1.2  0.000  0.004  0.025   no
0-8    0   0.0008 T5         4     20   2.45 [ 1.32, 4.39]  0.53  1.76     0.075    2.3  0.000  0.007  0.031   no
0-8    0   0.0008 T4         7     36   3.47 [ 3.08, 4.42]  0.41  0.50    -0.016    1.9  0.000  0.018  0.021   no
0-8    1   0.0016 V282      28    143   2.01 [ 1.64, 2.92]  0.42  0.30     0.032    1.8  0.698  0.019  0.033   no
0-8    1   0.0019 V282old   24    123   1.83 [ 1.50, 2.91]  0.18  0.36    -0.005    2.7  0.212  0.103  0.094   no
0-8    1   0.0016 T64        7     36   1.60 [ 1.36, 2.35]  0.37  0.41     0.022    2.3  0.000  0.004  0.032   no
0-8    1   0.0015 T64B       9     46   2.23 [ 1.74, 3.43]  0.21  0.58     0.013    3.9  0.000  0.005  0.043   no
0-8    1   0.0018 T5         4     20   1.84 [ 1.57, 3.20]  0.35  0.21    -0.015    6.0  0.000  0.012  0.055   no
0-8    1   0.0015 T4         9     46   2.60 [ 1.87, 4.06]  0.34  0.89    -0.001    1.7  0.000  0.015  0.024   no
0-8    2   0.0027 V282      21    108   2.18 [ 1.59, 3.78]  0.40  0.41     0.036    3.2  0.288  0.027  0.021   no
0-8    2   0.0027 V282old   11     56   2.23 [ 1.75, 3.38]  0.36  0.58    -0.002    2.0  5.682  0.091  0.091   no
0-8    2   0.0027 T64       10     51   1.54 [ 1.37, 2.80]  0.20  0.39     0.007    5.1  0.000  0.012  0.063   no
0-8    2   0.0027 T64B       5     26   1.37 [ 1.07, 3.24]  0.22  0.50     0.014    2.6  0.000  0.002  0.059   no
0-8    2   0.0031 T4        12     61   2.52 [ 1.87, 3.34]  0.34  0.46     0.023    2.5  0.000  0.028  0.024   no
0-8    3   0.0060 V282old   10     51   0.75 [ 0.54, 1.76]  0.13  0.45     0.013   36.5  4.062  0.131  0.168   no
0-8    3   0.0090 T64        5     26   0.78 [ 0.78, 1.33]  0.17  0.08    -0.077   17.5  0.000  0.010  0.126   no
0-8    3   0.0114 T64B       7     36   0.37 [ 0.29, 1.02]  0.16  0.37    -0.114  111.5  0.000  0.019  0.293   no
0-8    3   0.0094 T4        10     51   0.56 [ 0.50, 1.03]  0.15  0.21     0.003   72.8  0.000  0.023  0.226   no
8-15   0   0.0021 V282      57    292   2.94 [ 2.38, 4.16]  0.38  0.35     0.034    0.9  0.000  0.013  0.014   no
8-15   0   0.0021 V282old   39    200   3.08 [ 2.30, 4.29]  0.23  0.59     0.002    1.7  0.000  0.100  0.119   no
8-15   0   0.0022 T64       20    102   2.50 [ 2.00, 3.13]  0.34  0.32     0.028    1.6  0.000  0.002  0.037   no
8-15   0   0.0021 T64B      17     87   3.31 [ 2.95, 3.94]  0.44  0.37     0.002    1.6  0.000  0.004  0.039   no
8-15   0   0.0024 T5         4     20   3.80 [ 3.44, 6.01]  0.47  1.09     0.003    2.2  0.000  0.008  0.045   no
8-15   0   0.0021 T4        15     77   3.32 [ 2.43, 4.45]  0.46  0.79     0.008    1.8  0.000  0.012  0.028   no
8-15   1   0.0032 V282      43    220   2.59 [ 2.27, 3.31]  0.40  0.22     0.030    1.2  0.000  0.013  0.017   no
8-15   1   0.0033 V282old   22    113   3.52 [ 2.50, 4.60]  0.41  0.50     0.016    1.4  0.160  0.057  0.099   no
8-15   1   0.0033 T64       27    138   2.42 [ 1.98, 3.15]  0.30  0.49     0.015    1.3  0.000  0.004  0.034   no
8-15   1   0.0031 T64B      22    113   3.08 [ 2.48, 4.06]  0.33  0.54     0.007    2.6  0.000  0.003  0.047   no
8-15   1   0.0032 T4        14     72   2.54 [ 2.23, 3.13]  0.35  0.35    -0.006    2.0  0.000  0.010  0.034   no
8-15   2   0.0045 V282      30    154   2.39 [ 1.53, 3.67]  0.38  0.54     0.036    6.0  0.013  0.008  0.028   no
8-15   2   0.0045 V282old   21    108   1.91 [ 1.38, 2.75]  0.22  0.48     0.010    2.4  0.000  0.065  0.088   no
8-15   2   0.0045 T64        9     46   2.63 [ 1.93, 3.72]  0.28  0.57     0.006    2.3  0.000  0.003  0.043   no
8-15   2   0.0047 T64B      12     61   2.60 [ 1.79, 3.70]  0.29  0.82     0.018    2.4  0.000  0.005  0.044   no
8-15   2   0.0045 T5         7     36   1.95 [ 1.52, 3.49]  0.23  0.65     0.029    4.6  0.000  0.006  0.073   no
8-15   2   0.0045 T4        18     92   3.52 [ 2.73, 4.24]  0.52  0.75    -0.005    2.0  0.000  0.011  0.024   no
8-15   3   0.0065 V282      12     61   1.75 [ 0.90, 5.09]  0.34  0.89     0.037    5.9  0.000  0.019  0.028   no
8-15   3   0.0061 V282old    9     46   1.89 [ 1.11, 3.40]  0.39  1.04     0.012    2.4  0.000  0.095  0.104   no
8-15   3   0.0063 T64       11     56   3.37 [ 2.17, 4.62]  0.46  1.05     0.031    1.5  0.000  0.005  0.031   no
8-15   3   0.0067 T64B       6     31   2.06 [ 1.90, 3.07]  0.24  0.24    -0.057   38.1  0.000  0.006  0.206   no
8-15   3   0.0058 T4        15     77   1.96 [ 1.21, 3.42]  0.30  1.18     0.003    6.8  0.000  0.012  0.069   no
15-22   0   0.0028 V282      50    256   3.52 [ 2.42, 4.65]  0.34  0.42     0.007    0.8  0.000  0.009  0.008   no
15-22   0   0.0026 V282old   27    138   3.05 [ 1.49, 4.69]  0.26  0.73     0.020    0.9  0.000  0.073  0.085   no
15-22   0   0.0028 T64       28    143   3.72 [ 2.59, 4.42]  0.40  0.43     0.009    0.7  0.000  0.002  0.027   no
15-22   0   0.0030 T64B       6     31   4.95 [ 3.68, 6.41]  0.55  1.25     0.001    1.3  0.000  0.002  0.039   no
15-22   0   0.0030 T5         4     20   3.33 [ 1.78, 7.82]  0.39  3.72     0.048    1.7  0.000  0.002  0.050   no
15-22   1   0.0038 V282      38    195   3.65 [ 2.96, 4.66]  0.32  0.61     0.011    0.6  0.000  0.010  0.007   no
15-22   1   0.0037 V282old   20    102   3.73 [ 2.24, 5.07]  0.45  0.85     0.020    1.5  0.000  0.077  0.098   no
15-22   1   0.0035 T64       18     92   3.79 [ 3.19, 4.76]  0.47  0.58     0.004    1.2  0.000  0.003  0.033   no
15-22   1   0.0040 T64B      10     51   5.58 [ 4.51, 7.01]  0.57  0.87    -0.010    4.2  0.000  0.003  0.068   no
15-22   1   0.0036 T5         7     36   2.84 [ 2.07, 5.29]  0.23  1.19    -0.000    1.3  0.000  0.003  0.037   no
15-22   1   0.0038 T4         8     41   4.20 [ 3.50, 5.23]  0.65  0.90    -0.010    2.5  0.000  0.012  0.026  YES
15-22   2   0.0052 V282      28    143   3.96 [ 3.21, 4.48]  0.55  0.39     0.016    0.7  0.000  0.010  0.009   no
15-22   2   0.0052 V282old   17     87   4.18 [ 3.22, 5.38]  0.61  0.59     0.011    0.8  0.000  0.061  0.082  YES
15-22   2   0.0051 T64       10     51   5.88 [ 4.78, 7.07]  0.72  0.85     0.020    0.8  0.000  0.002  0.024  YES
15-22   2   0.0047 T64B       7     36   3.41 [ 2.79, 5.14]  0.34  0.89    -0.023    6.9  0.000  0.003  0.099   no
15-22   2   0.0047 T5         9     46   4.01 [ 2.93, 5.27]  0.47  0.75     0.015    1.7  0.000  0.002  0.038   no
15-22   2   0.0055 T4         4     20   6.21 [ 4.14,10.65]  0.58  3.13    -0.004    6.3  0.000  0.030  0.064   no
15-22   3   0.0071 V282      13     67   5.06 [ 4.04, 6.40]  0.65  1.10     0.033    0.4  0.000  0.007  0.009  YES
15-22   3   0.0072 V282old    5     26   2.57 [ 1.55, 6.02]  0.48  1.23     0.012    2.6  0.000  0.138  0.156   no
15-22   3   0.0095 T64B       7     36   3.81 [ 3.60, 4.46]  0.64  0.40     0.013    8.4  0.000  0.002  0.113  YES
15-22   3   0.0072 T5         5     26   4.82 [ 3.67, 6.32]  0.58  0.70     0.006    2.9  0.000  0.002  0.054   no
15-22   3   0.0078 T4        10     51   4.47 [ 3.56, 5.94]  0.63  0.93     0.007    7.1  0.000  0.021  0.076  YES
22-40   0   0.0032 V282     148    758   4.72 [ 4.14, 5.54]  0.35  0.34     0.024    0.4  0.000  0.006  0.006   no
22-40   0   0.0031 V282old   16     82   4.57 [ 3.73, 8.11]  0.30  0.93     0.022    0.4  0.000  0.082  0.092   no
22-40   0   0.0033 T64       25    128   5.40 [ 3.82, 6.89]  0.44  0.71     0.010    0.8  0.000  0.004  0.024   no
22-40   0   0.0034 T5         8     41   4.77 [ 3.69, 6.86]  0.45  1.26     0.019    0.8  0.000  0.002  0.030   no
22-40   1   0.0048 V282     109    558   5.03 [ 4.55, 6.93]  0.48  0.31     0.031    0.5  0.000  0.005  0.008   no
22-40   1   0.0048 V282old   25    128   6.12 [ 5.30, 7.65]  0.59  0.53     0.018    0.5  0.000  0.075  0.081   no
22-40   1   0.0048 T64       19     97   5.08 [ 4.42, 6.61]  0.48  0.67     0.017    0.6  0.000  0.003  0.027   no
22-40   1   0.0046 T5        11     56   5.10 [ 3.54, 6.97]  0.45  1.30     0.020    0.8  0.000  0.002  0.029   no
22-40   1   0.0047 T4         4     20   5.14 [ 3.63, 8.67]  0.56  2.90     0.052    1.1  0.000  0.019  0.018   no
22-40   2   0.0063 V282      78    399   5.92 [ 5.41, 9.38]  0.64  0.37     0.031    0.6  0.000  0.005  0.010  YES
22-40   2   0.0063 V282old   29    148   6.41 [ 5.30, 7.67]  0.58  0.74     0.027    1.1  0.000  0.067  0.074   no
22-40   2   0.0060 T64        4     20   6.28 [ 3.61, 7.70]  0.77  2.22     0.025    0.5  0.000  0.002  0.021   no
22-40   2   0.0061 T64B       7     36   6.40 [ 4.22, 8.58]  0.57  1.81     0.004    1.0  0.000  0.004  0.038   no
22-40   2   0.0068 T5         5     26   6.93 [ 6.17, 8.11]  0.79  0.74     0.027    1.0  0.000  0.002  0.028   no
22-40   2   0.0066 T4         5     26   6.66 [ 4.84, 8.83]  0.78  1.52     0.007    0.8  0.000  0.008  0.019   no
22-40   3   0.0090 V282      40    205   6.53 [ 3.57, 8.51]  0.75  0.49     0.038    0.9  0.000  0.005  0.012  YES
22-40   3   0.0084 V282old    9     46   6.77 [ 4.82, 8.13]  0.70  1.54     0.029    0.7  0.000  0.081  0.084  YES
22-40   3   0.0084 T64        4     20   7.50 [ 6.04, 9.88]  0.82  2.27     0.036    1.1  0.000  0.003  0.025   no
22-40   3   0.0092 T64B      10     51   7.00 [ 5.39,10.11]  0.70  2.23     0.016    1.1  0.000  0.004  0.028  YES
22-40   3   0.0097 T5         4     20   6.71 [ 5.51, 7.49]  0.91  0.70     0.034    1.5  0.000  0.003  0.041   no
22-40   3   0.0117 T4         5     26   7.75 [ 6.08,10.12]  0.78  2.36     0.014    1.1  0.000  0.007  0.014   no

==================================================================================================================================
SECTION 1b  THE GAP, matched cell by matched cell (torque - V282), ADMISSIBLE cells only
  gap significant when the two bootstrap CIs do not overlap.  MEASUREMENT.
==================================================================================================================================
band        v       ai   A med             V282                  T64                T64B                  T5                  T4
0.10-0.25   15-22   0   0.0274   0.69[0.64,0.76]    1.22*(+0.53)[1.09,1.33]                  --                  --                  --
0.10-0.25   15-22   1   0.0672   0.79[0.71,0.96]    0.97 (+0.18)[0.91,1.10]                  --                  --                  --
0.25-0.50   15-22   1   0.0330   1.05[0.91,1.23]    1.22 (+0.18)[1.02,1.38]                  --                  --                  --
0.25-0.50   22-40   2   0.0631   1.03[0.96,1.11]    1.40*(+0.37)[1.30,1.53]                  --                  --                  --
0.50-1.00   8-15   2   0.0195   0.95[0.84,1.08]                   --   1.37*(+0.42)[1.20,1.59]                  --                  --
0.50-1.00   15-22   1   0.0141   1.25[0.93,1.42]    1.41 (+0.17)[1.24,1.67]                  --                  --                  --
0.50-1.00   15-22   3   0.0387   1.17[0.85,1.29]                   --   1.85*(+0.68)[1.59,2.10]                  --                  --
0.50-1.00   22-40   0   0.0125   1.51[1.14,1.61]    1.60 (+0.09)[1.27,1.95]                  --                  --                  --
0.50-1.00   22-40   1   0.0215   1.54[1.32,1.64]                   --   1.76 (+0.22)[1.64,2.02]                  --                  --
0.50-1.00   22-40   2   0.0322   1.48[1.21,1.64]    1.55 (+0.07)[1.26,1.83]                  --   1.34 (-0.14)[1.10,1.63]                  --
0.50-1.00   22-40   3   0.0459   1.42[0.88,1.58]                   --                  --   1.39 (-0.03)[1.21,1.55]                  --
1.00-2.00   22-40   1   0.0105   2.48[1.73,2.64]    2.54 (+0.07)[2.16,3.37]                  --                  --                  --
1.00-2.00   22-40   2   0.0144   2.72[2.49,3.12]    2.86 (+0.14)[2.36,4.15]                  --   2.76 (+0.04)[2.41,3.17]                  --
1.00-2.00   22-40   3   0.0199   3.12[2.58,3.45]                   --   3.37 (+0.25)[3.10,3.74]                  --   3.65 (+0.53)[2.78,5.09]
1.50-3.50   15-22   2   0.0081   3.97[3.30,4.35]    3.54 (-0.43)[2.74,5.81]                  --                  --   3.60 (-0.37)[3.22,4.18]
1.50-3.50   15-22   3   0.0117   3.81[1.82,5.19]                   --                  --                  --   3.72 (-0.09)[3.02,4.72]
1.50-3.50   22-40   2   0.0108   4.29[3.80,5.54]    4.30 (+0.00)[3.89,5.00]                  --   3.53 (-0.76)[3.12,4.07]                  --
1.50-3.50   22-40   3   0.0166   4.97[4.43,5.33]                   --   4.90 (-0.07)[4.14,5.69]                  --   5.59 (+0.61)[4.48,7.37]
2.00-4.00   15-22   3   0.0071   5.06[4.04,6.40]                   --   3.81 (-1.26)[3.60,4.46]                  --   4.47 (-0.60)[3.56,5.94]
2.00-4.00   22-40   3   0.0090   6.53[3.57,8.51]                   --   7.00 (+0.48)[5.39,10.11]                  --                  --

==================================================================================================================================
SECTION 2b  AMPLITUDE SHAPE -- the signature that separates the four mechanisms
  fit over the amplitude bins of one (band, speed, group):  H = a + c/A   (c>0 = a CONSTANT-MAGNITUDE
  additive command, gain falls as 1/A)  and  H = p + q*A   (q<0 = SATURATION droop at large A).
  ALGEBRA on the measured cells; no plant model.
==================================================================================================================================
band        v       grp      bins           A range       H range  c (m/s^2)  R2(1/A)         q   R2(A)  verdict
0.10-0.25   8-15   V282        3  0.0176-0.0832     0.79-0.87     -0.00190     0.96      1.31    0.75  flat / no shape
0.10-0.25   15-22   V282        3  0.0274-0.1195     0.69-0.95     -0.00762     0.84      2.83    1.00  flat / no shape
0.10-0.25   22-40   V282        4  0.0366-0.2410     0.73-0.93     -0.00817     0.97      1.05    0.90  flat / no shape
0.25-0.50   15-22   V282        3  0.0151-0.0463     0.86-1.05     -0.00392     0.87      5.53    0.71  flat / no shape
0.25-0.50   22-40   V282        3  0.0202-0.0631     1.03-1.07      0.00130     0.88     -0.92    0.60  CONSTANT-ADDITIVE shape; droop with A (sat-like)
0.50-1.00   22-40   V282        4  0.0125-0.0459     1.42-1.54      0.00076     0.25     -2.44    0.60  droop with A (sat-like)
1.00-2.00   22-40   V282        3  0.0105-0.0199     2.48-3.12     -0.01307     0.95     68.06    1.00  flat / no shape

==================================================================================================================================
SECTION 3  MECHANISM (a) LOOP DELAY 55-75 ms -- ALGEBRA on the mechanism's own transfer.
  A delay is EXACTLY magnitude-neutral: |exp(-j w D)| = 1 at every frequency, every amplitude,
  every speed.  The only magnitude the measured actuation law carries is its 5 Hz pole.
  BOUNDARY: the phase budget below is algebra.  It is NOT a prediction of the car's |H|.
==================================================================================================================================
band fc Hz   |pole 5Hz|  phase@55ms     @65     @75   measured lag_eq (s): V282 / T64 / T64B / T5 / T4
0.10-0.25         0.999        -3.5    -4.1    -4.7   V282:+0.384(n11)  T64:+0.598(n2)  T64B:+nan(n0)  T5:+nan(n0)  T4:+nan(n0)
0.25-0.50         0.997        -7.4    -8.8   -10.1   V282:+0.313(n9)  T64:+0.610(n3)  T64B:+nan(n0)  T5:+nan(n0)  T4:+nan(n0)
0.50-1.00         0.989       -14.8   -17.6   -20.2   V282:+0.302(n8)  T64:+0.400(n5)  T64B:+0.335(n4)  T5:+0.355(n2)  T4:+nan(n0)
1.00-2.00         0.958       -29.7   -35.1   -40.5   V282:+0.141(n3)  T64:+0.134(n2)  T64B:+0.087(n2)  T5:+0.120(n1)  T4:+0.086(n3)
1.50-3.50         0.894       -49.5   -58.5   -67.5   V282:+0.076(n4)  T64:+0.066(n3)  T64B:+0.048(n1)  T5:+0.068(n2)  T4:+0.035(n3)
2.00-4.00         0.857       -59.4   -70.2   -81.0   V282:+0.033(n3)  T64:+0.020(n1)  T64B:+0.015(n2)  T5:+nan(n0)  T4:-0.002(n2)

  excess lag = measured lag_eq - 0.065 s (the delay point estimate).  Anything positive is
  dynamics OTHER than the round trip: reference filtering, plant lag, or loop phase.

==================================================================================================================================
SECTION 5  MECHANISM (c) THE HOLD-FF ADDITIVE DEFICIT (+0.0231 torque at 0.6-2.5 deg, 2-8 m/s)
  Budget it against the MEASURED command in the same regime, and state its testability here.
==================================================================================================================================
band        v       grp       med |cmd|  deficit/|cmd|  med |i|  med |f|  med |ang| deg  adm
0.10-0.25   0-8    V282         0.0301           0.77   0.0418   0.0452            2.6  YES
0.25-0.50   0-8    V282         0.0298           0.78   0.0353   0.0397            2.5  YES
0.50-1.00   0-8    V282         0.0346           0.67   0.0274   0.0359            3.1  YES
0.50-1.00   0-8    T64          0.0968           0.24   0.0080   0.0842            9.6   no
0.50-1.00   0-8    T64B         0.0461           0.50   0.0042   0.0439            2.6   no
0.50-1.00   0-8    T5           0.0555           0.42   0.0071   0.0350            2.2   no
0.50-1.00   0-8    T4           0.0440           0.52   0.0242   0.0251            2.3   no
1.00-2.00   0-8    V282         0.0308           0.75   0.0227   0.0313            2.5   no
1.00-2.00   0-8    T64          0.0505           0.46   0.0064   0.0569            5.0   no
1.00-2.00   0-8    T64B         0.0481           0.48   0.0046   0.0436            3.1   no
1.00-2.00   0-8    T5           0.0528           0.44   0.0121   0.0465            4.3   no
1.00-2.00   0-8    T4           0.0508           0.45   0.0217   0.0329            2.4   no
1.50-3.50   0-8    V282         0.0325           0.71   0.0209   0.0334            3.4   no
1.50-3.50   0-8    T64          0.0537           0.43   0.0084   0.0496            4.4   no
1.50-3.50   0-8    T64B         0.0523           0.44   0.0050   0.0505            3.2   no
1.50-3.50   0-8    T5           0.0555           0.42   0.0071   0.0350            2.2   no
1.50-3.50   0-8    T4           0.0418           0.55   0.0218   0.0246            2.3   no
2.00-4.00   0-8    V282         0.0307           0.75   0.0271   0.0334            3.2   no
2.00-4.00   0-8    T64          0.0509           0.45   0.0082   0.0473            3.7   no
2.00-4.00   0-8    T64B         0.0515           0.45   0.0046   0.0508            3.2   no
2.00-4.00   0-8    T5           0.0543           0.43   0.0092   0.0428            4.2   no
2.00-4.00   0-8    T4           0.0440           0.52   0.0203   0.0242            2.2   no

==================================================================================================================================
SECTION 6  MECHANISM (d) THE DISTURBANCE OBSERVER -- measured output power in 1.5-3.5 Hz that the
  demand does NOT explain: (1-coh)*Pyy, per second of data.  r75 (T4) flew the observer OFF
  (no AccordDobHz key on the wire) and is the only on-car OFF control that exists.  MEASUREMENT.
==================================================================================================================================
v m/s   grp      obs      n    sec   unexplained Pyy/s   total Pyy/s  unexp share   x V282
0-8    V282     n/a    104    532           1.884e-05      3.25e-05        0.580     1.00
0-8    V282old  n/a     61    312           0.0001177     0.0001382        0.851     6.24
0-8    T64      ON      32    164           8.615e-05     0.0001035        0.832     4.57
0-8    T64B     ON      26    133           0.0001168     0.0001503        0.777     6.20
0-8    T5       ON       4     20             4.3e-06     6.248e-06        0.688     0.23
0-8    T4       OFF     38    195            0.000126       0.00019        0.663     6.69
8-15   V282     n/a    142    727           0.0001325     0.0002061        0.643     1.00
8-15   V282old  n/a     91    466           0.0002163     0.0003149        0.687     1.63
8-15   T64      ON      67    343           0.0002386      0.000372        0.641     1.80
8-15   T64B     ON      57    292           0.0003579     0.0005129        0.698     2.70
8-15   T5       ON      13     67           0.0002713     0.0004959        0.547     2.05
8-15   T4       OFF     62    317           0.0002744     0.0004638        0.592     2.07
15-22   V282     n/a    129    660            0.000494       0.00112        0.441     1.00
15-22   V282old  n/a     69    353           0.0004006     0.0007934        0.505     0.81
15-22   T64      ON      59    302           0.0003023     0.0009603        0.315     0.61
15-22   T64B     ON      30    154            0.001031      0.002249        0.458     2.09
15-22   T5       ON      25    128           0.0007919      0.001557        0.509     1.60
15-22   T4       OFF     23    118            0.001025      0.002736        0.375     2.07
22-40   V282     n/a    375   1920            0.001021      0.002946        0.347     1.00
22-40   V282old  n/a     79    404            0.001355      0.003938        0.344     1.33
22-40   T64      ON      49    251           0.0007303      0.001831        0.399     0.72
22-40   T64B     ON      19     97            0.002725      0.009443        0.289     2.67
22-40   T5       ON      28    143           0.0007844      0.003099        0.253     0.77
22-40   T4       OFF     11     56            0.001913       0.01002        0.191     1.87

==================================================================================================================================
SECTION 4  MECHANISM (b) ACTUATOR SATURATION -- re-derived from the logs by my own method,
  then bounded.  A railed frame's output is not a function of demand; the MOST of a band |H|
  it can move is the railed share of that band's input energy.  ALGEBRA + MEASUREMENT.
==================================================================================================================================
route                    grp      v bin       sec  railed s  duty %  episodes  longest s  med |ang| in ep
00000064--ce6b0b0ebb     V282     0-8      127.8      5.35  4.1879        46      1.705            102.4
00000064--ce6b0b0ebb     V282     8-15     103.2      0.00  0.0000         0      0.000              nan
00000064--ce6b0b0ebb     V282     15-22      99.1      0.00  0.0000         0      0.000              nan
00000064--ce6b0b0ebb     V282     22-40     227.5      0.00  0.0000         0      0.000              nan
00000065--b9f78988bd     V282     0-8      112.2      3.40  3.0306        48      0.402            132.5
00000065--b9f78988bd     V282     8-15     204.1      0.00  0.0000         0      0.000              nan
00000065--b9f78988bd     V282     15-22     173.4      0.00  0.0000         0      0.000              nan
00000065--b9f78988bd     V282     22-40     105.5      0.00  0.0000         0      0.000              nan
0000006c--2bc842dbac     V282     0-8      494.6      7.88  1.5930        65      1.013             98.6
0000006c--2bc842dbac     V282     8-15     518.4      0.00  0.0000         0      0.000              nan
0000006c--2bc842dbac     V282     15-22     436.6      0.00  0.0000         0      0.000              nan
0000006c--2bc842dbac     V282     22-40    1597.8      0.00  0.0000         0      0.000              nan
00000039--f56039af87     V282old  0-8      276.2      9.65  3.4935        33      2.668            130.9
00000039--f56039af87     V282old  8-15     310.1      0.00  0.0000         0      0.000              nan
00000039--f56039af87     V282old  15-22     123.6      0.00  0.0000         0      0.000              nan
00000039--f56039af87     V282old  22-40      97.0      0.00  0.0000         0      0.000              nan
0000003a--283a39a1d6     V282old  0-8       78.9      0.99  1.2546        11      0.665            127.3
0000003a--283a39a1d6     V282old  8-15     109.2      0.00  0.0000         0      0.000              nan
0000003a--283a39a1d6     V282old  15-22      84.1      0.00  0.0000         0      0.000              nan
0000003a--283a39a1d6     V282old  22-40     191.2      0.00  0.0000         0      0.000              nan
0000003c--927965c2b4     V282old  0-8      123.1      2.61  2.1204        12      0.895            191.2
0000003c--927965c2b4     V282old  8-15     121.3      0.01  0.0082         1      0.000             50.1
0000003c--927965c2b4     V282old  15-22     172.4      0.00  0.0000         0      0.000              nan
0000003c--927965c2b4     V282old  22-40     134.7      0.00  0.0000         0      0.000              nan
0000006c--68c6e94b17     T64      0-8       97.8      0.13  0.1329         2      0.081            200.9
0000006c--68c6e94b17     T64      8-15     178.7      0.00  0.0000         0      0.000              nan
0000006c--68c6e94b17     T64      15-22     108.0      0.00  0.0000         0      0.000              nan
0000006c--68c6e94b17     T64      22-40     192.5      0.00  0.0000         0      0.000              nan
0000006d--05e83bb04f     T64      0-8      115.2      0.22  0.1910         4      0.070            392.5
0000006d--05e83bb04f     T64      8-15     203.2      0.00  0.0000         0      0.000              nan
0000006d--05e83bb04f     T64      15-22     220.1      0.00  0.0000         0      0.000              nan
0000006d--05e83bb04f     T64      22-40      78.1      0.00  0.0000         0      0.000              nan
0000006e--6ca3e014fd     T64B     0-8      182.1      0.14  0.0769         2      0.091            392.9
0000006e--6ca3e014fd     T64B     8-15     303.6      0.00  0.0000         0      0.000              nan
0000006e--6ca3e014fd     T64B     15-22     158.1      0.00  0.0000         0      0.000              nan
0000006e--6ca3e014fd     T64B     22-40      96.7      0.00  0.0000         0      0.000              nan
00000076--d0b7ea7e4d     T5       0-8       87.6      0.00  0.0000         0      0.000              nan
00000076--d0b7ea7e4d     T5       8-15      92.8      0.00  0.0000         0      0.000              nan
00000076--d0b7ea7e4d     T5       15-22     145.5      0.00  0.0000         0      0.000              nan
00000076--d0b7ea7e4d     T5       22-40     164.2      0.00  0.0000         0      0.000              nan
00000075--6c8687d5bd     T4       0-8      218.4      0.03  0.0137         1      0.018            290.2
00000075--6c8687d5bd     T4       8-15     339.4      0.00  0.0000         0      0.000              nan
00000075--6c8687d5bd     T4       15-22     134.3      0.00  0.0000         0      0.000              nan
00000075--6c8687d5bd     T4       22-40      85.2      0.00  0.0000         0      0.000              nan

  pooled per group x speed:  sec / railed s / duty %% / episodes
   T4       v>=0      218.4 s     0.03 s   0.0137 %      1 eps
   T4       v>=8      339.4 s     0.00 s   0.0000 %      0 eps
   T4       v>=15     134.3 s     0.00 s   0.0000 %      0 eps
   T4       v>=22      85.2 s     0.00 s   0.0000 %      0 eps
   T5       v>=0       87.6 s     0.00 s   0.0000 %      0 eps
   T5       v>=8       92.8 s     0.00 s   0.0000 %      0 eps
   T5       v>=15     145.5 s     0.00 s   0.0000 %      0 eps
   T5       v>=22     164.2 s     0.00 s   0.0000 %      0 eps
   T64      v>=0      213.0 s     0.35 s   0.1643 %      6 eps
   T64      v>=8      381.9 s     0.00 s   0.0000 %      0 eps
   T64      v>=15     328.1 s     0.00 s   0.0000 %      0 eps
   T64      v>=22     270.6 s     0.00 s   0.0000 %      0 eps
   T64B     v>=0      182.1 s     0.14 s   0.0769 %      2 eps
   T64B     v>=8      303.6 s     0.00 s   0.0000 %      0 eps
   T64B     v>=15     158.1 s     0.00 s   0.0000 %      0 eps
   T64B     v>=22      96.7 s     0.00 s   0.0000 %      0 eps
   V282     v>=0      734.6 s    16.63 s   2.2638 %    159 eps
   V282     v>=8      825.6 s     0.00 s   0.0000 %      0 eps
   V282     v>=15     709.0 s     0.00 s   0.0000 %      0 eps
   V282     v>=22    1930.8 s     0.00 s   0.0000 %      0 eps
   V282old  v>=0      478.2 s    13.25 s   2.7706 %     56 eps
   V282old  v>=8      540.5 s     0.01 s   0.0019 %      1 eps
   V282old  v>=15     380.1 s     0.00 s   0.0000 %      0 eps
   V282old  v>=22     422.9 s     0.00 s   0.0000 %      0 eps
