============================================================================================================
A. MEASURED MAP GAIN k_map  (m/s^2 of controller-measurement per DEG of wheel angle), 0.2-1.0 Hz fit
family|bin            n  v_med   |k_map|   resid   1 deg -> m/s^2 ; 1 m/s^2 -> deg
ALL_T64|15           21   17.0    0.1056   0.034   0.1056 ;     9.47
ALL_T64|22           42   22.2    0.1462   0.053   0.1462 ;     6.84
ALL_T64|28           42   28.1    0.2060   0.039   0.2060 ;     4.85
RF00T|15              6   16.9    0.1194   0.062   0.1194 ;     8.37
RF00T|22             53   22.1    0.1413   0.064   0.1413 ;     7.08
RF00T|28              9   25.6    0.1973   0.030   0.1973 ;     5.07
T2|22                 4   18.3    0.1285   0.049   0.1285 ;     7.78
T2|28                15   28.9    0.2319   0.077   0.2319 ;     4.31
T3R|15                4   17.8    0.1084   0.047   0.1084 ;     9.22
T3R|22                9   21.0    0.1474   0.096   0.1474 ;     6.78
T3R|28               11   27.1    0.2048   0.073   0.2048 ;     4.88
T3|22                10   22.9    0.1840   0.037   0.1840 ;     5.43
T3|28                26   27.5    0.2240   0.054   0.2240 ;     4.47
T4|22                11   20.6    0.1429   0.057   0.1429 ;     7.00
T4|28                11   26.5    0.2145   0.039   0.2145 ;     4.66
T5|15                 9   17.2    0.1218   0.040   0.1218 ;     8.21
T5|22                 9   22.5    0.1777   0.032   0.1777 ;     5.63
T5|28                 9   26.4    0.2193   0.038   0.2193 ;     4.56
T64B|15              13   17.0    0.1074   0.031   0.1074 ;     9.31
T64B|22               5   19.5    0.1215   0.019   0.1215 ;     8.23
T64B|28              15   28.6    0.2132   0.041   0.2132 ;     4.69
T64|15                8   16.2    0.0996   0.040   0.0996 ;    10.04
T64|22               37   22.4    0.1580   0.046   0.1580 ;     6.33
T64|28               27   28.0    0.2018   0.037   0.2018 ;     4.96
V282old|15            5   16.3    0.0937   0.039   0.0937 ;    10.67
V282old|22           22   20.8    0.1788   0.038   0.1788 ;     5.59
V282old|28           62   28.9    0.2172   0.051   0.2172 ;     4.60
V282|15              12   17.2    0.1133   0.052   0.1133 ;     8.83
V282|22              81   21.5    0.1445   0.108   0.1445 ;     6.92
V282|28             328   29.8    0.2228   0.082   0.2228 ;     4.49

============================================================================================================
B. AMBIENT band-RMS already present in 0.6-2.0 Hz (measured, no transfer)
family|bin            n     v  angle deg  rate d/s   latacc  yaw d/s    cmd u  setpt Z  model X
ALL_T64|15           21  17.0     0.4360    2.7764   0.0481   0.1621  0.00576   0.0205   0.0212
ALL_T64|22           42  22.2     0.2836    1.8467   0.0485   0.1253  0.00553   0.0191   0.0197
ALL_T64|28           42  28.1     0.1821    1.3159   0.0648   0.1323  0.00543   0.0201   0.0227
RF00T|15              6  16.9     0.3858    3.0002   0.0414   0.1403  0.00483   0.0232   0.0174
RF00T|22             53  22.1     0.1795    1.3269   0.0414   0.1073  0.00401   0.0202   0.0157
RF00T|28              9  25.6     0.3155    2.5052   0.0763   0.1710  0.00429   0.0304   0.0237
T2|22                 4  18.3     0.4573    3.7500   0.0664   0.2075  0.00848   0.0243   0.0200
T2|28                15  28.9     0.2338    1.4589   0.0812   0.1611  0.00725   0.0321   0.0252
T3R|15                4  17.8     0.1442    1.0225   0.0330   0.1060  0.00874   0.0116   0.0147
T3R|22                9  21.0     0.1121    0.8506   0.0297   0.0811  0.00843   0.0118   0.0141
T3R|28               11  27.1     0.0940    0.8157   0.0523   0.1108  0.00756   0.0133   0.0177
T3|22                10  22.9     0.1294    0.9454   0.0422   0.1058  0.00263   0.0129   0.0169
T3|28                26  27.5     0.0850    0.6169   0.0463   0.0965  0.00236   0.0137   0.0176
T4|22                11  20.6     0.2332    1.6102   0.0435   0.1211  0.00261   0.0153   0.0178
T4|28                11  26.5     0.1263    0.9179   0.0651   0.1407  0.00284   0.0139   0.0197
T5|15                 9  17.2     0.2125    1.5333   0.0380   0.1271  0.00286   0.0099   0.0140
T5|22                 9  22.5     0.2781    2.1826   0.0589   0.1499  0.00391   0.0170   0.0208
T5|28                 9  26.4     0.1101    0.7550   0.0471   0.1021  0.00249   0.0153   0.0185
T64B|15              13  17.0     0.5280    3.3705   0.0575   0.1937  0.00655   0.0243   0.0252
T64B|22               5  19.5     0.7104    4.6924   0.0924   0.2716  0.00759   0.0343   0.0347
T64B|28              15  28.6     0.2011    1.4773   0.0772   0.1545  0.00467   0.0199   0.0238
T64|15                8  16.2     0.2146    1.3318   0.0263   0.0927  0.00416   0.0119   0.0122
T64|22               37  22.4     0.1520    0.9464   0.0389   0.0997  0.00519   0.0160   0.0166
T64|28               27  28.0     0.1706    1.2170   0.0568   0.1164  0.00581   0.0203   0.0220
V282old|15            5  16.3     0.1511    0.8585   0.0227   0.0799  0.01017   0.0180   0.0140
V282old|22           22  20.8     0.1516    0.8456   0.0398   0.1097  0.00925   0.0238   0.0181
V282old|28           62  28.9     0.1761    0.9350   0.0665   0.1316  0.01145   0.0357   0.0273
V282|15              12  17.2     0.1489    0.8197   0.0226   0.0752  0.00884   0.0175   0.0131
V282|22              81  21.5     0.1159    0.6644   0.0371   0.0990  0.00790   0.0200   0.0155
V282|28             328  29.8     0.1209    0.6883   0.0573   0.1101  0.00877   0.0302   0.0232

============================================================================================================
C. THE PRICE OF INJECTION: |T_Z->G| per 1.0 m/s^2 of setpoint injection, and its coherence

  --- ALL_T64|15   n=21  v=17.0 m/s   |k_map|=0.1056 ---
    f Hz  |T_ZM| |T_ZA| deg  |T_ZSR|  |T_ZY|  yawdeg/s   |T_ZU|  coh_ZM  coh_ZY   ph_ZM
    0.68   1.510     14.290   61.615   1.467     4.944   0.2727   0.774   0.770   -33.0
    0.78   1.942     18.377   91.149   1.824     6.149   0.2450   0.808   0.819   -15.3
    0.88   2.029     19.201  103.918   1.933     6.516   0.2047   0.927   0.936    -3.2
    0.98   2.022     19.139  111.691   2.019     6.804   0.1484   0.679   0.681    11.9
    1.07   1.359     12.862   91.512   1.461     4.925   0.2044   0.231   0.259    12.0
    1.17   0.449      4.255   23.464   1.260     4.245   0.2966   0.055   0.269   -11.4
    1.27   1.185     11.220   91.345   2.663     8.976   0.2798   0.125   0.422   100.4
    1.37   0.903      8.552   71.136   2.542     8.566   0.2767   0.071   0.428    70.3
    1.46   0.862      8.158   72.806   3.129    10.546   0.2982   0.044   0.498    14.0
    1.56   2.333     22.087  235.643   4.658    15.699   0.3243   0.362   0.729    75.2
    1.66   2.781     26.322  293.396   5.762    19.419   0.4132   0.272   0.613   107.6
    1.76   3.792     35.896  400.263  10.897    36.723   0.6102   0.274   0.705   119.1
    1.86   6.360     60.201  735.297  14.389    48.493   0.9286   0.485   0.817   132.1
    1.95   4.985     47.185  616.133  13.845    46.659   0.7976   0.