C:\Users\dudei\Desktop\Projects\accord-eps-torque-mod\rlog-tools\studies\v282-reference\probe\safety\p2_price.py:160: RuntimeWarning: invalid value encountered in divide
  T = L / (1.0 + L)
C:\Users\dudei\Desktop\Projects\accord-eps-torque-mod\rlog-tools\studies\v282-reference\probe\safety\p2_price.py:161: RuntimeWarning: invalid value encountered in divide
  dU = C / (1.0 + L)
======================================================================================================================
P(f) -- command -> the controller's measurement, DIRECT estimator, two channels + coherence

  ALL_T64|15  n=21  v=17.0  |k_map|=0.1056
      f  |P_dir|   |P_sr|  ratio  coh_um  coh_usr     phP    |V|  coh_my  |T_ZM|
   0.68     5.12     5.15   1.01   0.801    0.757    99.4  0.959   0.968    1.51
   0.78     6.63     6.75   1.02   0.737    0.738    98.7  0.917   0.966    1.94
   0.88     8.63     8.51   0.99   0.821    0.816   111.2  0.938   0.978    2.03
   0.98     7.34     7.45   1.02   0.429    0.456    95.5  0.974   0.954    2.02
   1.07     4.41     4.62   1.05   0.261    0.270    60.7  0.949   0.874    1.36
   1.17     1.81     1.58   0.88   0.101    0.077    48.8  0.971   0.581    0.45
   1.27     5.23     5.14   0.98   0.327    0.311     1.5  1.077   0.777    1.19
   1.37     4.10     4.13   1.01   0.175    0.172    -1.0  0.847   0.549    0.90
   1.46     3.96     3.89   0.98   0.128    0.125    12.9  0.666   0.385    0.86
   1.56     5.45     6.30   1.16   0.271    0.321   -78.0  1.011   0.516    2.33
   1.66     8.08     8.61   1.07   0.529    0.558   -60.2  0.638   0.213    2.78
   1.76     8.11     8.20   1.01   0.732    0.727   -61.0  1.281   0.512    3.79
   1.86     7.84     8.18   1.04   0.889    0.885   -52.7  1.352   0.602    6.36
   1.95     7.80     8.23   1.06   0.816    0.820   -51.8  1.284   0.473    4.98

  ALL_T64|22  n=42  v=22.2  |k_map|=0.1462
      f  |P_dir|   |P_sr|  ratio  coh_um  coh_usr     phP    |V|  coh_my  |T_ZM|
   0.68     4.69     4.62   0.98   0.760    0.685   103.5  1.006   0.932    1.42
   0.78     5.57     5.60   1.00   0.621    0.537   102.6  1.058   0.935    1.57
   0.88     5.61     5.44   0.97   0.569    0.469   102.2  1.052   0.926    1.60
   0.98     4.81     4.76   0.99   0.489    0.452   106.9  0.978   0.849    1.47
   1.07     3.53     3.51   0.99   0.262    0.231   106.6  0.949   0.668    1.27
   1.17     4.46     4.81   1.08   0.183    0.163    96.2  0.930   0.714    1.82
   1.27     3.68     4.00   1.09   0.090    0.081    63.4  0.964   0.688    2.09
   1.37     2.90     2.96   1.02   0.077    0.067    47.1  0.968   0.470    1.58
   1.46     2.54     2.81   1.10   0.102    0.116     0.3  1.469   0.450    0.91
   1.56     3.31     3.43   1.04   0.135    0.161    -7.7  1.492   0.400    1.01
   1.66     6.24     7.40   1.19   0.264    0.308   -24.7  1.208   0.377    1.29
   1.76    11.36    12.34   1.09   0.491    0.477   -27.7  1.086   0.449    3.48
   1.86    10.67    11.79   1.11   0.308    0.337   -57.3  1.114   0.331    2.72
   1.95     8.37     9.45   1.13   0.313    0.383   -58.7  1.214   0.217    1.61

  ALL_T64|28  n=42  v=28.1  |k_map|=0.2060
      f  |P_dir|   |P_sr|  ratio  coh_um  coh_usr     phP    |V|  coh_my  |T_ZM|
   0.68     4.87     4.55   0.93   0.785    0.758   107.6  1.160   0.865    1.28
   0.78     5.17     4.93   0.96   0.732    0.713   101.6  1.053   0.775    1.42
   0.88     5.63     5.10   0.91   0.659    0.593   107.0  1.117   0.769    1.51
   0.98     4.97     4.53   0.91   0.520    0.471    98.7  1.013   0.597    1.31
   1.07     4.33     3.90   0.90   0.268    0.231    93.5  0.995   0.532    1.21
   1.17     3.04     2.39   0.78   0.126    0.085   110.1  1.048   0.440    1.19
   1.27     1.72     1.80   1.05   0.039    0.044    68.2  0.840   0.250    0.99
   1.37     5.21     5.71   1.10   0.284    0.341    21.5  0.951   0.351    1.24
   1.46     5.59     6.04   1.08   0.331    0.412    14.1  1.130   0.327    1.27
   1.56     5.52     5.81   1.05   0.239    0.289    15.4  1.018   0.280    1.38
   1.66     7.93     8.35   1.05   0.395    0.448    16.6  1.313   0.367    2.14
   1.76     9.27     9.29   1.00   0.378    0.403    12.1  1.467   0.425    3.17
   1.86    10.75    11.11   1.03   0.373    0.443    -0.4  1.726   0.350    3.30
   1.95    10.21    10.78   1.06   0.430    0.498    -4.1  2.364   0.308    2.61

  V282|15  n=12  v=17.2  |k_map|=0.1133
      f  |P_dir|   |P_sr|  ratio  coh_um  coh_usr     phP    |V|  coh_my  |T_ZM|
   0.68     2.16     2.33   1.08   0.881    0.895    81.4  1.059   0.851    0.97
   0.78     2.07     2.25   1.09   0.898    0.919    90.9  1.061   0.860    0.93
   0.88     1.64     1.77   1.08   0.927    0.947    89.5  1.153   0.898    0.83
   0.98     1.51     1.55   1.03   0.924    0.953    87.8  1.184   0.787    0.82
   1.07     1.49     1.57   1.06   0.864    0.917    92.0  1.314   0.701    0.87
   1.17     1.28     1.32   1.04   0.866    0.910    88.8  1.187   0.651    0.77
   1.27     1.20     1.09   0.91   0.731    0.763    84.6  1.515   0.589    0.74
   1.37     1.31     1.11   0.84   0.676    0.743    90.8  1.628   0.513    0.82
   1.46     0.93     1.02   1.10   0.690    0.824    91.2  1.366   0.395    0.62
   1.56     0.87     1.05   1.20   0.789    0.874    84.6  1.213   0.241    0.60
   1.66     0.67     0.91   1.35   0.563    0.853    77.1  2.356   0.429    0.48
   1.76     0.56     0.78   1.40   0.311    0.730    72.8  1.392   0.064    0.40
   1.86     0.46     0.61   1.33   0.304    0.699    38.6  0.266   0.001    0.30
   1.95     0.54     0.59   1.10   0.427    0.727    38.8  1.340   0.033    0.40

  V282|22  n=81  v=21.5  |k_map|=0.1445
      f  |P_dir|   |P_sr|  ratio  coh_um  coh_usr     phP    |V|  coh_my  |T_ZM|
   0.68     2.53     2.74   1.08   0.873    0.938    89.2  1.161   0.806    0.90
   0.78     2.38     2.31   0.97   0.842    0.925    86.2  1.240   0.762    0.90
   0.88     2.27     2.08   0.92   0.874    0.935    86.7  1.242   0.807    0.89
   0.98     2.15     1.88   0.87   0.880    0.929    88.5  1.300   0.800    0.86
   1.07     2.05     1.80   0.88   0.839    0.902    89.9  1.486   0.767    0.86
   1.17     1.84     1.67   0.91   0.796    0.876    90.6  1.586   0.635    0.83
   1.27     1.63     1.58   0.97   0.719    0.852    89.0  1.766   0.599    0.80
   1.37     1.55     1.38   0.89   0.718    0.844    95.3  2.110   0.614    0.76
   1.46     1.40     1.19   0.85   0.687    0.799    96.2  2.451   0.556    0.71
   1.56     1.33     1.13   0.85   0.573    0.742   100.0  2.927   0.500    0.71
   1.66     1.08     0.85   0.78   0.521    0.694   106.8  3.769   0.465    0.62
   1.76     0.65     0.62   0.96   0.264    0.523    98.7  3.244   0.188    0.45
   1.86     0.34     0.46   1.34   0.111    0.357    89.5  2.697   0.064    0.27
   1.95     0.32     0.53   1.65   0.088    0.371    57.2  0.619   0.003    0.22

  V282|28  n=328  v=29.8  |k_map|=0.2228
      f  |P_dir|   |P_sr|  ratio  coh_um  coh_usr     phP    |V|  coh_my  |T_ZM|
   0.68     3.70     3.89   1.05   0.904    0.944    97.9  1.271   0.838    0.93
   0.78     3.56     3.52   0.99   0.925    0.950    95.8  1.312   0.857    0.96
   0.88     3.39     3.15   0.93   0.928    0.951    94.2  1.389   0.873    0.96
   0.98     3.23     2.83   0.88   0.910    0.940    93.7  1.412   0.841    0.96
   1.07     3.05     2.60   0.85   0.884    0.922    92.0  1.511   0.794    0.97
   1.17     2.78     2.33   0.84   0.859    0.900    93.3  1.615   0.747    0.93
   1.27     2.50     2.07   0.83   0.828    0.883    96.8  1.817   0.695    0.87
   1.37     2.36     1.90   0.81   0.810    0.879    95.9  2.094   0.672    0.86
   1.46     2.13     1.65   0.77   0.784    0.851    95.7  2.524   0.620    0.82
   1.56     1.89     1.38   0.73   0.740    0.785    97.7  3.194   0.563    0.76
   1.66     1.66     1.23   0.74   0.669    0.743    97.6  3.719   0.466    0.70
   1.76     1.41     1.14   0.81   0.592    0.697    90.8  4.108   0.364    0.64
   1.86     1.20     1.13   0.95   0.490    0.684    86.2  4.650   0.296    0.57
   1.95     1.01     1.17   1.16   0.399    0.688    75.9  4.576   0.188    0.49

======================================================================================================================
THE PRICE, per 1.000 m/s^2 of probe injected at the ERROR SUM
  dU = C/(1+L) ; dM = L/(1+L) ; dAngle = dM/k_map ; dRate = 2*pi*f*dAngle ; dY = V*dM ; dYaw = dY/v

  --- rev6.4 as flown   ALL_T64|15  v=17.0 m/s  n=21 ---
      f    |L|    |T|      dU dAngle deg dRate d/s  dY m/s2 dYaw d/s    |S|
   0.68  0.424  0.445  0.0869      4.213    18.097    0.427    1.438  1.049
   0.78  0.530  0.569  0.0859      5.390    26.459    0.522    1.760  1.075
   0.88  0.657  0.627  0.0727      5.938    32.790    0.589    1.983  0.955
   0.98  0.526  0.641  0.0874      6.068    37.232    0.624    2.105  1.220
   1.07  0.292  0.404  0.0916      3.825    25.820    0.383    1.292  1.385
   1.17  0.108  0.121  0.0669      1.144     8.426    0.117    0.396  1.121
   1.27  0.273  0.312  0.0596      2.953    23.553    0.336    1.132  1.143
   1.37  0.179  0.191  0.0465      1.806    15.511    0.162    0.545  1.068
   1.46  0.135  0.145  0.0365      1.371    12.618    0.096    0.325  1.072
   1.56  0.131  0.117  0.0215      1.108    10.877    0.118    0.399  0.893
   1.66  0.111  0.101  0.0126      0.961    10.019    0.065    0.218  0.917
   1.76  0.028  0.028  0.0034      0.260     2.876    0.035    0.119  0.976
   1.86  0.049  0.052  0.0066      0.489     5.698    0.070    0.235  1.044
   1.95  0.120  0.135  0.0172      1.274    15.630    0.173    0.582  1.118

  --- rev6.4 as flown   ALL_T64|22  v=22.2 m/s  n=42 ---
      f    |L|    |T|      dU dAngle deg dRate d/s  dY m/s2 dYaw d/s    |S|
   0.68  0.349  0.352  0.0750      2.406    10.333    0.354    0.914  1.009
   0.78  0.404  0.414  0.0743      2.833    13.904    0.438    1.132  1.026
   0.88  0.393  0.415  0.0740      2.838    15.674    0.437    1.129  1.056
   0.98  0.323  0.340  0.0707      2.328    14.286    0.333    0.861  1.052
   1.07  0.225  0.241  0.0681      1.645    11.104    0.228    0.590  1.067
   1.17  0.266  0.308  0.0691      2.106    15.506    0.286    0.740  1.157
   1.27  0.203  0.251  0.0682      1.719    13.710    0.242    0.626  1.240
   1.37  0.144  0.168  0.0578      1.146     9.847    0.162    0.419  1.166
   1.46  0.110  0.116  0.0457      0.796     7.325    0.171    0.442  1.056
   1.56  0.121  0.124  0.0376      0.851     8.351    0.186    0.480  1.031
   1.66  0.181  0.175  0.0281      1.198    12.495    0.212    0.547  0.970
   1.76  0.240  0.221  0.0195      1.513    16.708    0.240    0.621  0.924
   1.86  0.139  0.125  0.0117      0.857     9.988    0.139    0.360  0.902
   1.95  0.042  0.041  0.0048      0.277     3.404    0.049    0.127  0.966

  --- rev6.4 as flown   ALL_T64|28  v=28.1 m/s  n=42 ---
      f    |L|    |T|      dU dAngle deg dRate d/s  dY m/s2 dYaw d/s    |S|
   0.68  0.345  0.335  0.0687      1.625     6.979    0.388    0.792  0.971
   0.78  0.358  0.365  0.0707      1.772     8.697    0.384    0.784  1.019
   0.88  0.381  0.380  0.0676      1.847    10.198    0.425    0.867  0.999
   0.98  0.326  0.352  0.0708      1.708    10.481    0.357    0.728  1.078
   1.07  0.274  0.307  0.0710      1.493    10.076    0.306    0.625  1.121
   1.17  0.185  0.192  0.0631      0.933     6.871    0.201    0.411  1.042
   1.27  0.099  0.108  0.0629      0.524     4.181    0.091    0.185  1.095
   1.37  0.279  0.371  0.0712      1.799    15.457    0.352    0.719  1.326
   1.46  0.276  0.347  0.0622      1.687    15.524    0.392    0.801  1.259
   1.56  0.246  0.298  0.0540      1.447    14.209    0.304    0.619  1.212
   1.66  0.311  0.387  0.0488      1.880    19.614    0.509    1.038  1.246
   1.76  0.309  0.363  0.0392      1.763    19.472    0.533    1.087  1.177
   1.86  0.290  0.307  0.0286      1.493    17.405    0.531    1.083  1.059
   1.95  0.209  0.212  0.0208      1.029    12.628    0.501    1.022  1.016

  --- ARM-KP3           ALL_T64|15  v=17.0 m/s  n=21 ---
      f    |L|    |T|      dU dAngle deg dRate d/s  dY m/s2 dYaw d/s    |S|
   0.68  0.668  1.016  0.1984      9.618    41.309    0.974    3.282  1.521
   0.78  0.755  1.294  0.1951     12.249    60.125    1.187    4.000  1.714
   0.88  0.850  1.201  0.1392     11.372    62.800    1.127    3.799  1.414
   0.98  0.619  1.217  0.1658     11.515    70.655    1.185    3.994  1.965
   1.07  0.315  0.452  0.1024      4.274    28.846    0.428    1.444  1.434
   1.17  0.107  0.118  0.0655      1.120     8.249    0.115    0.387  1.103
   1.27  0.253  0.258  0.0493      2.442    19.481    0.278    0.936  1.021
   1.37  0.156  0.157  0.0382      1.482    12.734    0.133    0.447  1.007
   1.46  0.112  0.115  0.0291      1.093    10.061    0.077    0.259  1.031
   1.56  0.105  0.095  0.0175      0.901     8.844    0.096    0.324  0.908
   1.66  0.087  0.081  0.0100      0.762     7.950    0.051    0.173  0.930
   1.76  0.022  0.021  0.0026      0.203     2.239    0.027    0.092  0.981
   1.86  0.038  0.040  0.0051      0.375     4.371    0.054    0.180  1.032
   1.95  0.094  0.102  0.0131      0.967    11.871    0.131    0.442  1.083

  --- ARM-KP3           ALL_T64|22  v=22.2 m/s  n=42 ---
      f    |L|    |T|      dU dAngle deg dRate d/s  dY m/s2 dYaw d/s    |S|
   0.68  0.644  0.855  0.1822      5.847    25.116    0.860    2.222  1.327
   0.78  0.682  0.987  0.1770      6.747    33.120    1.044    2.697  1.446
   0.88  0.608  0.930  0.1657      6.358    35.111    0.978    2.528  1.529
   0.98  0.459  0.642  0.1334      4.391    26.940    0.628    1.623  1.398
   1.07  0.294  0.375  0.1061      2.565    17.309    0.356    0.919  1.274
   1.17  0.321  0.447  0.1004      3.060    22.531    0.416    1.075  1.394
   1.27  0.227  0.291  0.0789      1.988    15.858    0.280    0.724  1.283
   1.37  0.150  0.172  0.0592      1.174    10.089    0.166    0.429  1.144
   1.46  0.108  0.110  0.0432      0.751     6.915    0.161    0.417  1.013
   1.56  0.113  0.112  0.0338      0.766     7.517    0.167    0.432  0.994
   1.66  0.162  0.152  0.0244      1.040    10.852    0.184    0.475  0.940
   1.76  0.208  0.189  0.0166      1.292    14.265    0.205    0.530  0.908
   1.86  0.118  0.107  0.0101      0.735     8.570    0.120    0.309  0.910
   1.95  0.035  0.034  0.0041      0.235     2.878    0.042    0.108  0.971

  --- ARM-KP3           ALL_T64|28  v=28.1 m/s  n=42 ---
      f    |L|    |T|      dU dAngle deg dRate d/s  dY m/s2 dYaw d/s    |S|
   0.68  0.709  0.831  0.1705      4.034    17.327    0.964    1.968  1.173
   0.78  0.681  0.937  0.1815      4.551    22.338    0.987    2.014  1.377
   0.88  0.669  0.899  0.1598      4.367    24.115    1.004    2.049  1.345
   0.98  0.529  0.812  0.1634      3.941    24.182    0.823    1.679  1.533
   1.07  0.412  0.620  0.1432      3.009    20.312    0.617    1.259  1.506
   1.17  0.257  0.311  0.1022      1.512    11.129    0.326    0.666  1.212
   1.27  0.128  0.146  0.0851      0.709     5.659    0.123    0.251  1.146
   1.37  0.338  0.403  0.0773      1.955    16.797    0.383    0.782  1.193
   1.46  0.313  0.348  0.0623      1.689    15.549    0.393    0.802  1.113
   1.56  0.263  0.288  0.0522      1.399    13.737    0.293    0.599  1.097
   1.66  0.315  0.347  0.0438      1.687    17.593    0.456    0.931  1.102
   1.76  0.299  0.317  0.0343      1.541    17.022    0.466    0.950  1.061
   1.86  0.271  0.268  0.0250      1.302    15.177    0.463    0.944  0.988
   1.95  0.189  0.186  0.0182      0.903    11.083    0.440    0.897  0.982

  --- TierB kp8  Q.20   ALL_T64|15  v=17.0 m/s  n=21 ---
      f    |L|    |T|      dU dAngle deg dRate d/s  dY m/s2 dYaw d/s    |S|
   0.68  1.238  1.856  0.3623     17.567    75.451    1.779    5.995  1.499
   0.78  1.366  2.019  0.3043     19.107    93.792    1.852    6.240  1.478
   0.88  1.509  1.603  0.1857     15.169    83.769    1.504    5.067  1.062
   0.98  1.084  3.027  0.4125     28.647   175.778    2.948    9.936  2.792
   1.07  0.545  1.070  0.2426     10.126    68.343    1.015    3.420  1.962
   1.17  0.184  0.217  0.1201      2.054    15.126    0.211    0.710  1.178
   1.27  0.431  0.421  0.0803      3.980    31.751    0.453    1.526  0.976
   1.37  0.264  0.261  0.0636      2.469    21.209    0.221    0.745  0.987
   1.46  0.190  0.197  0.0498      1.867    17.186    0.131    0.443  1.040
   1.56  0.177  0.151  0.0277      1.430    14.039    0.153    0.515  0.853
   1.66  0.146  0.130  0.0160      1.226    12.787    0.083    0.278  0.887
   1.76  0.037  0.036  0.0044      0.337     3.727    0.046    0.154  0.969
   1.86  0.065  0.068  0.0087      0.646     7.530    0.092    0.311  1.054
   1.95  0.159  0.182  0.0233      1.721    21.125    0.233    0.787  1.142

  --- TierB kp8  Q.20   ALL_T64|22  v=22.2 m/s  n=42 ---
      f    |L|    |T|      dU dAngle deg dRate d/s  dY m/s2 dYaw d/s    |S|
   0.68  1.260  1.552  0.3308     10.615    45.593    1.561    4.033  1.232
   0.78  1.299  1.718  0.3083     11.752    57.690    1.818    4.698  1.323
   0.88  1.134  1.895  0.3378     12.957    71.552    1.994    5.152  1.671
   0.98  0.842  1.514  0.3145     10.356    63.546    1.482    3.828  1.799
   1.07  0.532  0.874  0.2472      5.974    40.323    0.829    2.141  1.641
   1.17  0.574  1.172  0.2630      8.016    59.021    1.090    2.816  2.040
   1.27  0.402  0.645  0.1751      4.410    35.175    0.622    1.607  1.603
   1.37  0.265  0.333  0.1148      2.277    19.561    0.322    0.832  1.257
   1.46  0.190  0.191  0.0752      1.309    12.046    0.281    0.726  1.006
   1.56  0.197  0.192  0.0579      1.312    12.884    0.286    0.740  0.974
   1.66  0.282  0.250  0.0400      1.707    17.807    0.302    0.779  0.884
   1.76  0.362  0.302  0.0266      2.065    22.811    0.328    0.847  0.834
   1.86  0.205  0.175  0.0164      1.195    13.934    0.195    0.503  0.851
   1.95  0.061  0.058  0.0070      0.399     4.894    0.071    0.183  0.950

  --- TierB kp8  Q.20   ALL_T64|28  v=28.1 m/s  n=42 ---
      f    |L|    |T|      dU dAngle deg dRate d/s  dY m/s2 dYaw d/s    |S|
   0.68  1.439  1.356  0.2781      6.582    28.271    1.573    3.210  0.942
   0.78  1.344  1.632  0.3160      7.924    38.898    1.719    3.508  1.215
   0.88  1.289  1.565  0.2782      7.600    41.971    1.748    3.567  1.214
   0.98  1.002  2.032  0.4092      9.867    60.542    2.060    4.203  2.029
   1.07  0.767  1.949  0.4502      9.461    63.859    1.940    3.958  2.540
   1.17  0.473  0.704  0.2312      3.418    25.167    0.738    1.505  1.490
   1.27  0.232  0.301  0.1754      1.463    11.667    0.253    0.517  1.297
   1.37  0.610  0.723  0.1389      3.511    30.164    0.688    1.404  1.186
   1.46  0.561  0.604  0.1081      2.930    26.972    0.682    1.391  1.076
   1.56  0.469  0.510  0.0924      2.477    24.314    0.519    1.060  1.087
   1.66  0.560  0.600  0.0757      2.914    30.397    0.788    1.608  1.071
   1.76  0.531  0.540  0.0583      2.624    28.982    0.793    1.618  1.019
   1.86  0.480  0.444  0.0413      2.155    25.123    0.766    1.563  0.925
   1.95  0.334  0.315  0.0309      1.530    18.781    0.745    1.520  0.943

  --- TierB kp16 Q.20   ALL_T64|15  v=17.0 m/s  n=21 ---
      f    |L|    |T|      dU dAngle deg dRate d/s  dY m/s2 dYaw d/s    |S|
   0.68  2.436  1.443  0.2818     13.661    58.675    1.383    4.662  0.593
   0.78  2.687  1.436  0.2164     13.589    66.704    1.317    4.438  0.534
   0.88  2.969  1.310  0.1518     12.400    68.476    1.229    4.142  0.441
   0.98  2.133  1.724  0.2350     16.320   100.138    1.680    5.660  0.809
   1.07  1.073  3.303  0.7488     31.260   210.991    3.133   10.559  3.079
   1.17  0.363  0.506  0.2800      4.789    35.263    0.491    1.656  1.396
   1.27  0.848  0.705  0.1347      6.677    53.257    0.760    2.560  0.832
   1.37  0.520  0.479  0.1167      4.531    38.924    0.405    1.366  0.921
   1.46  0.373  0.390  0.0983      3.689    33.949    0.259    0.874  1.044
   1.56  0.348  0.260  0.0477      2.462    24.168    0.263    0.886  0.746
   1.66  0.287  0.229  0.0284      2.168    22.617    0.146    0.492  0.797
   1.76  0.072  0.068  0.0084      0.644     7.117    0.087    0.294  0.940
   1.86  0.127  0.141  0.0180      1.339    15.606    0.191    0.644  1.111
   1.95  0.313  0.408  0.0522      3.858    47.346    0.523    1.763  1.301

  --- TierB kp16 Q.20   ALL_T64|22  v=22.2 m/s  n=42 ---
      f    |L|    |T|      dU dAngle deg dRate d/s  dY m/s2 dYaw d/s    |S|
   0.68  2.502  1.345  0.2867      9.201    39.521    1.353    3.496  0.538
   0.78  2.580  1.384  0.2482      9.463    46.452    1.464    3.783  0.536
   0.88  2.251  1.498  0.2671     10.247    56.590    1.577    4.075  0.666
   0.98  1.672  1.650  0.3427     11.285    69.242    1.615    4.172  0.987
   1.07  1.057  1.891  0.5352     12.935    87.307    1.794    4.636  1.789
   1.17  1.141  3.041  0.6823     20.794   153.110    2.828    7.306  2.665
   1.27  0.799  2.501  0.6790     17.102   136.420    2.412    6.232  3.130
   1.37  0.526  0.826  0.2848      5.651    48.543    0.799    2.066  1.571
   1.46  0.378  0.370  0.1453      2.528    23.270    0.543    1.403  0.978
   1.56  0.391  0.360  0.1087      2.463    24.177    0.537    1.388  0.920
   1.66  0.561  0.429  0.0688      2.936    30.621    0.519    1.340  0.766
   1.76  0.719  0.494  0.0435      3.377    37.298    0.536    1.386  0.687
   1.86  0.408  0.301  0.0282      2.057    23.985    0.335    0.866  0.737
   1.95  0.122  0.110  0.0132      0.754     9.257    0.134    0.346  0.905

  --- TierB kp16 Q.20   ALL_T64|28  v=28.1 m/s  n=42 ---
      f    |L|    |T|      dU dAngle deg dRate d/s  dY m/s2 dYaw d/s    |S|
   0.68  2.870  1.235  0.2535      5.998    25.763    1.434    2.926  0.431
   0.78  2.680  1.346  0.2606      6.536    32.081    1.418    2.893  0.502
   0.88  2.572  1.341  0.2383      6.510    35.948    1.497    3.055  0.521
   0.98  1.998  1.636  0.3293      7.941    48.723    1.658    3.382  0.819
   1.07  1.530  2.190  0.5059     10.633    71.770    2.180    4.449  1.431
   1.17  0.943  1.587  0.5213      7.706    56.737    1.663    3.394  1.684
   1.27  0.463  0.849  0.4943      4.121    32.874    0.713    1.455  1.832
   1.37  1.217  1.133  0.2175      5.500    47.245    1.077    2.198  0.931
   1.46  1.119  0.965  0.1728      4.685    43.122    1.090    2.224  0.862
   1.56  0.936  0.883  0.1599      4.286    42.080    0.899    1.834  0.943
   1.66  1.118  0.958  0.1208      4.653    48.539    1.258    2.568  0.857
   1.76  1.058  0.870  0.0939      4.225    46.662    1.277    2.605  0.822
   1.86  0.957  0.716  0.0666      3.476    40.527    1.236    2.521  0.748
   1.95  0.667  0.551  0.0539      2.673    32.801    1.301    2.655  0.825

  --- V282 reference    V282|15  v=17.2 m/s  n=12 ---
      f    |L|    |T|      dU dAngle deg dRate d/s  dY m/s2 dYaw d/s    |S|
   0.68  0.418  0.421  0.1949      3.717    15.963    0.446    1.484  1.007
   0.78  0.401  0.379  0.1828      3.346    16.427    0.402    1.340  0.945
   0.88  0.317  0.309  0.1880      2.726    15.053    0.356    1.186  0.973
   0.98  0.292  0.288  0.1902      2.539    15.578    0.341    1.134  0.984
   1.07  0.287  0.277  0.1863      2.448    16.524    0.364    1.214  0.965
   1.17  0.246  0.243  0.1905      2.146    15.804    0.289    0.961  0.986
   1.27  0.231  0.232  0.1940      2.047    16.332    0.351    1.171  1.005
   1.37  0.254  0.248  0.1883      2.186    18.779    0.403    1.343  0.975
   1.46  0.179  0.177  0.1905      1.561    14.367    0.241    0.804  0.987
   1.56  0.168  0.169  0.1945      1.495    14.681    0.205    0.684  1.007
   1.66  0.130  0.133  0.1980      1.177    12.282    0.314    1.047  1.026
   1.76  0.107  0.111  0.1989      0.978    10.796    0.154    0.513  1.030
   1.86  0.089  0.096  0.2075      0.847     9.874    0.025    0.085  1.075
   1.95  0.104  0.113  0.2099      0.996    12.222    0.151    0.503  1.087

  --- V282 reference    V282|22  v=21.5 m/s  n=81 ---
      f    |L|    |T|      dU dAngle deg dRate d/s  dY m/s2 dYaw d/s    |S|
   0.68  0.434  0.412  0.1628      2.849    12.239    0.478    1.276  0.950
   0.78  0.407  0.396  0.1667      2.739    13.447    0.491    1.309  0.973
   0.88  0.388  0.377  0.1663      2.610    14.413    0.469    1.250  0.971
   0.98  0.368  0.355  0.1650      2.457    15.075    0.462    1.231  0.964
   1.07  0.351  0.336  0.1641      2.327    15.706    0.500    1.333  0.959
   1.17  0.315  0.304  0.1648      2.101    15.470    0.482    1.285  0.963
   1.27  0.278  0.272  0.1674      1.885    15.035    0.481    1.284  0.978
   1.37  0.265  0.253  0.1631      1.752    15.048    0.534    1.425  0.954
   1.46  0.240  0.230  0.1637      1.589    14.627    0.563    1.502  0.957
   1.56  0.227  0.215  0.1619      1.487    14.601    0.629    1.679  0.947
   1.66  0.185  0.174  0.1608      1.206    12.584    0.657    1.753  0.941
   1.76  0.111  0.109  0.1677      0.755     8.335    0.354    0.944  0.981
   1.86  0.059  0.059  0.1711      0.405     4.727    0.158    0.422  1.000
   1.95  0.055  0.056  0.1762      0.390     4.792    0.035    0.093  1.031

  --- V282 reference    V282|28  v=29.8 m/s  n=328 ---
      f    |L|    |T|      dU dAngle deg dRate d/s  dY m/s2 dYaw d/s    |S|
   0.68  0.575  0.486  0.1314      2.180     9.362    0.617    1.186  0.845
   0.78  0.553  0.477  0.1341      2.142    10.513    0.626    1.204  0.863
   0.88  0.526  0.463  0.1368      2.078    11.475    0.643    1.236  0.881
   0.98  0.501  0.446  0.1382      2.002    12.285    0.630    1.211  0.890
   1.07  0.474  0.431  0.1410      1.933    13.044    0.651    1.251  0.908
   1.17  0.432  0.395  0.1419      1.772    13.050    0.638    1.226  0.914
   1.27  0.387  0.352  0.1411      1.581    12.611    0.640    1.230  0.909
   1.37  0.365  0.336  0.1428      1.510    12.969    0.705    1.354  0.920
   1.46  0.331  0.309  0.1446      1.385    12.746    0.779    1.497  0.932
   1.56  0.294  0.275  0.1450      1.233    12.103    0.877    1.686  0.935
   1.66  0.257  0.243  0.1467      1.091    11.380    0.904    1.737  0.946
   1.76  0.219  0.215  0.1520      0.964    10.648    0.883    1.696  0.980
   1.86  0.186  0.186  0.1551      0.835     9.738    0.866    1.664  1.000
   1.95  0.156  0.161  0.1600      0.722     8.858    0.736    1.415  1.031

wrote p2_out.json
