
=== r71 (00000071--f2c9d073a3)  v 18.3  37 windows  g 0.09780 | relay_live True fric 0.0110 DF 0.613 notch False grate 0.0
   small-signal relay/P = 0.604, derated = 0.370
       f   |K|meas  ph meas  |K|model  ph model  |K|P-only  meas/Ponly  model/Ponly   coh    R2
    0.20   0.02562    112.9   0.01038     168.4    0.00771       3.322        1.346  0.70  0.63
    0.39   0.03472    136.1   0.01022     174.0    0.00750       4.629        1.363  0.47 -0.95
    0.59   0.06228    138.3   0.01019     176.0    0.00746       8.350        1.367  0.58 -6.31
    0.78   0.02514    148.6   0.01018     177.0    0.00744       3.377        1.368  0.39  0.23
    0.98   0.03409    146.7   0.01018     177.6    0.00744       4.583        1.369  0.54 -1.87
    1.27   0.01006   -176.0   0.01017     178.2    0.00743       1.354        1.369  0.06  0.93
    1.56   0.01318    176.8   0.01017     178.5    0.00743       1.774        1.369  0.30  0.97
    1.76   0.01324   -147.5   0.01017     178.7    0.00743       1.783        1.369  0.46  0.80
    1.95   0.01344    155.0   0.01017     178.8    0.00743       1.809        1.369  0.61  0.90
    2.15   0.03118    154.9   0.01017     178.9    0.00743       4.198        1.369  0.92 -10.59
    2.34   0.04008    177.2   0.01017     179.0    0.00743       5.397        1.369  0.98 -30.77
    2.64   0.01202    167.1   0.01017     179.1    0.00743       1.618        1.369  0.90  0.92
    2.93   0.01654   -162.5   0.01017     179.2    0.00743       2.228        1.369  0.89  0.15
    3.52   0.01206    179.5   0.01017     179.3    0.00743       1.624        1.369  0.64  0.97
    4.30   0.01170    162.7   0.01017     179.5    0.00743       1.576        1.370  0.42  0.96

=== r72 (00000072--8001fc3048)  v 25.7  47 windows  g 0.14363 | relay_live False fric 0.0000 DF 0.878 notch True grate 0.0006
   small-signal relay/P = 0.000, derated = 0.000
       f   |K|meas  ph meas  |K|model  ph model  |K|P-only  meas/Ponly  model/Ponly   coh    R2
    0.20   0.26032     97.2   0.01050     146.8    0.01074      24.249        0.978  0.93 -37.32
    0.39   0.10601    113.5   0.00932     156.7    0.00975      10.877        0.956  0.78 -8.35
    0.59   0.04827    124.0   0.00877     158.2    0.00953       5.063        0.920  0.59 -1.36
    0.78   0.00823    135.4   0.00820     156.7    0.00946       0.870        0.867  0.27  0.90
    0.98   0.01085    141.4   0.00740     153.5    0.00943       1.151        0.784  0.06  0.89
    1.27   0.01139    125.0   0.00565     147.9    0.00940       1.211        0.601  0.33  0.80
    1.56   0.01201    123.8   0.00315     148.2    0.00939       1.278        0.335  0.50  0.50
    1.76   0.00964    139.5   0.00156    -179.0    0.00939       1.027        0.166  0.39 -0.49
    1.95   0.00421   -143.2   0.00227    -119.4    0.00938       0.449        0.242  0.26  0.37
    2.15   0.00658   -117.9   0.00425    -108.9    0.00938       0.702        0.453  0.68  0.73
    2.34   0.01597    -99.0   0.00602    -110.8    0.00938       1.703        0.642  0.70 -0.92
    2.64   0.01074   -112.3   0.00826    -117.4    0.00938       1.146        0.881  0.73  0.92
    2.93   0.00963   -128.9   0.00982    -123.5    0.00937       1.028        1.047  0.75  0.96
    3.52   0.01114   -146.0   0.01179    -132.6    0.00937       1.189        1.258  0.77  0.91
    4.30   0.01219   -150.1   0.01323    -140.1    0.00937       1.301        1.412  0.92  0.92

=== r73 (00000073--79fd149dd8)  v 20.1  44 windows  g 0.10128 | relay_live True fric 0.2120 DF 1.000 notch True grate 0.0006
   small-signal relay/P = 11.642, derated = 11.642
       f   |K|meas  ph meas  |K|model  ph model  |K|P-only  meas/Ponly  model/Ponly   coh    R2
    0.20   0.02167    -16.3   0.09160     171.7    0.00837       2.588       10.940  0.83  0.76
    0.39   0.03599     76.9   0.08996     167.3    0.00760       4.735       11.836  0.79  0.83
    0.59   0.05374    116.7   0.08692     161.3    0.00744       7.227       11.689  0.68  0.79
    0.78   0.06610    118.6   0.08231     154.6    0.00738       8.956       11.153  0.54  0.72
    0.98   0.05934    126.7   0.07499     146.5    0.00735       8.070       10.198  0.54  0.73
    1.27   0.05854    125.8   0.05822     132.3    0.00733       7.982        7.939  0.81  0.86
    1.56   0.06932     98.6   0.03326     116.1    0.00732       9.464        4.542  0.80 -0.29
    1.76   0.04521    112.5   0.01293     107.4    0.00732       6.176        1.766  0.59 -0.24
    1.95   0.00985    157.2   0.00656    -102.7    0.00732       1.346        0.897  0.10  0.19
    2.15   0.02914   -125.2   0.02451    -104.4    0.00732       3.983        3.350  0.42  0.51
    2.34   0.05291   -111.9   0.03862    -112.0    0.00731       7.234        5.281  0.77  0.63
    2.64   0.05859   -121.8   0.05511    -122.4    0.00731       8.013        7.537  0.85  0.90
    2.93   0.08143   -138.8   0.06588    -130.1    0.00731      11.139        9.012  0.90  0.67
    3.52   0.08795   -147.2   0.07869    -140.8    0.00731      12.032       10.766  0.96  0.96
    4.30   0.10127   -161.5   0.08694    -149.1    0.00731      13.858       11.897  0.97  0.91

=== T64a (0000006c--68c6e94b17)  v 25.4  48 windows  g 0.14975 | relay_live False fric 0.0000 DF 0.919 notch True grate 0.001
   small-signal relay/P = 0.000, derated = 0.000
       f   |K|meas  ph meas  |K|model  ph model  |K|P-only  meas/Ponly  model/Ponly   coh    R2
    0.20   0.07882     89.2   0.01149     164.1    0.01171       6.731        0.981  0.92 -0.07
    0.39   0.26466     96.9   0.01101     168.2    0.01148      23.061        0.960  0.91 -63.17
    0.59   0.22326    108.6   0.01052     167.9    0.01143      19.535        0.920  0.85 -52.41
    0.78   0.10444    116.1   0.00985     166.3    0.01141       9.151        0.863  0.79 -9.97
    0.98   0.05169    119.9   0.00884     164.0    0.01141       4.532        0.775  0.58 -1.05
    1.27   0.00913    148.5   0.00670     161.1    0.01140       0.801        0.587  0.08  0.85
    1.56   0.00609   -175.7   0.00376     168.5    0.01140       0.534        0.330  0.07  0.73
    1.76   0.00775   -164.8   0.00235    -150.7    0.01140       0.680        0.206  0.38  0.43
    1.95   0.00602   -151.3   0.00367    -106.6    0.01139       0.528        0.322  0.31  0.57
    2.15   0.00999   -117.4   0.00629     -97.6    0.01139       0.877        0.552  0.20 -0.03
    2.34   0.00604   -117.6   0.00873     -98.8    0.01139       0.530        0.766  0.34  0.87
    2.64   0.01340   -104.9   0.01193    -104.5    0.01139       1.176        1.047  0.40  0.57
    2.93   0.00908   -162.4   0.01424    -109.9    0.01139       0.797        1.250  0.43  0.89
    3.52   0.01255   -142.1   0.01736    -117.6    0.01139       1.101        1.524  0.53  0.90
    4.30   0.01813   -140.9   0.01999    -123.3    0.01139       1.591        1.755  0.91  0.92

=== T64b (0000006d--05e83bb04f)  v 20.0  38 windows  g 0.10277 | relay_live False fric 0.2120 DF 0.839 notch True grate 0.001
   small-signal relay/P = 9.896, derated = 8.301
       f   |K|meas  ph meas  |K|model  ph model  |K|P-only  meas/Ponly  model/Ponly   coh    R2
    0.20   0.05243     85.0   0.00851     165.4    0.00877       5.979        0.970  0.82  0.59
    0.39   0.32378     97.5   0.00809     171.0    0.00859      37.680        0.941  0.91 -143.36
    0.59   0.06298    114.4   0.00758     172.5    0.00856       7.360        0.886  0.70 -3.73
    0.78   0.03080    133.9   0.00688     172.9    0.00855       3.604        0.806  0.71  0.19
    0.98   0.01130    130.8   0.00583     174.1    0.00854       1.323        0.683  0.33  0.90
    1.27   0.00391   -143.4   0.00381    -173.9    0.00854       0.458        0.446  0.03  0.54
    1.56   0.00442   -176.1   0.00324    -122.2    0.00853       0.518        0.380  0.12  0.65
    1.76   0.01655   -134.0   0.00518    -100.2    0.00853       1.940        0.607  0.58 -6.79
    1.95   0.01457   -119.5   0.00754     -96.8    0.00853       1.708        0.884  0.51 -3.88
    2.15   0.01240   -109.8   0.00988     -98.9    0.00853       1.454        1.158  0.68 -0.97
    2.34   0.02938    -96.9   0.01175    -102.2    0.00853       3.443        1.378  0.76 -11.00
    2.64   0.01834   -106.3   0.01407    -107.3    0.00853       2.149        1.649  0.63  0.06
    2.93   0.01173   -142.7   0.01575    -111.1    0.00853       1.375        1.847  0.75  0.94
    3.52   0.01584   -139.1   0.01831    -116.1    0.00853       1.857        2.147  0.86  0.74
    4.30   0.01951   -136.8   0.02095    -119.6    0.00853       2.288        2.456  0.92  0.85

=== r76 (00000076--d0b7ea7e4d)  v 22.7  41 windows  g 0.12607 | relay_live False fric 0.0000 DF 0.771 notch True grate 0.001
   small-signal relay/P = 0.000, derated = 0.000
       f   |K|meas  ph meas  |K|model  ph model  |K|P-only  meas/Ponly  model/Ponly   coh    R2
    0.20   0.16548     88.5   0.00996     164.6    0.01020      16.221        0.977  0.92 -29.43
    0.39   0.13430     96.0   0.00951     169.3    0.01000      13.433        0.952  0.82 -26.90
    0.59   0.05342    119.1   0.00902     169.6    0.00996       5.365        0.905  0.67 -2.69
    0.78   0.00717    128.1   0.00833     168.8    0.00994       0.722        0.838  0.37  0.75
    0.98   0.01061    162.9   0.00729     167.6    0.00994       1.068        0.734  0.40  0.48
    1.27   0.00964    146.9   0.00512     169.1    0.00993       0.970        0.516  0.78  0.95
    1.56   0.01621    117.1   0.00277    -161.5    0.00993       1.633        0.279  0.69 -1.81
    1.76   0.00915    153.7   0.00331    -114.2    0.00993       0.922        0.334  0.54 -1.27
    1.95   0.00449   -156.4   0.00552     -98.6    0.00993       0.452        0.556  0.36  0.47
    2.15   0.01052   -133.2   0.00807     -97.6    0.00993       1.060        0.813  0.62 -2.55
    2.34   0.01091   -116.1   0.01024    -100.4    0.00993       1.099        1.032  0.85  0.18
    2.64   0.00994   -128.0   0.01298    -106.0    0.00993       1.001        1.307  0.92  0.97
    2.93   0.01418   -145.8   0.01493    -110.7    0.00993       1.428        1.505  0.94  0.44
    3.52   0.01528   -133.5   0.01770    -117.1    0.00992       1.540        1.783  0.96  0.94
    4.30   0.01775   -138.0   0.02026    -121.6    0.00992       1.789        2.042  0.96  0.90
