Re(T/w) worst over 1-35 m/s, T counts per deg/s (> 0 damps); ratio = candidate / V295 where V295 < 0 (>1 = more anti-damping than V295); '+' where V295 damps and the candidate does not
freqs Hz:      5      7     10     13     15     17     20     25
--- s=1.000 d=2ms lag=0.0 ages 0-9
    V294           +1.37  +0.73  +0.12  -0.18  -0.29  -0.35  -0.40  -0.39
    V295           +2.53  +1.35  +0.23  -0.34  -0.54  -0.66  -0.73  -0.71
    rev2A-P2       -0.54  -0.43  -0.39  -0.38  -0.37  -0.36  -0.35  -0.33   x V295:   +inf   +inf   +inf   1.13   0.69   0.55   0.48   0.46
    rev2A-F2       -0.75  -0.75  -0.77  -0.76  -0.74  -0.71  -0.65  -0.54   x V295:   +inf   +inf   +inf   2.26   1.38   1.08   0.89   0.76
    G-P48          -0.02  -0.14  -0.30  -0.38  -0.42  -0.43  -0.44  -0.44   x V295:   +inf   +inf   +inf   1.14   0.77   0.66   0.60   0.61
    G-P48d         -0.01  -0.13  -0.29  -0.38  -0.41  -0.43  -0.44  -0.44   x V295:   +inf   +inf   +inf   1.13   0.77   0.66   0.60   0.61
    G-P44          -0.11  -0.19  -0.31  -0.37  -0.39  -0.41  -0.41  -0.40   x V295:   +inf   +inf   +inf   1.10   0.73   0.62   0.56   0.56
    G-F24          -0.43  -0.59  -0.76  -0.82  -0.82  -0.80  -0.75  -0.63   x V295:   +inf   +inf   +inf   2.43   1.52   1.22   1.03   0.89
    G-F24d         -0.43  -0.59  -0.76  -0.82  -0.82  -0.80  -0.75  -0.63   x V295:   +inf   +inf   +inf   2.43   1.52   1.22   1.03   0.89
    G-A22          -0.86  -0.87  -0.89  -0.86  -0.82  -0.77  -0.68  -0.51   x V295:   +inf   +inf   +inf   2.57   1.53   1.18   0.93   0.71
    G-A22d         -0.85  -0.86  -0.89  -0.86  -0.82  -0.77  -0.68  -0.51   x V295:   +inf   +inf   +inf   2.56   1.53   1.18   0.93   0.71
--- s=1.000 d=2ms lag=0.0 ages 1-10
    V294           +1.33  +0.67  +0.05  -0.25  -0.36  -0.42  -0.44  -0.41
    V295           +2.46  +1.24  +0.09  -0.47  -0.66  -0.77  -0.82  -0.76
    rev2A-P2       -0.57  -0.44  -0.39  -0.37  -0.36  -0.35  -0.34  -0.31   x V295:   +inf   +inf   +inf   0.79   0.54   0.46   0.41   0.41
    rev2A-F2       -0.84  -0.84  -0.86  -0.84  -0.81  -0.77  -0.69  -0.55   x V295:   +inf   +inf   +inf   1.78   1.21   0.99   0.84   0.73
    G-P48          -0.05  -0.16  -0.30  -0.37  -0.40  -0.42  -0.43  -0.42   x V295:   +inf   +inf   +inf   0.80   0.61   0.54   0.52   0.55
    G-P48d         -0.03  -0.14  -0.29  -0.37  -0.40  -0.42  -0.43  -0.42   x V295:   +inf   +inf   +inf   0.79   0.60   0.54   0.52   0.55
    G-P44          -0.14  -0.20  -0.30  -0.36  -0.38  -0.39  -0.40  -0.39   x V295:   +inf   +inf   +inf   0.77   0.58   0.51   0.48   0.51
    G-F24          -0.53  -0.70  -0.86  -0.91  -0.90  -0.87  -0.80  -0.65   x V295:   +inf   +inf   +inf   1.93   1.36   1.13   0.97   0.86
    G-F24d         -0.53  -0.70  -0.86  -0.91  -0.90  -0.87  -0.80  -0.65   x V295:   +inf   +inf   +inf   1.93   1.36   1.13   0.97   0.86
    G-A22          -0.94  -0.95  -0.96  -0.92  -0.87  -0.80  -0.69  -0.49   x V295:   +inf   +inf   +inf   1.96   1.31   1.05   0.84   0.64
    G-A22d         -0.93  -0.94  -0.96  -0.92  -0.87  -0.80  -0.69  -0.49   x V295:   +inf   +inf   +inf   1.96   1.31   1.04   0.84   0.64
--- s=1.000 d=2ms lag=0.0 ages 11-20
    V294           +0.91  +0.05  -0.63  -0.81  -0.78  -0.68  -0.48  -0.13
    V295           +1.69  +0.08  -1.17  -1.50  -1.44  -1.26  -0.89  -0.25
    rev2A-P2       -0.74  -0.42  -0.23  -0.15  -0.14  -0.15  -0.20  -0.24   x V295:   +inf   +inf   0.19   0.10   0.09   0.12   0.22   0.96
    rev2A-F2       -1.68  -1.62  -1.47  -1.20  -1.00  -0.80  -0.52  -0.10   x V295:   +inf   +inf   1.25   0.80   0.69   0.63   0.58   0.39
    G-P48          -0.23  -0.14  -0.13  -0.15  -0.17  -0.21  -0.29  -0.35   x V295:   +inf   +inf   0.11   0.10   0.12   0.17   0.32   1.41
    G-P48d         -0.21  -0.12  -0.13  -0.15  -0.17  -0.21  -0.29  -0.35   x V295:   +inf   +inf   0.11   0.10   0.12   0.17   0.32   1.41
    G-P44          -0.31  -0.18  -0.14  -0.15  -0.16  -0.19  -0.26  -0.32   x V295:   +inf   +inf   0.12   0.10   0.11   0.15   0.30   1.29
    G-F24          -1.49  -1.65  -1.64  -1.40  -1.18  -0.96  -0.63  -0.13   x V295:   +inf   +inf   1.40   0.94   0.82   0.76   0.71   0.51
    G-F24d         -1.49  -1.65  -1.64  -1.40  -1.18  -0.96  -0.63  -0.13   x V295:   +inf   +inf   1.40   0.94   0.82   0.76   0.71   0.51
    G-A22          -1.69  -1.63  -1.43  -1.11  -0.86  -0.62  -0.31  +0.10   x V295:   +inf   +inf   1.23   0.74   0.59   0.49   0.35  -0.42
    G-A22d         -1.68  -1.63  -1.43  -1.11  -0.86  -0.62  -0.31  +0.10   x V295:   +inf   +inf   1.22   0.74   0.59   0.49   0.35  -0.42
--- s=1.000 d=2ms lag=0.0 ages 21-30
    V294           +0.41  -0.59  -1.07  -0.85  -0.56  -0.24  +0.15  +0.41
    V295           +0.76  -1.09  -1.99  -1.58  -1.03  -0.45  +0.27  +0.76
    rev2A-P2       -0.70  -0.18  +0.13  +0.05  -0.03  -0.10  -0.17  -0.25   x V295:   +inf   0.16  -0.06  -0.03   0.03   0.22   +inf   +inf
    rev2A-F2       -2.35  -2.10  -1.52  -0.92  -0.52  -0.14  +0.29  +0.52   x V295:   +inf   1.92   0.76   0.58   0.51   0.32   0.00   0.00
    G-P48          -0.19  +0.12  +0.23  +0.05  -0.08  -0.17  -0.27  -0.36   x V295:   +inf  -0.11  -0.12  -0.03   0.07   0.38   +inf   +inf
    G-P48d         -0.17  +0.13  +0.23  +0.05  -0.08  -0.17  -0.27  -0.36   x V295:   +inf  -0.12  -0.12  -0.03   0.07   0.38   +inf   +inf
    G-P44          -0.27  +0.06  +0.21  +0.05  -0.07  -0.15  -0.24  -0.33   x V295:   +inf  -0.06  -0.10  -0.03   0.07   0.34   +inf   +inf
    G-F24          -2.30  -2.28  -1.79  -1.13  -0.65  -0.19  +0.32  +0.62   x V295:   +inf   2.09   0.90   0.71   0.63   0.43   0.00   0.00
    G-F24d         -2.30  -2.28  -1.79  -1.13  -0.65  -0.20  +0.32  +0.62   x V295:   +inf   2.09   0.90   0.71   0.63   0.44   0.00   0.00
    G-A22          -2.28  -2.01  -1.36  -0.70  -0.29  +0.07  +0.42  +0.45   x V295:   +inf   1.84   0.68   0.44   0.28  -0.16   0.00   0.00
    G-A22d         -2.27  -2.00  -1.36  -0.70  -0.29  +0.07  +0.42  +0.45   x V295:   +inf   1.84   0.68   0.45   0.28  -0.15   0.00   0.00
--- s=1.000 d=2ms lag=0.5 ages 0-9
    V294           +1.35  +0.70  +0.09  -0.22  -0.32  -0.38  -0.42  -0.40
    V295           +2.50  +1.30  +0.16  -0.40  -0.60  -0.71  -0.78  -0.74
    rev2A-P2       -0.57  -0.47  -0.44  -0.43  -0.42  -0.41  -0.39  -0.36   x V295:   +inf   +inf   +inf   1.05   0.69   0.57   0.51   0.49
    rev2A-F2       -0.78  -0.79  -0.81  -0.80  -0.78  -0.74  -0.68  -0.55   x V295:   +inf   +inf   +inf   1.99   1.30   1.04   0.87   0.75
    G-P48          -0.06  -0.20  -0.36  -0.45  -0.48  -0.50  -0.50  -0.49   x V295:   +inf   +inf   +inf   1.12   0.80   0.70   0.65   0.67
    G-P48d         -0.05  -0.19  -0.36  -0.45  -0.48  -0.49  -0.50  -0.49   x V295:   +inf   +inf   +inf   1.11   0.79   0.69   0.65   0.66
    G-P44          -0.15  -0.24  -0.36  -0.43  -0.45  -0.47  -0.47  -0.45   x V295:   +inf   +inf   +inf   1.07   0.75   0.65   0.60   0.61
    G-F24          -0.47  -0.64  -0.81  -0.87  -0.86  -0.84  -0.78  -0.65   x V295:   +inf   +inf   +inf   2.15   1.44   1.18   1.01   0.88
    G-F24d         -0.47  -0.64  -0.81  -0.87  -0.86  -0.84  -0.78  -0.65   x V295:   +inf   +inf   +inf   2.15   1.44   1.18   1.01   0.88
    G-A22          -0.86  -0.87  -0.89  -0.86  -0.82  -0.77  -0.68  -0.51   x V295:   +inf   +inf   +inf   2.14   1.37   1.08   0.87   0.69
    G-A22d         -0.85  -0.86  -0.89  -0.86  -0.82  -0.77  -0.68  -0.51   x V295:   +inf   +inf   +inf   2.14   1.37   1.08   0.87   0.69
--- s=1.000 d=2ms lag=0.5 ages 1-10
    V294           +1.31  +0.64  +0.02  -0.29  -0.39  -0.44  -0.47  -0.42
    V295           +2.43  +1.19  +0.03  -0.53  -0.72  -0.82  -0.86  -0.78
    rev2A-P2       -0.59  -0.48  -0.43  -0.42  -0.41  -0.40  -0.38  -0.35   x V295:   +inf   +inf   +inf   0.78   0.56   0.48   0.44   0.45
    rev2A-F2       -0.87  -0.88  -0.90  -0.88  -0.84  -0.80  -0.71  -0.56   x V295:   +inf   +inf   +inf   1.64   1.16   0.97   0.83   0.72
    G-P48          -0.09  -0.21  -0.36  -0.44  -0.47  -0.48  -0.49  -0.48   x V295:   +inf   +inf   +inf   0.82   0.65   0.59   0.57   0.61
    G-P48d         -0.07  -0.20  -0.35  -0.44  -0.47  -0.48  -0.49  -0.48   x V295:   +inf   +inf   +inf   0.82   0.64   0.59   0.57   0.61
    G-P44          -0.18  -0.25  -0.36  -0.42  -0.44  -0.45  -0.45  -0.44   x V295:   +inf   +inf   +inf   0.79   0.61   0.55   0.53   0.57
    G-F24          -0.57  -0.75  -0.91  -0.96  -0.94  -0.91  -0.83  -0.66   x V295:   +inf   +inf   +inf   1.79   1.30   1.10   0.96   0.85
    G-F24d         -0.57  -0.75  -0.91  -0.96  -0.94  -0.91  -0.83  -0.66   x V295:   +inf   +inf   +inf   1.79   1.30   1.10   0.96   0.85
    G-A22          -0.94  -0.95  -0.96  -0.92  -0.87  -0.80  -0.69  -0.49   x V295:   +inf   +inf   +inf   1.72   1.20   0.98   0.80   0.63
    G-A22d         -0.93  -0.94  -0.96  -0.92  -0.87  -0.80  -0.69  -0.49   x V295:   +inf   +inf   +inf   1.72   1.20   0.98   0.80   0.63
--- s=1.000 d=2ms lag=0.5 ages 11-20
    V294           +0.89  +0.01  -0.66  -0.82  -0.78  -0.68  -0.46  -0.10
    V295           +1.65  +0.02  -1.22  -1.53  -1.45  -1.25  -0.85  -0.19
    rev2A-P2       -0.76  -0.46  -0.27  -0.20  -0.18  -0.19  -0.24  -0.28   x V295:   +inf   +inf   0.22   0.13   0.13   0.16   0.28   1.48
    rev2A-F2       -1.71  -1.66  -1.50  -1.22  -1.00  -0.78  -0.49  -0.06   x V295:   +inf   +inf   1.22   0.80   0.69   0.63   0.57   0.30
    G-P48          -0.27  -0.19  -0.19  -0.22  -0.24  -0.28  -0.35  -0.40   x V295:   +inf   +inf   0.16   0.14   0.16   0.22   0.41   2.16
    G-P48d         -0.25  -0.18  -0.19  -0.22  -0.24  -0.28  -0.35  -0.40   x V295:   +inf   +inf   0.15   0.14   0.16   0.22   0.41   2.16
    G-P44          -0.34  -0.23  -0.20  -0.21  -0.22  -0.25  -0.32  -0.37   x V295:   +inf   +inf   0.16   0.14   0.15   0.20   0.38   1.97
    G-F24          -1.53  -1.70  -1.67  -1.42  -1.18  -0.94  -0.60  -0.08   x V295:   +inf   +inf   1.37   0.93   0.82   0.75   0.70   0.42
    G-F24d         -1.53  -1.70  -1.67  -1.42  -1.18  -0.94  -0.60  -0.08   x V295:   +inf   +inf   1.37   0.93   0.82   0.75   0.70   0.42
    G-A22          -1.69  -1.63  -1.43  -1.11  -0.86  -0.62  -0.31  +0.10   x V295:   +inf   +inf   1.17   0.73   0.59   0.50   0.36  -0.55
    G-A22d         -1.68  -1.63  -1.43  -1.11  -0.86  -0.62  -0.31  +0.10   x V295:   +inf   +inf   1.17   0.72   0.59   0.50   0.36  -0.55
--- s=1.000 d=2ms lag=0.5 ages 21-30
    V294           +0.38  -0.62  -1.08  -0.84  -0.53  -0.21  +0.18  +0.42
    V295           +0.71  -1.15  -2.01  -1.55  -0.98  -0.38  +0.34  +0.78
    rev2A-P2       -0.73  -0.21  +0.08  +0.00  -0.08  -0.14  -0.22  -0.29   x V295:   +inf   0.19  -0.04  -0.00   0.08   0.38   +inf   +inf
    rev2A-F2       -2.38  -2.13  -1.52  -0.90  -0.48  -0.10  +0.33  +0.52   x V295:   +inf   1.86   0.76   0.58   0.49   0.26   0.00   0.00
    G-P48          -0.23  +0.06  +0.17  -0.01  -0.14  -0.23  -0.33  -0.41   x V295:   +inf  -0.06  -0.08   0.01   0.15   0.61   +inf   +inf
    G-P48d         -0.21  +0.07  +0.17  -0.01  -0.14  -0.23  -0.33  -0.41   x V295:   +inf  -0.06  -0.09   0.01   0.14   0.61   +inf   +inf
    G-P44          -0.31  +0.01  +0.15  -0.01  -0.13  -0.21  -0.30  -0.38   x V295:   +inf  -0.01  -0.07   0.01   0.13   0.55   +inf   +inf
    G-F24          -2.35  -2.32  -1.79  -1.10  -0.60  -0.14  +0.37  +0.62   x V295:   +inf   2.02   0.89   0.71   0.62   0.37   0.00   0.00
    G-F24d         -2.35  -2.32  -1.79  -1.10  -0.60  -0.14  +0.37  +0.62   x V295:   +inf   2.02   0.89   0.71   0.62   0.37   0.00   0.00
    G-A22          -2.28  -2.01  -1.36  -0.70  -0.29  +0.07  +0.42  +0.45   x V295:   +inf   1.75   0.68   0.45   0.30  -0.18   0.00   0.00
    G-A22d         -2.27  -2.00  -1.36  -0.70  -0.29  +0.07  +0.42  +0.45   x V295:   +inf   1.75   0.68   0.45   0.30  -0.18   0.00   0.00
--- s=1.000 d=2ms lag=1.0 ages 0-9
    V294           +1.33  +0.67  +0.05  -0.25  -0.36  -0.42  -0.44  -0.41
    V295           +2.46  +1.24  +0.09  -0.47  -0.66  -0.77  -0.82  -0.76
    rev2A-P2       -0.60  -0.51  -0.48  -0.47  -0.46  -0.45  -0.44  -0.40   x V295:   +inf   +inf   +inf   1.00   0.70   0.59   0.53   0.53
    rev2A-F2       -0.82  -0.82  -0.86  -0.85  -0.82  -0.78  -0.71  -0.57   x V295:   +inf   +inf   +inf   1.80   1.23   1.01   0.86   0.74
    G-P48          -0.10  -0.25  -0.42  -0.51  -0.55  -0.56  -0.57  -0.55   x V295:   +inf   +inf   +inf   1.10   0.82   0.73   0.69   0.72
    G-P48d         -0.09  -0.24  -0.42  -0.51  -0.54  -0.56  -0.56  -0.54   x V295:   +inf   +inf   +inf   1.09   0.82   0.73   0.69   0.71
    G-P44          -0.19  -0.29  -0.42  -0.49  -0.51  -0.52  -0.52  -0.50   x V295:   +inf   +inf   +inf   1.04   0.77   0.68   0.64   0.66
    G-F24          -0.50  -0.69  -0.87  -0.92  -0.91  -0.88  -0.81  -0.66   x V295:   +inf   +inf   +inf   1.95   1.37   1.15   0.99   0.87
    G-F24d         -0.50  -0.69  -0.87  -0.92  -0.91  -0.88  -0.81  -0.66   x V295:   +inf   +inf   +inf   1.95   1.37   1.15   0.99   0.87
    G-A22          -0.86  -0.87  -0.89  -0.86  -0.82  -0.77  -0.68  -0.51   x V295:   +inf   +inf   +inf   1.84   1.24   1.00   0.83   0.67
    G-A22d         -0.85  -0.86  -0.89  -0.86  -0.82  -0.77  -0.68  -0.51   x V295:   +inf   +inf   +inf   1.84   1.24   1.00   0.83   0.67
--- s=1.000 d=2ms lag=1.0 ages 1-10
    V294           +1.29  +0.61  -0.02  -0.32  -0.42  -0.47  -0.49  -0.43
    V295           +2.40  +1.14  -0.04  -0.60  -0.78  -0.87  -0.90  -0.79
    rev2A-P2       -0.62  -0.52  -0.48  -0.46  -0.45  -0.44  -0.42  -0.39   x V295:   +inf   +inf  12.31   0.77   0.58   0.50   0.47   0.49
    rev2A-F2       -0.91  -0.92  -0.94  -0.92  -0.88  -0.83  -0.74  -0.57   x V295:   +inf   +inf  24.24   1.53   1.12   0.95   0.82   0.72
    G-P48          -0.13  -0.26  -0.42  -0.51  -0.53  -0.55  -0.55  -0.53   x V295:   +inf   +inf  10.87   0.84   0.68   0.63   0.61   0.67
    G-P48d         -0.12  -0.25  -0.42  -0.50  -0.53  -0.55  -0.55  -0.53   x V295:   +inf   +inf  10.71   0.84   0.68   0.62   0.61   0.67
    G-P44          -0.21  -0.30  -0.42  -0.48  -0.50  -0.51  -0.51  -0.49   x V295:   +inf   +inf  10.76   0.80   0.64   0.58   0.57   0.62
    G-F24          -0.61  -0.80  -0.97  -1.00  -0.98  -0.94  -0.85  -0.67   x V295:   +inf   +inf  24.88   1.67   1.26   1.08   0.95   0.84
    G-F24d         -0.61  -0.80  -0.97  -1.00  -0.98  -0.94  -0.85  -0.67   x V295:   +inf   +inf  24.88   1.67   1.26   1.08   0.95   0.84
    G-A22          -0.94  -0.95  -0.96  -0.92  -0.87  -0.80  -0.69  -0.49   x V295:   +inf   +inf  24.81   1.54   1.11   0.92   0.77   0.62
    G-A22d         -0.93  -0.94  -0.96  -0.92  -0.87  -0.80  -0.69  -0.49   x V295:   +inf   +inf  24.73   1.53   1.11   0.92   0.77   0.62
--- s=1.000 d=2ms lag=1.0 ages 11-20
    V294           +0.87  -0.02  -0.69  -0.84  -0.79  -0.67  -0.44  -0.07
    V295           +1.61  -0.04  -1.28  -1.55  -1.46  -1.24  -0.81  -0.13
    rev2A-P2       -0.79  -0.50  -0.31  -0.25  -0.23  -0.24  -0.28  -0.32   x V295:   +inf  13.60   0.25   0.16   0.16   0.19   0.35   2.50
    rev2A-F2       -1.75  -1.70  -1.53  -1.23  -0.99  -0.77  -0.46  -0.02   x V295:   +inf  46.43   1.20   0.79   0.68   0.62   0.57   0.13
    G-P48          -0.31  -0.24  -0.25  -0.28  -0.30  -0.34  -0.41  -0.46   x V295:   +inf   6.61   0.20   0.18   0.21   0.28   0.51   3.64
    G-P48d         -0.29  -0.23  -0.25  -0.28  -0.30  -0.34  -0.41  -0.46   x V295:   +inf   6.30   0.20   0.18   0.21   0.28   0.51   3.63
    G-P44          -0.38  -0.28  -0.26  -0.27  -0.28  -0.31  -0.38  -0.42   x V295:   +inf   7.60   0.20   0.17   0.19   0.25   0.46   3.33
    G-F24          -1.57  -1.74  -1.71  -1.43  -1.18  -0.93  -0.56  -0.03   x V295:   +inf  47.59   1.34   0.92   0.81   0.75   0.69   0.24
    G-F24d         -1.57  -1.74  -1.71  -1.43  -1.18  -0.93  -0.56  -0.03   x V295:   +inf  47.59   1.34   0.92   0.81   0.75   0.69   0.24
    G-A22          -1.69  -1.63  -1.43  -1.11  -0.86  -0.62  -0.31  +0.10   x V295:   +inf  44.62   1.12   0.71   0.59   0.50   0.38  -0.82
    G-A22d         -1.68  -1.63  -1.43  -1.11  -0.86  -0.62  -0.31  +0.10   x V295:   +inf  44.48   1.12   0.71   0.59   0.50   0.38  -0.82
--- s=1.000 d=2ms lag=1.0 ages 21-30
    V294           +0.36  -0.65  -1.10  -0.83  -0.50  -0.17  +0.22  +0.43
    V295           +0.66  -1.20  -2.03  -1.53  -0.93  -0.32  +0.40  +0.79
    rev2A-P2       -0.76  -0.25  +0.04  -0.04  -0.13  -0.19  -0.26  -0.33   x V295:   +inf   0.21  -0.02   0.03   0.14   0.60   +inf   +inf
    rev2A-F2       -2.42  -2.16  -1.53  -0.88  -0.45  -0.05  +0.36  +0.53   x V295:   +inf   1.80   0.75   0.57   0.48   0.17   0.00   0.00
    G-P48          -0.27  +0.01  +0.11  -0.08  -0.21  -0.30  -0.39  -0.47   x V295:   +inf  -0.01  -0.05   0.05   0.22   0.94   +inf   +inf
    G-P48d         -0.25  +0.02  +0.11  -0.08  -0.21  -0.30  -0.39  -0.47   x V295:   +inf  -0.02  -0.05   0.05   0.22   0.93   +inf   +inf
    G-P44          -0.35  -0.03  +0.09  -0.07  -0.19  -0.27  -0.36  -0.43   x V295:   +inf   0.03  -0.05   0.05   0.20   0.85   +inf   +inf
    G-F24          -2.39  -2.36  -1.80  -1.07  -0.56  -0.09  +0.42  +0.63   x V295:   +inf   1.96   0.89   0.70   0.60   0.28   0.00   0.00
    G-F24d         -2.39  -2.36  -1.80  -1.07  -0.56  -0.09  +0.42  +0.63   x V295:   +inf   1.96   0.89   0.70   0.60   0.28   0.00   0.00
    G-A22          -2.28  -2.01  -1.36  -0.70  -0.29  +0.07  +0.42  +0.45   x V295:   +inf   1.67   0.67   0.46   0.31  -0.22   0.00   0.00
    G-A22d         -2.27  -2.00  -1.36  -0.70  -0.29  +0.07  +0.42  +0.45   x V295:   +inf   1.67   0.67   0.46   0.31  -0.22   0.00   0.00
--- s=1.000 d=6ms lag=0.0 ages 0-9
    V294           +1.22  +0.49  -0.16  -0.46  -0.54  -0.57  -0.55  -0.43
    V295           +2.26  +0.91  -0.30  -0.85  -1.00  -1.05  -1.01  -0.79
    rev2A-P2       -0.88  -0.77  -0.72  -0.69  -0.67  -0.64  -0.60  -0.52   x V295:   +inf   +inf   2.37   0.81   0.67   0.61   0.59   0.65
    rev2A-F2       -1.11  -1.10  -1.09  -1.02  -0.95  -0.87  -0.74  -0.51   x V295:   +inf   +inf   3.57   1.21   0.95   0.83   0.73   0.64
    G-P48          -0.46  -0.61  -0.78  -0.84  -0.85  -0.85  -0.82  -0.73   x V295:   +inf   +inf   2.55   1.00   0.86   0.81   0.81   0.92
    G-P48d         -0.44  -0.60  -0.77  -0.84  -0.85  -0.85  -0.82  -0.73   x V295:   +inf   +inf   2.53   0.99   0.85   0.81   0.81   0.92
    G-P44          -0.52  -0.62  -0.74  -0.79  -0.79  -0.78  -0.75  -0.67   x V295:   +inf   +inf   2.43   0.93   0.79   0.75   0.74   0.84
    G-F24          -0.83  -1.01  -1.15  -1.14  -1.09  -1.01  -0.87  -0.61   x V295:   +inf   +inf   3.77   1.35   1.09   0.96   0.86   0.77
    G-F24d         -0.83  -1.01  -1.15  -1.14  -1.09  -1.01  -0.87  -0.61   x V295:   +inf   +inf   3.77   1.35   1.09   0.96   0.86   0.77
    G-A22          -1.18  -1.18  -1.15  -1.05  -0.95  -0.84  -0.66  -0.36   x V295:   +inf   +inf   3.79   1.24   0.95   0.80   0.65   0.45
    G-A22d         -1.17  -1.18  -1.15  -1.05  -0.95  -0.84  -0.66  -0.36   x V295:   +inf   +inf   3.79   1.24   0.95   0.80   0.65   0.45
--- s=1.000 d=6ms lag=0.0 ages 1-10
    V294           +1.18  +0.43  -0.24  -0.52  -0.59  -0.61  -0.56  -0.41
    V295           +2.18  +0.80  -0.44  -0.96  -1.09  -1.12  -1.04  -0.76
    rev2A-P2       -0.90  -0.77  -0.71  -0.67  -0.65  -0.62  -0.58  -0.51   x V295:   +inf   +inf   1.63   0.70   0.59   0.55   0.55   0.67
    rev2A-F2       -1.19  -1.18  -1.16  -1.07  -0.99  -0.89  -0.73  -0.48   x V295:   +inf   +inf   2.65   1.11   0.90   0.79   0.70   0.62
    G-P48          -0.48  -0.61  -0.76  -0.82  -0.83  -0.83  -0.80  -0.72   x V295:   +inf   +inf   1.75   0.86   0.76   0.74   0.76   0.95
    G-P48d         -0.46  -0.60  -0.76  -0.82  -0.83  -0.83  -0.79  -0.72   x V295:   +inf   +inf   1.74   0.85   0.76   0.74   0.76   0.95
    G-P44          -0.54  -0.62  -0.73  -0.77  -0.77  -0.76  -0.73  -0.66   x V295:   +inf   +inf   1.67   0.80   0.71   0.68   0.70   0.87
    G-F24          -0.93  -1.11  -1.23  -1.21  -1.13  -1.04  -0.87  -0.57   x V295:   +inf   +inf   2.83   1.25   1.04   0.93   0.83   0.75
    G-F24d         -0.93  -1.11  -1.23  -1.21  -1.13  -1.04  -0.87  -0.57   x V295:   +inf   +inf   2.83   1.25   1.04   0.93   0.83   0.75
    G-A22          -1.26  -1.25  -1.21  -1.08  -0.97  -0.83  -0.63  -0.31   x V295:   +inf   +inf   2.78   1.12   0.88   0.74   0.60   0.40
    G-A22d         -1.25  -1.25  -1.21  -1.08  -0.96  -0.83  -0.63  -0.31   x V295:   +inf   +inf   2.77   1.12   0.88   0.74   0.60   0.40
--- s=1.000 d=6ms lag=0.0 ages 11-20
    V294           +0.72  -0.21  -0.85  -0.90  -0.77  -0.58  -0.27  +0.13
    V295           +1.33  -0.40  -1.57  -1.66  -1.42  -1.07  -0.50  +0.25
    rev2A-P2       -0.98  -0.66  -0.46  -0.39  -0.43  -0.47  -0.49  -0.49   x V295:   +inf   1.66   0.29   0.23   0.30   0.43   0.98   +inf
    rev2A-F2       -1.97  -1.86  -1.56  -1.14  -0.87  -0.61  -0.23  +0.23   x V295:   +inf   4.67   0.99   0.68   0.61   0.57   0.45   0.00
    G-P48          -0.57  -0.50  -0.50  -0.54  -0.61  -0.67  -0.72  -0.70   x V295:   +inf   1.25   0.32   0.32   0.43   0.63   1.42   +inf
    G-P48d         -0.55  -0.49  -0.50  -0.54  -0.61  -0.67  -0.72  -0.70   x V295:   +inf   1.22   0.32   0.32   0.43   0.63   1.42   +inf
    G-P44          -0.63  -0.51  -0.48  -0.49  -0.56  -0.62  -0.65  -0.64   x V295:   +inf   1.28   0.31   0.30   0.39   0.57   1.30   +inf
    G-F24          -1.84  -1.95  -1.78  -1.35  -1.06  -0.75  -0.29  +0.26   x V295:   +inf   4.91   1.13   0.81   0.74   0.69   0.57   0.00
    G-F24d         -1.84  -1.95  -1.78  -1.35  -1.06  -0.75  -0.29  +0.26   x V295:   +inf   4.91   1.13   0.81   0.74   0.69   0.58   0.00
    G-A22          -1.95  -1.83  -1.47  -0.98  -0.68  -0.39  -0.01  +0.35   x V295:   +inf   4.60   0.94   0.59   0.48   0.36   0.02   0.00
    G-A22d         -1.94  -1.82  -1.47  -0.98  -0.68  -0.39  -0.01  +0.35   x V295:   +inf   4.59   0.93   0.59   0.48   0.36   0.02   0.00
--- s=1.000 d=6ms lag=0.0 ages 21-30
    V294           +0.19  -0.82  -1.14  -0.71  -0.31  +0.05  +0.40  +0.41
    V295           +0.36  -1.52  -2.11  -1.31  -0.58  +0.09  +0.73  +0.76
    rev2A-P2       -0.86  -0.33  -0.08  -0.28  -0.37  -0.44  -0.50  -0.53   x V295:   +inf   0.22   0.04   0.22   0.65   +inf   +inf   +inf
    rev2A-F2       -2.56  -2.18  -1.39  -0.68  -0.18  +0.21  +0.56  +0.47   x V295:   +inf   1.44   0.66   0.51   0.32   0.00   0.00   0.00
    G-P48          -0.45  -0.16  -0.12  -0.44  -0.57  -0.65  -0.72  -0.74   x V295:   +inf   0.11   0.06   0.33   0.98   +inf   +inf   +inf
    G-P48d         -0.43  -0.15  -0.12  -0.44  -0.56  -0.65  -0.72  -0.74   x V295:   +inf   0.10   0.06   0.33   0.98   +inf   +inf   +inf
    G-P44          -0.51  -0.18  -0.11  -0.40  -0.51  -0.59  -0.66  -0.68   x V295:   +inf   0.12   0.05   0.30   0.89   +inf   +inf   +inf
    G-F24          -2.57  -2.42  -1.67  -0.84  -0.25  +0.23  +0.65  +0.56   x V295:   +inf   1.60   0.79   0.64   0.44   0.00   0.00   0.00
    G-F24d         -2.57  -2.42  -1.67  -0.84  -0.25  +0.23  +0.65  +0.56   x V295:   +inf   1.60   0.79   0.64   0.44   0.00   0.00   0.00
    G-A22          -2.46  -2.05  -1.19  -0.44  +0.03  +0.37  +0.59  +0.30   x V295:   +inf   1.35   0.56   0.34  -0.05   0.00   0.00   0.00
    G-A22d         -2.45  -2.05  -1.19  -0.44  +0.03  +0.37  +0.59  +0.30   x V295:   +inf   1.35   0.56   0.34  -0.05   0.00   0.00   0.00
--- s=1.000 d=6ms lag=0.5 ages 0-9
    V294           +1.20  +0.46  -0.20  -0.49  -0.57  -0.59  -0.56  -0.42
    V295           +2.22  +0.85  -0.37  -0.90  -1.05  -1.09  -1.03  -0.78
    rev2A-P2       -0.91  -0.81  -0.77  -0.73  -0.71  -0.68  -0.63  -0.53   x V295:   +inf   +inf   2.07   0.81   0.67   0.62   0.61   0.69
    rev2A-F2       -1.14  -1.14  -1.13  -1.06  -0.98  -0.89  -0.75  -0.49   x V295:   +inf   +inf   3.05   1.17   0.94   0.82   0.73   0.64
    G-P48          -0.51  -0.67  -0.84  -0.90  -0.91  -0.90  -0.86  -0.75   x V295:   +inf   +inf   2.27   1.00   0.87   0.83   0.83   0.97
    G-P48d         -0.49  -0.66  -0.83  -0.90  -0.91  -0.90  -0.86  -0.75   x V295:   +inf   +inf   2.25   1.00   0.87   0.83   0.83   0.97
    G-P44          -0.56  -0.67  -0.80  -0.85  -0.85  -0.83  -0.79  -0.69   x V295:   +inf   +inf   2.16   0.93   0.81   0.77   0.77   0.89
    G-F24          -0.87  -1.06  -1.20  -1.18  -1.12  -1.04  -0.88  -0.59   x V295:   +inf   +inf   3.23   1.31   1.07   0.95   0.85   0.76
    G-F24d         -0.87  -1.06  -1.20  -1.18  -1.12  -1.04  -0.88  -0.59   x V295:   +inf   +inf   3.23   1.31   1.07   0.95   0.85   0.76
    G-A22          -1.18  -1.18  -1.15  -1.05  -0.95  -0.84  -0.66  -0.36   x V295:   +inf   +inf   3.12   1.16   0.91   0.77   0.64   0.46
    G-A22d         -1.17  -1.18  -1.15  -1.05  -0.95  -0.84  -0.66  -0.36   x V295:   +inf   +inf   3.11   1.16   0.91   0.77   0.64   0.46
--- s=1.000 d=6ms lag=0.5 ages 1-10
    V294           +1.16  +0.40  -0.27  -0.55  -0.61  -0.62  -0.57  -0.40
    V295           +2.14  +0.74  -0.50  -1.02  -1.14  -1.15  -1.05  -0.74
    rev2A-P2       -0.93  -0.81  -0.75  -0.71  -0.69  -0.66  -0.61  -0.53   x V295:   +inf   +inf   1.51   0.70   0.60   0.57   0.58   0.72
    rev2A-F2       -1.23  -1.22  -1.20  -1.10  -1.01  -0.90  -0.73  -0.46   x V295:   +inf   +inf   2.39   1.08   0.89   0.79   0.70   0.62
    G-P48          -0.53  -0.67  -0.83  -0.89  -0.89  -0.88  -0.84  -0.75   x V295:   +inf   +inf   1.65   0.87   0.78   0.76   0.80   1.01
    G-P48d         -0.51  -0.66  -0.82  -0.88  -0.89  -0.88  -0.84  -0.75   x V295:   +inf   +inf   1.64   0.87   0.78   0.76   0.80   1.01
    G-P44          -0.58  -0.67  -0.79  -0.83  -0.83  -0.81  -0.77  -0.69   x V295:   +inf   +inf   1.57   0.81   0.73   0.70   0.73   0.93
    G-F24          -0.97  -1.16  -1.28  -1.24  -1.16  -1.06  -0.87  -0.55   x V295:   +inf   +inf   2.56   1.22   1.02   0.92   0.83   0.75
    G-F24d         -0.97  -1.16  -1.28  -1.24  -1.16  -1.06  -0.87  -0.55   x V295:   +inf   +inf   2.56   1.22   1.02   0.92   0.83   0.75
    G-A22          -1.26  -1.25  -1.21  -1.08  -0.97  -0.83  -0.63  -0.31   x V295:   +inf   +inf   2.42   1.06   0.85   0.72   0.59   0.41
    G-A22d         -1.25  -1.25  -1.21  -1.08  -0.96  -0.83  -0.63  -0.31   x V295:   +inf   +inf   2.41   1.06   0.85   0.72   0.59   0.41
--- s=1.000 d=6ms lag=0.5 ages 11-20
    V294           +0.70  -0.25  -0.87  -0.90  -0.76  -0.56  -0.24  +0.16
    V295           +1.29  -0.46  -1.62  -1.67  -1.40  -1.03  -0.44  +0.30
    rev2A-P2       -1.02  -0.70  -0.50  -0.43  -0.47  -0.50  -0.52  -0.51   x V295:   +inf   1.53   0.31   0.26   0.33   0.49   1.18   +inf
    rev2A-F2       -2.01  -1.89  -1.58  -1.13  -0.86  -0.58  -0.19  +0.26   x V295:   +inf   4.15   0.98   0.68   0.61   0.56   0.42   0.00
    G-P48          -0.62  -0.55  -0.57  -0.60  -0.67  -0.73  -0.76  -0.73   x V295:   +inf   1.21   0.35   0.36   0.48   0.70   1.71   +inf
    G-P48d         -0.60  -0.54  -0.56  -0.60  -0.67  -0.73  -0.76  -0.73   x V295:   +inf   1.19   0.35   0.36   0.48   0.70   1.71   +inf
    G-P44          -0.67  -0.56  -0.54  -0.55  -0.61  -0.66  -0.69  -0.67   x V295:   +inf   1.22   0.33   0.33   0.44   0.64   1.57   +inf
    G-F24          -1.88  -1.99  -1.81  -1.35  -1.03  -0.71  -0.24  +0.30   x V295:   +inf   4.36   1.12   0.81   0.74   0.69   0.54   0.00
    G-F24d         -1.88  -1.99  -1.81  -1.35  -1.04  -0.71  -0.24  +0.30   x V295:   +inf   4.36   1.12   0.81   0.74   0.69   0.54   0.00
    G-A22          -1.95  -1.83  -1.47  -0.98  -0.68  -0.39  -0.01  +0.35   x V295:   +inf   4.00   0.91   0.58   0.48   0.38   0.02   0.00
    G-A22d         -1.94  -1.82  -1.47  -0.98  -0.68  -0.39  -0.01  +0.35   x V295:   +inf   3.99   0.91   0.58   0.48   0.38   0.02   0.00
--- s=1.000 d=6ms lag=0.5 ages 21-30
    V294           +0.17  -0.85  -1.14  -0.69  -0.28  +0.08  +0.42  +0.40
    V295           +0.31  -1.57  -2.11  -1.27  -0.51  +0.16  +0.78  +0.74
    rev2A-P2       -0.90  -0.37  -0.13  -0.33  -0.41  -0.47  -0.53  -0.55   x V295:   +inf   0.24   0.06   0.26   0.81   +inf   +inf   +inf
    rev2A-F2       -2.59  -2.21  -1.38  -0.64  -0.14  +0.26  +0.58  +0.45   x V295:   +inf   1.41   0.65   0.51   0.28   0.00   0.00   0.00
    G-P48          -0.49  -0.22  -0.18  -0.50  -0.62  -0.70  -0.76  -0.77   x V295:   +inf   0.14   0.09   0.39   1.21   +inf   +inf   +inf
    G-P48d         -0.48  -0.21  -0.18  -0.50  -0.62  -0.70  -0.76  -0.77   x V295:   +inf   0.13   0.09   0.39   1.21   +inf   +inf   +inf
    G-P44          -0.55  -0.24  -0.17  -0.45  -0.57  -0.64  -0.70  -0.70   x V295:   +inf   0.15   0.08   0.36   1.11   +inf   +inf   +inf
    G-F24          -2.61  -2.45  -1.66  -0.80  -0.20  +0.28  +0.69  +0.54   x V295:   +inf   1.57   0.79   0.63   0.39   0.00   0.00   0.00
    G-F24d         -2.61  -2.45  -1.66  -0.80  -0.20  +0.28  +0.69  +0.54   x V295:   +inf   1.57   0.79   0.63   0.39   0.00   0.00   0.00
    G-A22          -2.46  -2.05  -1.19  -0.44  +0.03  +0.37  +0.59  +0.30   x V295:   +inf   1.31   0.56   0.35  -0.06   0.00   0.00   0.00
    G-A22d         -2.45  -2.05  -1.19  -0.44  +0.03  +0.37  +0.59  +0.30   x V295:   +inf   1.31   0.56   0.35  -0.05   0.00   0.00   0.00
--- s=1.000 d=6ms lag=1.0 ages 0-9
    V294           +1.18  +0.43  -0.24  -0.52  -0.59  -0.61  -0.56  -0.41
    V295           +2.18  +0.80  -0.44  -0.96  -1.09  -1.12  -1.04  -0.76
    rev2A-P2       -0.94  -0.85  -0.81  -0.78  -0.75  -0.71  -0.66  -0.55   x V295:   +inf   +inf   1.86   0.81   0.68   0.64   0.63   0.72
    rev2A-F2       -1.17  -1.18  -1.17  -1.09  -1.01  -0.91  -0.75  -0.48   x V295:   +inf   +inf   2.68   1.13   0.92   0.81   0.72   0.63
    G-P48          -0.55  -0.72  -0.90  -0.97  -0.97  -0.95  -0.90  -0.78   x V295:   +inf   +inf   2.07   1.00   0.89   0.85   0.86   1.02
    G-P48d         -0.53  -0.71  -0.90  -0.96  -0.97  -0.95  -0.90  -0.78   x V295:   +inf   +inf   2.06   1.00   0.88   0.85   0.86   1.02
    G-P44          -0.60  -0.72  -0.86  -0.90  -0.90  -0.88  -0.83  -0.71   x V295:   +inf   +inf   1.97   0.94   0.82   0.78   0.79   0.93
    G-F24          -0.91  -1.11  -1.25  -1.22  -1.15  -1.06  -0.89  -0.58   x V295:   +inf   +inf   2.86   1.27   1.05   0.94   0.85   0.76
    G-F24d         -0.91  -1.11  -1.25  -1.22  -1.15  -1.06  -0.89  -0.58   x V295:   +inf   +inf   2.86   1.27   1.05   0.94   0.85   0.76
    G-A22          -1.18  -1.18  -1.15  -1.05  -0.95  -0.84  -0.66  -0.36   x V295:   +inf   +inf   2.65   1.09   0.87   0.75   0.63   0.47
    G-A22d         -1.17  -1.18  -1.15  -1.05  -0.95  -0.84  -0.66  -0.36   x V295:   +inf   +inf   2.65   1.09   0.87   0.75   0.63   0.47
--- s=1.000 d=6ms lag=1.0 ages 1-10
    V294           +1.14  +0.37  -0.31  -0.58  -0.64  -0.64  -0.57  -0.39
    V295           +2.11  +0.68  -0.57  -1.07  -1.18  -1.18  -1.06  -0.71
    rev2A-P2       -0.96  -0.85  -0.80  -0.76  -0.73  -0.69  -0.64  -0.55   x V295:   +inf   +inf   1.41   0.71   0.62   0.59   0.60   0.76
    rev2A-F2       -1.26  -1.26  -1.24  -1.13  -1.03  -0.92  -0.73  -0.44   x V295:   +inf   +inf   2.19   1.06   0.88   0.78   0.69   0.61
    G-P48          -0.57  -0.73  -0.89  -0.95  -0.95  -0.93  -0.88  -0.77   x V295:   +inf   +inf   1.57   0.88   0.80   0.79   0.83   1.08
    G-P48d         -0.55  -0.71  -0.88  -0.94  -0.95  -0.93  -0.88  -0.77   x V295:   +inf   +inf   1.56   0.88   0.80   0.79   0.83   1.08
    G-P44          -0.62  -0.72  -0.84  -0.88  -0.88  -0.86  -0.81  -0.71   x V295:   +inf   +inf   1.49   0.82   0.74   0.73   0.76   0.99
    G-F24          -1.01  -1.20  -1.33  -1.28  -1.19  -1.07  -0.87  -0.53   x V295:   +inf   +inf   2.35   1.19   1.01   0.91   0.82   0.74
    G-F24d         -1.01  -1.20  -1.33  -1.28  -1.19  -1.07  -0.87  -0.53   x V295:   +inf   +inf   2.35   1.19   1.01   0.91   0.82   0.74
    G-A22          -1.26  -1.25  -1.21  -1.08  -0.97  -0.83  -0.63  -0.31   x V295:   +inf   +inf   2.14   1.01   0.82   0.71   0.59   0.43
    G-A22d         -1.25  -1.25  -1.21  -1.08  -0.96  -0.83  -0.63  -0.31   x V295:   +inf   +inf   2.14   1.01   0.82   0.71   0.59   0.43
--- s=1.000 d=6ms lag=1.0 ages 11-20
    V294           +0.67  -0.28  -0.90  -0.91  -0.75  -0.54  -0.21  +0.20
    V295           +1.24  -0.52  -1.66  -1.68  -1.39  -0.99  -0.38  +0.36
    rev2A-P2       -1.05  -0.74  -0.55  -0.48  -0.51  -0.54  -0.55  -0.52   x V295:   +inf   1.43   0.33   0.28   0.37   0.54   1.45   +inf
    rev2A-F2       -2.04  -1.93  -1.60  -1.13  -0.84  -0.55  -0.15  +0.30   x V295:   +inf   3.74   0.97   0.67   0.61   0.55   0.38   0.00
    G-P48          -0.66  -0.61  -0.63  -0.66  -0.73  -0.78  -0.80  -0.75   x V295:   +inf   1.18   0.38   0.39   0.52   0.78   2.09   +inf
    G-P48d         -0.64  -0.60  -0.63  -0.66  -0.73  -0.78  -0.80  -0.75   x V295:   +inf   1.16   0.38   0.39   0.52   0.78   2.09   +inf
    G-P44          -0.71  -0.61  -0.60  -0.61  -0.66  -0.71  -0.73  -0.69   x V295:   +inf   1.18   0.36   0.36   0.48   0.72   1.91   +inf
    G-F24          -1.92  -2.04  -1.83  -1.35  -1.01  -0.67  -0.19  +0.35   x V295:   +inf   3.95   1.10   0.80   0.73   0.68   0.50   0.00
    G-F24d         -1.92  -2.04  -1.83  -1.35  -1.01  -0.67  -0.19  +0.35   x V295:   +inf   3.95   1.10   0.80   0.73   0.68   0.50   0.00
    G-A22          -1.95  -1.83  -1.47  -0.98  -0.68  -0.39  -0.01  +0.35   x V295:   +inf   3.54   0.89   0.58   0.49   0.39   0.03   0.00
    G-A22d         -1.94  -1.82  -1.47  -0.98  -0.68  -0.39  -0.01  +0.35   x V295:   +inf   3.53   0.89   0.58   0.49   0.39   0.03   0.00
--- s=1.000 d=6ms lag=1.0 ages 21-30
    V294           +0.14  -0.87  -1.14  -0.66  -0.24  +0.12  +0.44  +0.39
    V295           +0.26  -1.61  -2.12  -1.22  -0.45  +0.22  +0.82  +0.71
    rev2A-P2       -0.93  -0.41  -0.17  -0.37  -0.45  -0.51  -0.56  -0.56   x V295:   +inf   0.25   0.08   0.30   1.01   +inf   +inf   +inf
    rev2A-F2       -2.63  -2.23  -1.38  -0.61  -0.10  +0.30  +0.61  +0.43   x V295:   +inf   1.38   0.65   0.50   0.22   0.00   0.00   0.00
    G-P48          -0.54  -0.27  -0.24  -0.56  -0.68  -0.75  -0.80  -0.79   x V295:   +inf   0.17   0.12   0.46   1.52   +inf   +inf   +inf
    G-P48d         -0.52  -0.26  -0.24  -0.56  -0.68  -0.75  -0.80  -0.79   x V295:   +inf   0.16   0.12   0.46   1.51   +inf   +inf   +inf
    G-P44          -0.59  -0.29  -0.22  -0.51  -0.62  -0.69  -0.73  -0.73   x V295:   +inf   0.18   0.11   0.42   1.38   +inf   +inf   +inf
    G-F24          -2.65  -2.48  -1.65  -0.76  -0.15  +0.34  +0.72  +0.52   x V295:   +inf   1.54   0.78   0.62   0.33   0.00   0.00   0.00
    G-F24d         -2.65  -2.48  -1.65  -0.76  -0.15  +0.33  +0.72  +0.52   x V295:   +inf   1.54   0.78   0.62   0.33   0.00   0.00   0.00
    G-A22          -2.46  -2.05  -1.19  -0.44  +0.03  +0.37  +0.59  +0.30   x V295:   +inf   1.27   0.56   0.36  -0.06   0.00   0.00   0.00
    G-A22d         -2.45  -2.05  -1.19  -0.44  +0.03  +0.37  +0.59  +0.30   x V295:   +inf   1.27   0.56   0.36  -0.06   0.00   0.00   0.00
--- s=1.155 d=2ms lag=0.0 ages 0-9
    V294           +1.18  +0.63  +0.11  -0.16  -0.25  -0.31  -0.34  -0.33
    V295           +2.19  +1.17  +0.20  -0.29  -0.47  -0.57  -0.63  -0.62
    rev2A-P2       -0.72  -0.53  -0.43  -0.38  -0.36  -0.34  -0.32  -0.29   x V295:   +inf   +inf   +inf   1.31   0.77   0.60   0.51   0.47
    rev2A-F2       -0.90  -0.80  -0.75  -0.71  -0.68  -0.64  -0.58  -0.48   x V295:   +inf   +inf   +inf   2.44   1.46   1.13   0.92   0.77
    G-P48          -0.28  -0.29  -0.35  -0.39  -0.40  -0.40  -0.40  -0.39   x V295:   +inf   +inf   +inf   1.33   0.85   0.71   0.63   0.63
    G-P48d         -0.27  -0.28  -0.34  -0.38  -0.40  -0.40  -0.40  -0.39   x V295:   +inf   +inf   +inf   1.31   0.85   0.71   0.63   0.62
    G-P44          -0.35  -0.32  -0.35  -0.37  -0.38  -0.38  -0.38  -0.36   x V295:   +inf   +inf   +inf   1.28   0.81   0.67   0.59   0.58
    G-F24          -0.61  -0.66  -0.74  -0.76  -0.74  -0.72  -0.67  -0.56   x V295:   +inf   +inf   +inf   2.59   1.60   1.27   1.05   0.90
    G-F24d         -0.61  -0.66  -0.74  -0.76  -0.74  -0.72  -0.67  -0.56   x V295:   +inf   +inf   +inf   2.59   1.60   1.27   1.05   0.90
    G-A22          -0.86  -0.87  -0.89  -0.86  -0.82  -0.77  -0.68  -0.51   x V295:   +inf   +inf   +inf   2.97   1.77   1.36   1.07   0.82
    G-A22d         -0.85  -0.86  -0.89  -0.86  -0.82  -0.77  -0.68  -0.51   x V295:   +inf   +inf   +inf   2.96   1.77   1.36   1.07   0.82
--- s=1.155 d=2ms lag=0.0 ages 1-10
    V294           +1.15  +0.58  +0.04  -0.22  -0.31  -0.36  -0.38  -0.36
    V295           +2.13  +1.08  +0.08  -0.41  -0.57  -0.67  -0.71  -0.66
    rev2A-P2       -0.75  -0.55  -0.43  -0.37  -0.35  -0.33  -0.31  -0.28   x V295:   +inf   +inf   +inf   0.91   0.61   0.49   0.43   0.42
    rev2A-F2       -0.98  -0.88  -0.83  -0.77  -0.73  -0.69  -0.61  -0.49   x V295:   +inf   +inf   +inf   1.90   1.28   1.03   0.86   0.74
    G-P48          -0.31  -0.30  -0.35  -0.38  -0.39  -0.39  -0.39  -0.37   x V295:   +inf   +inf   +inf   0.93   0.67   0.59   0.54   0.56
    G-P48d         -0.29  -0.29  -0.34  -0.37  -0.38  -0.39  -0.39  -0.37   x V295:   +inf   +inf   +inf   0.92   0.67   0.58   0.54   0.56
    G-P44          -0.38  -0.33  -0.35  -0.36  -0.37  -0.37  -0.36  -0.34   x V295:   +inf   +inf   +inf   0.89   0.64   0.55   0.51   0.52
    G-F24          -0.70  -0.76  -0.83  -0.83  -0.81  -0.78  -0.71  -0.57   x V295:   +inf   +inf   +inf   2.05   1.41   1.17   0.99   0.86
    G-F24d         -0.70  -0.76  -0.83  -0.83  -0.81  -0.78  -0.71  -0.57   x V295:   +inf   +inf   +inf   2.05   1.41   1.17   0.99   0.86
    G-A22          -0.94  -0.95  -0.96  -0.92  -0.87  -0.80  -0.69  -0.49   x V295:   +inf   +inf   +inf   2.26   1.51   1.21   0.97   0.74
    G-A22d         -0.93  -0.94  -0.96  -0.92  -0.87  -0.80  -0.69  -0.49   x V295:   +inf   +inf   +inf   2.26   1.51   1.21   0.97   0.74
--- s=1.155 d=2ms lag=0.0 ages 11-20
    V294           +0.79  +0.04  -0.55  -0.70  -0.67  -0.59  -0.42  -0.12
    V295           +1.47  +0.07  -1.01  -1.30  -1.25  -1.09  -0.77  -0.22
    rev2A-P2       -0.92  -0.53  -0.26  -0.16  -0.12  -0.13  -0.17  -0.20   x V295:   +inf   +inf   0.26   0.12   0.10   0.12   0.22   0.95
    rev2A-F2       -1.73  -1.56  -1.33  -1.06  -0.87  -0.69  -0.45  -0.08   x V295:   +inf   +inf   1.32   0.82   0.70   0.63   0.58   0.38
    G-P48          -0.49  -0.28  -0.18  -0.16  -0.16  -0.18  -0.25  -0.30   x V295:   +inf   +inf   0.18   0.12   0.13   0.17   0.32   1.40
    G-P48d         -0.47  -0.27  -0.18  -0.15  -0.16  -0.18  -0.25  -0.30   x V295:   +inf   +inf   0.17   0.12   0.13   0.17   0.32   1.40
    G-P44          -0.55  -0.32  -0.19  -0.15  -0.15  -0.17  -0.23  -0.27   x V295:   +inf   +inf   0.19   0.12   0.12   0.15   0.29   1.28
    G-F24          -1.55  -1.57  -1.48  -1.24  -1.03  -0.83  -0.54  -0.11   x V295:   +inf   +inf   1.46   0.95   0.83   0.76   0.70   0.50
    G-F24d         -1.55  -1.57  -1.48  -1.24  -1.03  -0.83  -0.54  -0.11   x V295:   +inf   +inf   1.46   0.95   0.83   0.76   0.71   0.50
    G-A22          -1.69  -1.63  -1.43  -1.11  -0.86  -0.62  -0.31  +0.10   x V295:   +inf   +inf   1.42   0.85   0.69   0.57   0.40  -0.48
    G-A22d         -1.68  -1.63  -1.43  -1.11  -0.86  -0.62  -0.31  +0.10   x V295:   +inf   +inf   1.41   0.85   0.69   0.57   0.40  -0.48
--- s=1.155 d=2ms lag=0.0 ages 21-30
    V294           +0.35  -0.51  -0.93  -0.74  -0.48  -0.21  +0.13  +0.36
    V295           +0.66  -0.95  -1.72  -1.37  -0.89  -0.39  +0.24  +0.66
    rev2A-P2       -0.88  -0.28  +0.09  +0.05  -0.02  -0.08  -0.15  -0.21   x V295:   +inf   0.30  -0.05  -0.04   0.02   0.20   +inf   +inf
    rev2A-F2       -2.30  -1.94  -1.33  -0.79  -0.44  -0.12  +0.25  +0.45   x V295:   +inf   2.05   0.78   0.58   0.50   0.30   0.00   0.00
    G-P48          -0.45  -0.03  +0.18  +0.05  -0.06  -0.14  -0.23  -0.31   x V295:   +inf   0.03  -0.11  -0.04   0.07   0.36   +inf   +inf
    G-P48d         -0.43  -0.02  +0.18  +0.05  -0.06  -0.14  -0.23  -0.31   x V295:   +inf   0.02  -0.11  -0.04   0.07   0.36   +inf   +inf
    G-P44          -0.51  -0.07  +0.16  +0.05  -0.05  -0.13  -0.21  -0.28   x V295:   +inf   0.08  -0.09  -0.03   0.06   0.33   +inf   +inf
    G-F24          -2.25  -2.09  -1.57  -0.97  -0.55  -0.16  +0.29  +0.53   x V295:   +inf   2.22   0.91   0.71   0.62   0.42   0.00   0.00
    G-F24d         -2.25  -2.09  -1.57  -0.97  -0.56  -0.16  +0.28  +0.53   x V295:   +inf   2.22   0.91   0.71   0.62   0.42   0.00   0.00
    G-A22          -2.28  -2.01  -1.36  -0.70  -0.29  +0.07  +0.42  +0.45   x V295:   +inf   2.12   0.79   0.51   0.32  -0.18   0.00   0.00
    G-A22d         -2.27  -2.00  -1.36  -0.70  -0.29  +0.07  +0.42  +0.45   x V295:   +inf   2.12   0.79   0.51   0.33  -0.18   0.00   0.00
--- s=1.155 d=2ms lag=0.5 ages 0-9
    V294           +1.17  +0.61  +0.08  -0.19  -0.28  -0.33  -0.36  -0.34
    V295           +2.16  +1.12  +0.14  -0.35  -0.52  -0.62  -0.67  -0.64
    rev2A-P2       -0.75  -0.57  -0.47  -0.42  -0.40  -0.38  -0.36  -0.32   x V295:   +inf   +inf   +inf   1.20   0.77   0.62   0.53   0.51
    rev2A-F2       -0.93  -0.84  -0.79  -0.75  -0.71  -0.67  -0.61  -0.49   x V295:   +inf   +inf   +inf   2.14   1.37   1.09   0.90   0.76
    G-P48          -0.32  -0.34  -0.40  -0.44  -0.45  -0.46  -0.46  -0.43   x V295:   +inf   +inf   +inf   1.27   0.87   0.74   0.68   0.68
    G-P48d         -0.30  -0.33  -0.40  -0.44  -0.45  -0.46  -0.45  -0.43   x V295:   +inf   +inf   +inf   1.26   0.87   0.74   0.67   0.68
    G-P44          -0.38  -0.37  -0.40  -0.42  -0.43  -0.43  -0.42  -0.40   x V295:   +inf   +inf   +inf   1.22   0.83   0.70   0.63   0.63
    G-F24          -0.64  -0.70  -0.78  -0.80  -0.78  -0.75  -0.69  -0.57   x V295:   +inf   +inf   +inf   2.29   1.51   1.22   1.03   0.89
    G-F24d         -0.64  -0.70  -0.78  -0.80  -0.78  -0.75  -0.69  -0.57   x V295:   +inf   +inf   +inf   2.29   1.51   1.22   1.03   0.89
    G-A22          -0.86  -0.87  -0.89  -0.86  -0.82  -0.77  -0.68  -0.51   x V295:   +inf   +inf   +inf   2.48   1.58   1.25   1.01   0.80
    G-A22d         -0.85  -0.86  -0.89  -0.86  -0.82  -0.77  -0.68  -0.51   x V295:   +inf   +inf   +inf   2.47   1.58   1.25   1.01   0.80
--- s=1.155 d=2ms lag=0.5 ages 1-10
    V294           +1.14  +0.56  +0.01  -0.25  -0.34  -0.38  -0.40  -0.36
    V295           +2.10  +1.03  +0.02  -0.46  -0.63  -0.71  -0.75  -0.67
    rev2A-P2       -0.78  -0.58  -0.46  -0.41  -0.39  -0.37  -0.34  -0.31   x V295:   +inf   +inf   +inf   0.89   0.62   0.52   0.46   0.46
    rev2A-F2       -1.01  -0.92  -0.86  -0.81  -0.76  -0.71  -0.63  -0.49   x V295:   +inf   +inf   +inf   1.74   1.22   1.00   0.85   0.73
    G-P48          -0.35  -0.35  -0.40  -0.43  -0.44  -0.45  -0.44  -0.42   x V295:   +inf   +inf   +inf   0.94   0.71   0.63   0.59   0.62
    G-P48d         -0.33  -0.34  -0.40  -0.43  -0.44  -0.44  -0.44  -0.42   x V295:   +inf   +inf   +inf   0.93   0.70   0.62   0.59   0.62
    G-P44          -0.41  -0.38  -0.40  -0.42  -0.42  -0.42  -0.41  -0.39   x V295:   +inf   +inf   +inf   0.90   0.67   0.59   0.55   0.57
    G-F24          -0.73  -0.80  -0.87  -0.87  -0.85  -0.81  -0.73  -0.58   x V295:   +inf   +inf   +inf   1.89   1.36   1.14   0.98   0.86
    G-F24d         -0.73  -0.80  -0.87  -0.87  -0.85  -0.81  -0.73  -0.58   x V295:   +inf   +inf   +inf   1.89   1.36   1.14   0.98   0.86
    G-A22          -0.94  -0.95  -0.96  -0.92  -0.87  -0.80  -0.69  -0.49   x V295:   +inf   +inf   +inf   1.99   1.39   1.13   0.93   0.73
    G-A22d         -0.93  -0.94  -0.96  -0.92  -0.87  -0.80  -0.69  -0.49   x V295:   +inf   +inf   +inf   1.99   1.39   1.13   0.93   0.73
--- s=1.155 d=2ms lag=0.5 ages 11-20
    V294           +0.77  +0.01  -0.57  -0.71  -0.68  -0.58  -0.40  -0.09
    V295           +1.43  +0.02  -1.06  -1.32  -1.25  -1.08  -0.74  -0.16
    rev2A-P2       -0.95  -0.56  -0.30  -0.20  -0.16  -0.17  -0.21  -0.24   x V295:   +inf   +inf   0.28   0.15   0.13   0.15   0.28   1.46
    rev2A-F2       -1.76  -1.59  -1.36  -1.08  -0.87  -0.68  -0.42  -0.05   x V295:   +inf   +inf   1.28   0.81   0.69   0.63   0.57   0.28
    G-P48          -0.52  -0.33  -0.23  -0.21  -0.21  -0.24  -0.30  -0.35   x V295:   +inf   +inf   0.22   0.16   0.17   0.22   0.41   2.14
    G-P48d         -0.50  -0.32  -0.23  -0.21  -0.21  -0.24  -0.30  -0.35   x V295:   +inf   +inf   0.22   0.16   0.17   0.22   0.41   2.14
    G-P44          -0.58  -0.36  -0.24  -0.20  -0.20  -0.22  -0.27  -0.32   x V295:   +inf   +inf   0.22   0.15   0.16   0.20   0.37   1.96
    G-F24          -1.59  -1.62  -1.51  -1.25  -1.03  -0.81  -0.51  -0.07   x V295:   +inf   +inf   1.43   0.95   0.82   0.75   0.70   0.40
    G-F24d         -1.59  -1.62  -1.51  -1.25  -1.03  -0.81  -0.51  -0.07   x V295:   +inf   +inf   1.43   0.95   0.82   0.75   0.70   0.40
    G-A22          -1.69  -1.63  -1.43  -1.11  -0.86  -0.62  -0.31  +0.10   x V295:   +inf   +inf   1.35   0.84   0.68   0.57   0.42  -0.64
    G-A22d         -1.68  -1.63  -1.43  -1.11  -0.86  -0.62  -0.31  +0.10   x V295:   +inf   +inf   1.35   0.84   0.68   0.57   0.42  -0.64
--- s=1.155 d=2ms lag=0.5 ages 21-30
    V294           +0.33  -0.54  -0.94  -0.73  -0.46  -0.18  +0.16  +0.36
    V295           +0.61  -0.99  -1.74  -1.35  -0.85  -0.33  +0.29  +0.67
    rev2A-P2       -0.91  -0.31  +0.05  +0.01  -0.06  -0.12  -0.18  -0.25   x V295:   +inf   0.31  -0.03  -0.01   0.07   0.36   +inf   +inf
    rev2A-F2       -2.33  -1.97  -1.34  -0.77  -0.41  -0.08  +0.29  +0.46   x V295:   +inf   1.98   0.77   0.58   0.49   0.23   0.00   0.00
    G-P48          -0.49  -0.08  +0.13  -0.01  -0.12  -0.20  -0.28  -0.36   x V295:   +inf   0.08  -0.07   0.01   0.14   0.59   +inf   +inf
    G-P48d         -0.47  -0.07  +0.13  -0.01  -0.12  -0.20  -0.28  -0.36   x V295:   +inf   0.07  -0.07   0.01   0.14   0.59   +inf   +inf
    G-P44          -0.54  -0.11  +0.11  -0.01  -0.10  -0.18  -0.26  -0.33   x V295:   +inf   0.11  -0.06   0.00   0.12   0.54   +inf   +inf
    G-F24          -2.29  -2.13  -1.57  -0.95  -0.52  -0.12  +0.33  +0.54   x V295:   +inf   2.14   0.90   0.70   0.61   0.35   0.00   0.00
    G-F24d         -2.29  -2.13  -1.57  -0.95  -0.52  -0.12  +0.33  +0.54   x V295:   +inf   2.14   0.90   0.70   0.61   0.36   0.00   0.00
    G-A22          -2.28  -2.01  -1.36  -0.70  -0.29  +0.07  +0.42  +0.45   x V295:   +inf   2.02   0.78   0.52   0.34  -0.21   0.00   0.00
    G-A22d         -2.27  -2.00  -1.36  -0.70  -0.29  +0.07  +0.42  +0.45   x V295:   +inf   2.02   0.78   0.52   0.34  -0.21   0.00   0.00
--- s=1.155 d=2ms lag=1.0 ages 0-9
    V294           +1.15  +0.58  +0.04  -0.22  -0.31  -0.36  -0.38  -0.36
    V295           +2.13  +1.08  +0.08  -0.41  -0.57  -0.67  -0.71  -0.66
    rev2A-P2       -0.77  -0.60  -0.51  -0.46  -0.44  -0.42  -0.40  -0.36   x V295:   +inf   +inf   +inf   1.13   0.76   0.63   0.56   0.54
    rev2A-F2       -0.96  -0.87  -0.83  -0.78  -0.74  -0.70  -0.63  -0.50   x V295:   +inf   +inf   +inf   1.92   1.30   1.05   0.88   0.76
    G-P48          -0.35  -0.38  -0.46  -0.50  -0.51  -0.51  -0.51  -0.48   x V295:   +inf   +inf   +inf   1.23   0.89   0.77   0.71   0.73
    G-P48d         -0.34  -0.37  -0.45  -0.50  -0.51  -0.51  -0.51  -0.48   x V295:   +inf   +inf   +inf   1.22   0.89   0.77   0.71   0.73
    G-P44          -0.42  -0.41  -0.45  -0.48  -0.48  -0.48  -0.47  -0.44   x V295:   +inf   +inf   +inf   1.17   0.84   0.72   0.66   0.67
    G-F24          -0.67  -0.75  -0.83  -0.84  -0.82  -0.79  -0.72  -0.58   x V295:   +inf   +inf   +inf   2.07   1.43   1.18   1.01   0.88
    G-F24d         -0.67  -0.75  -0.83  -0.84  -0.82  -0.79  -0.72  -0.58   x V295:   +inf   +inf   +inf   2.07   1.43   1.18   1.01   0.88
    G-A22          -0.86  -0.87  -0.89  -0.86  -0.82  -0.77  -0.68  -0.51   x V295:   +inf   +inf   +inf   2.13   1.44   1.16   0.95   0.77
    G-A22d         -0.85  -0.86  -0.89  -0.86  -0.82  -0.77  -0.68  -0.51   x V295:   +inf   +inf   +inf   2.12   1.43   1.16   0.95   0.77
--- s=1.155 d=2ms lag=1.0 ages 1-10
    V294           +1.12  +0.53  -0.02  -0.28  -0.37  -0.41  -0.42  -0.37
    V295           +2.08  +0.98  -0.03  -0.52  -0.68  -0.76  -0.78  -0.69
    rev2A-P2       -0.80  -0.61  -0.50  -0.45  -0.43  -0.41  -0.38  -0.34   x V295:   +inf   +inf  14.94   0.87   0.63   0.54   0.49   0.50
    rev2A-F2       -1.04  -0.95  -0.90  -0.84  -0.79  -0.74  -0.65  -0.50   x V295:   +inf   +inf  26.78   1.62   1.17   0.98   0.84   0.72
    G-P48          -0.38  -0.39  -0.46  -0.49  -0.50  -0.50  -0.49  -0.47   x V295:   +inf   +inf  13.56   0.94   0.74   0.66   0.63   0.68
    G-P48d         -0.37  -0.38  -0.45  -0.49  -0.50  -0.50  -0.49  -0.47   x V295:   +inf   +inf  13.38   0.94   0.73   0.66   0.63   0.68
    G-P44          -0.44  -0.42  -0.45  -0.47  -0.47  -0.47  -0.46  -0.43   x V295:   +inf   +inf  13.36   0.90   0.69   0.62   0.59   0.63
    G-F24          -0.76  -0.84  -0.92  -0.92  -0.89  -0.84  -0.75  -0.58   x V295:   +inf   +inf  27.28   1.76   1.31   1.11   0.96   0.85
    G-F24d         -0.76  -0.84  -0.92  -0.92  -0.89  -0.84  -0.75  -0.58   x V295:   +inf   +inf  27.28   1.76   1.31   1.11   0.96   0.85
    G-A22          -0.94  -0.95  -0.96  -0.92  -0.87  -0.80  -0.69  -0.49   x V295:   +inf   +inf  28.65   1.77   1.28   1.06   0.89   0.71
    G-A22d         -0.93  -0.94  -0.96  -0.92  -0.87  -0.80  -0.69  -0.49   x V295:   +inf   +inf  28.57   1.77   1.28   1.06   0.89   0.71
--- s=1.155 d=2ms lag=1.0 ages 11-20
    V294           +0.75  -0.02  -0.60  -0.73  -0.68  -0.58  -0.38  -0.06
    V295           +1.39  -0.03  -1.11  -1.35  -1.26  -1.07  -0.70  -0.11
    rev2A-P2       -0.97  -0.59  -0.34  -0.24  -0.20  -0.21  -0.24  -0.27   x V295:   +inf  18.68   0.31   0.17   0.16   0.19   0.35   2.48
    rev2A-F2       -1.79  -1.63  -1.39  -1.09  -0.87  -0.66  -0.40  -0.01   x V295:   +inf  51.35   1.25   0.81   0.69   0.62   0.56   0.10
    G-P48          -0.56  -0.37  -0.29  -0.27  -0.27  -0.29  -0.35  -0.40   x V295:   +inf  11.83   0.26   0.20   0.21   0.28   0.50   3.61
    G-P48d         -0.54  -0.36  -0.28  -0.27  -0.27  -0.29  -0.35  -0.39   x V295:   +inf  11.47   0.26   0.20   0.21   0.27   0.50   3.61
    G-P44          -0.61  -0.40  -0.29  -0.25  -0.25  -0.27  -0.32  -0.36   x V295:   +inf  12.62   0.26   0.19   0.20   0.25   0.46   3.30
    G-F24          -1.62  -1.66  -1.54  -1.26  -1.03  -0.80  -0.48  -0.02   x V295:   +inf  52.23   1.39   0.94   0.82   0.75   0.69   0.21
    G-F24d         -1.62  -1.66  -1.54  -1.26  -1.03  -0.80  -0.48  -0.02   x V295:   +inf  52.23   1.39   0.94   0.82   0.75   0.69   0.22
    G-A22          -1.69  -1.63  -1.43  -1.11  -0.86  -0.62  -0.31  +0.10   x V295:   +inf  51.54   1.30   0.82   0.68   0.58   0.44  -0.95
    G-A22d         -1.68  -1.63  -1.43  -1.11  -0.86  -0.62  -0.31  +0.10   x V295:   +inf  51.38   1.29   0.82   0.68   0.58   0.44  -0.95
--- s=1.155 d=2ms lag=1.0 ages 21-30
    V294           +0.31  -0.56  -0.95  -0.71  -0.43  -0.15  +0.19  +0.37
    V295           +0.57  -1.04  -1.76  -1.32  -0.80  -0.28  +0.35  +0.69
    rev2A-P2       -0.93  -0.35  +0.01  -0.03  -0.10  -0.16  -0.22  -0.28   x V295:   +inf   0.33  -0.01   0.02   0.13   0.57   +inf   +inf
    rev2A-F2       -2.37  -2.00  -1.34  -0.75  -0.38  -0.04  +0.32  +0.46   x V295:   +inf   1.92   0.76   0.57   0.47   0.15   0.00   0.00
    G-P48          -0.52  -0.12  +0.07  -0.06  -0.17  -0.25  -0.33  -0.40   x V295:   +inf   0.12  -0.04   0.05   0.22   0.92   +inf   +inf
    G-P48d         -0.50  -0.11  +0.07  -0.06  -0.17  -0.25  -0.33  -0.40   x V295:   +inf   0.11  -0.04   0.05   0.21   0.91   +inf   +inf
    G-P44          -0.57  -0.16  +0.06  -0.06  -0.16  -0.23  -0.30  -0.37   x V295:   +inf   0.15  -0.03   0.04   0.19   0.83   +inf   +inf
    G-F24          -2.32  -2.16  -1.58  -0.92  -0.48  -0.07  +0.37  +0.55   x V295:   +inf   2.07   0.90   0.70   0.60   0.26   0.00   0.00
    G-F24d         -2.32  -2.16  -1.58  -0.92  -0.48  -0.07  +0.37  +0.55   x V295:   +inf   2.07   0.90   0.70   0.60   0.26   0.00   0.00
    G-A22          -2.28  -2.01  -1.36  -0.70  -0.29  +0.07  +0.42  +0.45   x V295:   +inf   1.93   0.77   0.53   0.36  -0.25   0.00   0.00
    G-A22d         -2.27  -2.00  -1.36  -0.70  -0.29  +0.07  +0.42  +0.45   x V295:   +inf   1.93   0.77   0.53   0.36  -0.25   0.00   0.00
--- s=1.155 d=6ms lag=0.0 ages 0-9
    V294           +1.05  +0.43  -0.14  -0.40  -0.47  -0.49  -0.47  -0.37
    V295           +1.95  +0.79  -0.26  -0.73  -0.87  -0.91  -0.88  -0.69
    rev2A-P2       -1.03  -0.83  -0.71  -0.64  -0.61  -0.57  -0.53  -0.45   x V295:   +inf   +inf   2.70   0.88   0.70   0.63   0.60   0.65
    rev2A-F2       -1.22  -1.11  -1.02  -0.93  -0.86  -0.78  -0.65  -0.44   x V295:   +inf   +inf   3.88   1.27   0.99   0.85   0.74   0.64
    G-P48          -0.68  -0.70  -0.76  -0.78  -0.77  -0.75  -0.72  -0.63   x V295:   +inf   +inf   2.88   1.06   0.89   0.83   0.82   0.92
    G-P48d         -0.66  -0.69  -0.75  -0.77  -0.77  -0.75  -0.72  -0.63   x V295:   +inf   +inf   2.86   1.06   0.89   0.83   0.82   0.92
    G-P44          -0.72  -0.70  -0.73  -0.73  -0.72  -0.70  -0.66  -0.58   x V295:   +inf   +inf   2.75   0.99   0.83   0.77   0.75   0.84
    G-F24          -0.96  -1.02  -1.07  -1.03  -0.97  -0.89  -0.76  -0.53   x V295:   +inf   +inf   4.06   1.40   1.12   0.98   0.87   0.77
    G-F24d         -0.96  -1.02  -1.07  -1.03  -0.97  -0.89  -0.76  -0.53   x V295:   +inf   +inf   4.06   1.40   1.12   0.98   0.87   0.77
    G-A22          -1.18  -1.18  -1.15  -1.05  -0.95  -0.84  -0.66  -0.36   x V295:   +inf   +inf   4.38   1.43   1.10   0.92   0.75   0.52
    G-A22d         -1.17  -1.18  -1.15  -1.05  -0.95  -0.84  -0.66  -0.36   x V295:   +inf   +inf   4.37   1.43   1.10   0.92   0.75   0.52
--- s=1.155 d=6ms lag=0.0 ages 1-10
    V294           +1.02  +0.37  -0.20  -0.45  -0.51  -0.52  -0.49  -0.36
    V295           +1.89  +0.69  -0.38  -0.83  -0.95  -0.97  -0.90  -0.66
    rev2A-P2       -1.05  -0.83  -0.70  -0.62  -0.59  -0.55  -0.51  -0.44   x V295:   +inf   +inf   1.85   0.75   0.62   0.57   0.56   0.67
    rev2A-F2       -1.30  -1.18  -1.08  -0.97  -0.88  -0.79  -0.64  -0.41   x V295:   +inf   +inf   2.87   1.16   0.93   0.81   0.71   0.62
    G-P48          -0.70  -0.70  -0.75  -0.76  -0.75  -0.73  -0.69  -0.63   x V295:   +inf   +inf   1.98   0.91   0.79   0.75   0.77   0.95
    G-P48d         -0.68  -0.69  -0.74  -0.75  -0.75  -0.73  -0.69  -0.63   x V295:   +inf   +inf   1.96   0.91   0.79   0.75   0.77   0.95
    G-P44          -0.74  -0.70  -0.71  -0.71  -0.70  -0.68  -0.64  -0.57   x V295:   +inf   +inf   1.89   0.85   0.73   0.70   0.71   0.87
    G-F24          -1.05  -1.11  -1.14  -1.08  -1.01  -0.91  -0.76  -0.50   x V295:   +inf   +inf   3.03   1.30   1.06   0.94   0.84   0.75
    G-F24d         -1.05  -1.11  -1.14  -1.08  -1.01  -0.91  -0.76  -0.50   x V295:   +inf   +inf   3.03   1.30   1.06   0.94   0.84   0.75
    G-A22          -1.26  -1.25  -1.21  -1.08  -0.97  -0.83  -0.63  -0.31   x V295:   +inf   +inf   3.21   1.30   1.02   0.86   0.69   0.46
    G-A22d         -1.25  -1.25  -1.21  -1.08  -0.96  -0.83  -0.63  -0.31   x V295:   +inf   +inf   3.20   1.30   1.02   0.86   0.69   0.46
--- s=1.155 d=6ms lag=0.0 ages 11-20
    V294           +0.62  -0.19  -0.74  -0.78  -0.66  -0.50  -0.24  +0.12
    V295           +1.16  -0.34  -1.36  -1.44  -1.23  -0.93  -0.44  +0.21
    rev2A-P2       -1.14  -0.72  -0.45  -0.34  -0.37  -0.40  -0.42  -0.42   x V295:   +inf   2.10   0.33   0.24   0.30   0.43   0.97   +inf
    rev2A-F2       -1.98  -1.75  -1.40  -0.99  -0.75  -0.52  -0.19  +0.20   x V295:   +inf   5.10   1.03   0.69   0.61   0.56   0.44   0.00
    G-P48          -0.79  -0.58  -0.49  -0.47  -0.53  -0.58  -0.62  -0.61   x V295:   +inf   1.70   0.36   0.33   0.43   0.62   1.41   +inf
    G-P48d         -0.77  -0.57  -0.48  -0.47  -0.53  -0.58  -0.62  -0.61   x V295:   +inf   1.67   0.36   0.33   0.43   0.62   1.41   +inf
    G-P44          -0.82  -0.59  -0.46  -0.43  -0.48  -0.53  -0.56  -0.55   x V295:   +inf   1.71   0.34   0.30   0.39   0.57   1.29   +inf
    G-F24          -1.85  -1.83  -1.59  -1.18  -0.91  -0.64  -0.25  +0.23   x V295:   +inf   5.31   1.17   0.82   0.74   0.69   0.57   0.00
    G-F24d         -1.85  -1.83  -1.59  -1.18  -0.91  -0.64  -0.25  +0.23   x V295:   +inf   5.31   1.17   0.82   0.74   0.69   0.57   0.00
    G-A22          -1.95  -1.83  -1.47  -0.98  -0.68  -0.39  -0.01  +0.35   x V295:   +inf   5.31   1.08   0.68   0.55   0.42   0.02   0.00
    G-A22d         -1.94  -1.82  -1.47  -0.98  -0.68  -0.39  -0.01  +0.35   x V295:   +inf   5.30   1.08   0.68   0.55   0.42   0.02   0.00
--- s=1.155 d=6ms lag=0.0 ages 21-30
    V294           +0.17  -0.71  -0.99  -0.61  -0.27  +0.04  +0.34  +0.36
    V295           +0.31  -1.31  -1.83  -1.14  -0.50  +0.08  +0.63  +0.66
    rev2A-P2       -1.02  -0.39  -0.07  -0.24  -0.31  -0.37  -0.42  -0.46   x V295:   +inf   0.30   0.04   0.21   0.63   +inf   +inf   +inf
    rev2A-F2       -2.47  -1.99  -1.20  -0.58  -0.15  +0.19  +0.49  +0.40   x V295:   +inf   1.52   0.66   0.51   0.30   0.00   0.00   0.00
    G-P48          -0.67  -0.25  -0.10  -0.37  -0.48  -0.56  -0.62  -0.64   x V295:   +inf   0.19   0.06   0.33   0.96   +inf   +inf   +inf
    G-P48d         -0.65  -0.24  -0.10  -0.37  -0.48  -0.55  -0.62  -0.64   x V295:   +inf   0.18   0.06   0.33   0.96   +inf   +inf   +inf
    G-P44          -0.70  -0.27  -0.09  -0.34  -0.44  -0.51  -0.56  -0.59   x V295:   +inf   0.20   0.05   0.30   0.88   +inf   +inf   +inf
    G-F24          -2.47  -2.19  -1.44  -0.72  -0.21  +0.21  +0.57  +0.48   x V295:   +inf   1.67   0.79   0.63   0.42   0.00   0.00   0.00
    G-F24d         -2.47  -2.19  -1.44  -0.72  -0.21  +0.21  +0.57  +0.48   x V295:   +inf   1.67   0.79   0.63   0.42   0.00   0.00   0.00
    G-A22          -2.46  -2.05  -1.19  -0.44  +0.03  +0.37  +0.59  +0.30   x V295:   +inf   1.56   0.65   0.39  -0.06   0.00   0.00   0.00
    G-A22d         -2.45  -2.05  -1.19  -0.44  +0.03  +0.37  +0.59  +0.30   x V295:   +inf   1.56   0.65   0.39  -0.05   0.00   0.00   0.00
--- s=1.155 d=6ms lag=0.5 ages 0-9
    V294           +1.04  +0.40  -0.17  -0.42  -0.49  -0.51  -0.48  -0.36
    V295           +1.92  +0.74  -0.32  -0.78  -0.91  -0.94  -0.89  -0.67
    rev2A-P2       -1.06  -0.87  -0.75  -0.68  -0.64  -0.61  -0.55  -0.46   x V295:   +inf   +inf   2.34   0.87   0.71   0.64   0.62   0.69
    rev2A-F2       -1.25  -1.15  -1.06  -0.96  -0.88  -0.79  -0.65  -0.43   x V295:   +inf   +inf   3.31   1.22   0.97   0.84   0.74   0.64
    G-P48          -0.72  -0.75  -0.81  -0.83  -0.82  -0.80  -0.75  -0.65   x V295:   +inf   +inf   2.54   1.06   0.90   0.85   0.85   0.97
    G-P48d         -0.70  -0.74  -0.81  -0.83  -0.82  -0.80  -0.75  -0.65   x V295:   +inf   +inf   2.52   1.06   0.90   0.85   0.84   0.97
    G-P44          -0.75  -0.74  -0.78  -0.78  -0.76  -0.74  -0.69  -0.60   x V295:   +inf   +inf   2.42   0.99   0.84   0.79   0.78   0.89
    G-F24          -1.00  -1.07  -1.11  -1.07  -1.00  -0.91  -0.77  -0.51   x V295:   +inf   +inf   3.48   1.36   1.10   0.97   0.86   0.76
    G-F24d         -1.00  -1.07  -1.11  -1.07  -1.00  -0.91  -0.77  -0.51   x V295:   +inf   +inf   3.48   1.36   1.10   0.97   0.86   0.76
    G-A22          -1.18  -1.18  -1.15  -1.05  -0.95  -0.84  -0.66  -0.36   x V295:   +inf   +inf   3.61   1.34   1.05   0.89   0.74   0.53
    G-A22d         -1.17  -1.18  -1.15  -1.05  -0.95  -0.84  -0.66  -0.36   x V295:   +inf   +inf   3.60   1.34   1.05   0.89   0.74   0.53
--- s=1.155 d=6ms lag=0.5 ages 1-10
    V294           +1.00  +0.35  -0.23  -0.48  -0.53  -0.54  -0.49  -0.35
    V295           +1.86  +0.64  -0.43  -0.88  -0.99  -1.00  -0.91  -0.64
    rev2A-P2       -1.08  -0.87  -0.74  -0.66  -0.62  -0.58  -0.53  -0.46   x V295:   +inf   +inf   1.70   0.75   0.63   0.59   0.58   0.71
    rev2A-F2       -1.33  -1.22  -1.12  -1.00  -0.90  -0.80  -0.64  -0.40   x V295:   +inf   +inf   2.58   1.13   0.91   0.80   0.70   0.62
    G-P48          -0.74  -0.75  -0.80  -0.81  -0.80  -0.78  -0.73  -0.65   x V295:   +inf   +inf   1.85   0.92   0.81   0.78   0.80   1.01
    G-P48d         -0.72  -0.74  -0.79  -0.81  -0.80  -0.78  -0.73  -0.65   x V295:   +inf   +inf   1.83   0.92   0.81   0.78   0.80   1.01
    G-P44          -0.77  -0.75  -0.76  -0.76  -0.74  -0.72  -0.67  -0.59   x V295:   +inf   +inf   1.76   0.86   0.75   0.72   0.74   0.93
    G-F24          -1.09  -1.15  -1.19  -1.11  -1.03  -0.93  -0.76  -0.48   x V295:   +inf   +inf   2.74   1.27   1.05   0.93   0.83   0.74
    G-F24d         -1.09  -1.15  -1.19  -1.11  -1.03  -0.93  -0.76  -0.48   x V295:   +inf   +inf   2.74   1.27   1.05   0.93   0.83   0.74
    G-A22          -1.26  -1.25  -1.21  -1.08  -0.97  -0.83  -0.63  -0.31   x V295:   +inf   +inf   2.79   1.23   0.98   0.84   0.69   0.48
    G-A22d         -1.25  -1.25  -1.21  -1.08  -0.96  -0.83  -0.63  -0.31   x V295:   +inf   +inf   2.79   1.23   0.98   0.84   0.69   0.48
--- s=1.155 d=6ms lag=0.5 ages 11-20
    V294           +0.60  -0.21  -0.76  -0.78  -0.66  -0.48  -0.21  +0.14
    V295           +1.11  -0.40  -1.40  -1.45  -1.22  -0.90  -0.38  +0.26
    rev2A-P2       -1.16  -0.76  -0.48  -0.38  -0.40  -0.43  -0.45  -0.43   x V295:   +inf   1.91   0.35   0.26   0.33   0.48   1.17   +inf
    rev2A-F2       -2.01  -1.79  -1.42  -0.99  -0.74  -0.50  -0.16  +0.23   x V295:   +inf   4.52   1.01   0.68   0.61   0.56   0.41   0.00
    G-P48          -0.83  -0.63  -0.54  -0.52  -0.58  -0.63  -0.65  -0.63   x V295:   +inf   1.60   0.39   0.36   0.47   0.70   1.70   +inf
    G-P48d         -0.81  -0.62  -0.54  -0.52  -0.58  -0.63  -0.65  -0.63   x V295:   +inf   1.58   0.38   0.36   0.47   0.70   1.70   +inf
    G-P44          -0.86  -0.63  -0.51  -0.48  -0.53  -0.57  -0.60  -0.57   x V295:   +inf   1.60   0.37   0.33   0.43   0.64   1.55   +inf
    G-F24          -1.89  -1.86  -1.61  -1.17  -0.89  -0.61  -0.20  +0.27   x V295:   +inf   4.71   1.15   0.81   0.74   0.68   0.53   0.00
    G-F24d         -1.89  -1.86  -1.61  -1.17  -0.89  -0.61  -0.20  +0.26   x V295:   +inf   4.71   1.15   0.81   0.74   0.68   0.53   0.00
    G-A22          -1.95  -1.83  -1.47  -0.98  -0.68  -0.39  -0.01  +0.35   x V295:   +inf   4.62   1.05   0.68   0.56   0.44   0.03   0.00
    G-A22d         -1.94  -1.82  -1.47  -0.98  -0.68  -0.39  -0.01  +0.35   x V295:   +inf   4.61   1.05   0.68   0.56   0.44   0.03   0.00
--- s=1.155 d=6ms lag=0.5 ages 21-30
    V294           +0.14  -0.73  -0.99  -0.59  -0.24  +0.07  +0.36  +0.35
    V295           +0.26  -1.36  -1.83  -1.10  -0.44  +0.13  +0.67  +0.64
    rev2A-P2       -1.04  -0.43  -0.11  -0.27  -0.35  -0.40  -0.45  -0.48   x V295:   +inf   0.32   0.06   0.25   0.79   +inf   +inf   +inf
    rev2A-F2       -2.50  -2.02  -1.20  -0.55  -0.11  +0.23  +0.51  +0.38   x V295:   +inf   1.49   0.65   0.50   0.25   0.00   0.00   0.00
    G-P48          -0.70  -0.30  -0.16  -0.42  -0.53  -0.60  -0.65  -0.67   x V295:   +inf   0.22   0.09   0.39   1.20   +inf   +inf   +inf
    G-P48d         -0.68  -0.29  -0.16  -0.42  -0.53  -0.60  -0.65  -0.67   x V295:   +inf   0.21   0.09   0.39   1.19   +inf   +inf   +inf
    G-P44          -0.74  -0.31  -0.14  -0.39  -0.48  -0.55  -0.60  -0.61   x V295:   +inf   0.23   0.08   0.35   1.09   +inf   +inf   +inf
    G-F24          -2.51  -2.22  -1.44  -0.68  -0.17  +0.25  +0.60  +0.47   x V295:   +inf   1.64   0.78   0.62   0.37   0.00   0.00   0.00
    G-F24d         -2.51  -2.22  -1.44  -0.69  -0.17  +0.25  +0.60  +0.47   x V295:   +inf   1.64   0.78   0.62   0.38   0.00   0.00   0.00
    G-A22          -2.46  -2.05  -1.19  -0.44  +0.03  +0.37  +0.59  +0.30   x V295:   +inf   1.51   0.65   0.40  -0.06   0.00   0.00   0.00
    G-A22d         -2.45  -2.05  -1.19  -0.44  +0.03  +0.37  +0.59  +0.30   x V295:   +inf   1.51   0.65   0.40  -0.06   0.00   0.00   0.00
--- s=1.155 d=6ms lag=1.0 ages 0-9
    V294           +1.02  +0.37  -0.20  -0.45  -0.51  -0.52  -0.49  -0.36
    V295           +1.89  +0.69  -0.38  -0.83  -0.95  -0.97  -0.90  -0.66
    rev2A-P2       -1.08  -0.90  -0.79  -0.72  -0.68  -0.64  -0.58  -0.48   x V295:   +inf   +inf   2.09   0.86   0.71   0.66   0.64   0.72
    rev2A-F2       -1.28  -1.18  -1.09  -0.99  -0.90  -0.81  -0.66  -0.42   x V295:   +inf   +inf   2.90   1.18   0.95   0.83   0.73   0.63
    G-P48          -0.75  -0.80  -0.87  -0.88  -0.87  -0.84  -0.79  -0.67   x V295:   +inf   +inf   2.30   1.06   0.92   0.87   0.87   1.02
    G-P48d         -0.73  -0.79  -0.86  -0.88  -0.87  -0.84  -0.79  -0.67   x V295:   +inf   +inf   2.29   1.06   0.92   0.87   0.87   1.02
    G-P44          -0.79  -0.79  -0.83  -0.83  -0.81  -0.78  -0.73  -0.62   x V295:   +inf   +inf   2.19   0.99   0.85   0.80   0.80   0.93
    G-F24          -1.03  -1.11  -1.16  -1.10  -1.03  -0.93  -0.78  -0.50   x V295:   +inf   +inf   3.06   1.32   1.08   0.96   0.86   0.76
    G-F24d         -1.03  -1.11  -1.16  -1.10  -1.03  -0.93  -0.78  -0.50   x V295:   +inf   +inf   3.06   1.32   1.08   0.96   0.86   0.76
    G-A22          -1.18  -1.18  -1.15  -1.05  -0.95  -0.84  -0.66  -0.36   x V295:   +inf   +inf   3.06   1.26   1.01   0.87   0.73   0.54
    G-A22d         -1.17  -1.18  -1.15  -1.05  -0.95  -0.84  -0.66  -0.36   x V295:   +inf   +inf   3.06   1.26   1.01   0.86   0.73   0.54
--- s=1.155 d=6ms lag=1.0 ages 1-10
    V294           +0.98  +0.32  -0.26  -0.50  -0.55  -0.55  -0.50  -0.33
    V295           +1.82  +0.59  -0.49  -0.93  -1.02  -1.02  -0.92  -0.62
    rev2A-P2       -1.10  -0.90  -0.77  -0.70  -0.66  -0.62  -0.56  -0.47   x V295:   +inf   +inf   1.58   0.75   0.64   0.60   0.61   0.76
    rev2A-F2       -1.35  -1.25  -1.15  -1.02  -0.92  -0.81  -0.64  -0.38   x V295:   +inf   +inf   2.35   1.10   0.90   0.79   0.70   0.61
    G-P48          -0.77  -0.80  -0.85  -0.86  -0.85  -0.82  -0.77  -0.67   x V295:   +inf   +inf   1.75   0.93   0.83   0.80   0.84   1.08
    G-P48d         -0.76  -0.79  -0.85  -0.86  -0.85  -0.82  -0.77  -0.67   x V295:   +inf   +inf   1.73   0.93   0.83   0.80   0.84   1.08
    G-P44          -0.81  -0.79  -0.81  -0.81  -0.79  -0.76  -0.71  -0.61   x V295:   +inf   +inf   1.66   0.87   0.77   0.74   0.77   0.99
    G-F24          -1.12  -1.19  -1.23  -1.15  -1.05  -0.94  -0.76  -0.46   x V295:   +inf   +inf   2.51   1.24   1.03   0.92   0.83   0.74
    G-F24d         -1.12  -1.19  -1.23  -1.15  -1.05  -0.94  -0.76  -0.46   x V295:   +inf   +inf   2.51   1.24   1.03   0.92   0.83   0.74
    G-A22          -1.26  -1.25  -1.21  -1.08  -0.97  -0.83  -0.63  -0.31   x V295:   +inf   +inf   2.47   1.17   0.94   0.82   0.68   0.49
    G-A22d         -1.25  -1.25  -1.21  -1.08  -0.96  -0.83  -0.63  -0.31   x V295:   +inf   +inf   2.47   1.16   0.94   0.82   0.68   0.49
--- s=1.155 d=6ms lag=1.0 ages 11-20
    V294           +0.58  -0.24  -0.78  -0.78  -0.65  -0.46  -0.18  +0.17
    V295           +1.07  -0.45  -1.44  -1.45  -1.20  -0.86  -0.33  +0.31
    rev2A-P2       -1.19  -0.79  -0.52  -0.42  -0.44  -0.46  -0.47  -0.45   x V295:   +inf   1.77   0.36   0.29   0.36   0.54   1.43   +inf
    rev2A-F2       -2.04  -1.82  -1.44  -0.98  -0.72  -0.47  -0.12  +0.26   x V295:   +inf   4.07   1.00   0.68   0.60   0.55   0.37   0.00
    G-P48          -0.86  -0.68  -0.60  -0.58  -0.63  -0.67  -0.69  -0.65   x V295:   +inf   1.53   0.42   0.40   0.52   0.78   2.08   +inf
    G-P48d         -0.84  -0.67  -0.59  -0.57  -0.63  -0.67  -0.69  -0.65   x V295:   +inf   1.50   0.41   0.40   0.52   0.78   2.08   +inf
    G-P44          -0.89  -0.68  -0.56  -0.53  -0.57  -0.61  -0.63  -0.59   x V295:   +inf   1.52   0.39   0.36   0.48   0.71   1.90   +inf
    G-F24          -1.93  -1.90  -1.63  -1.17  -0.88  -0.58  -0.16  +0.30   x V295:   +inf   4.25   1.14   0.81   0.73   0.67   0.49   0.00
    G-F24d         -1.93  -1.90  -1.63  -1.17  -0.88  -0.58  -0.16  +0.30   x V295:   +inf   4.25   1.14   0.81   0.73   0.67   0.49   0.00
    G-A22          -1.95  -1.83  -1.47  -0.98  -0.68  -0.39  -0.01  +0.35   x V295:   +inf   4.09   1.02   0.67   0.56   0.45   0.03   0.00
    G-A22d         -1.94  -1.82  -1.47  -0.98  -0.68  -0.39  -0.01  +0.35   x V295:   +inf   4.08   1.02   0.67   0.56   0.45   0.03   0.00
--- s=1.155 d=6ms lag=1.0 ages 21-30
    V294           +0.12  -0.75  -0.99  -0.57  -0.21  +0.10  +0.38  +0.33
    V295           +0.22  -1.40  -1.84  -1.06  -0.39  +0.19  +0.71  +0.62
    rev2A-P2       -1.07  -0.46  -0.15  -0.31  -0.38  -0.43  -0.48  -0.49   x V295:   +inf   0.33   0.08   0.29   0.99   +inf   +inf   +inf
    rev2A-F2       -2.53  -2.04  -1.19  -0.52  -0.07  +0.27  +0.53  +0.37   x V295:   +inf   1.46   0.65   0.49   0.19   0.00   0.00   0.00
    G-P48          -0.74  -0.35  -0.21  -0.48  -0.58  -0.65  -0.69  -0.69   x V295:   +inf   0.25   0.12   0.45   1.49   +inf   +inf   +inf
    G-P48d         -0.72  -0.34  -0.21  -0.48  -0.58  -0.64  -0.69  -0.69   x V295:   +inf   0.24   0.12   0.45   1.49   +inf   +inf   +inf
    G-P44          -0.77  -0.35  -0.19  -0.43  -0.53  -0.59  -0.63  -0.63   x V295:   +inf   0.25   0.11   0.41   1.36   +inf   +inf   +inf
    G-F24          -2.54  -2.25  -1.43  -0.65  -0.12  +0.30  +0.62  +0.45   x V295:   +inf   1.61   0.78   0.61   0.31   0.00   0.00   0.00
    G-F24d         -2.54  -2.25  -1.43  -0.65  -0.12  +0.30  +0.62  +0.45   x V295:   +inf   1.61   0.78   0.61   0.31   0.00   0.00   0.00
    G-A22          -2.46  -2.05  -1.19  -0.44  +0.03  +0.37  +0.59  +0.30   x V295:   +inf   1.47   0.65   0.42  -0.07   0.00   0.00   0.00
    G-A22d         -2.45  -2.05  -1.19  -0.44  +0.03  +0.37  +0.59  +0.30   x V295:   +inf   1.47   0.65   0.42  -0.07   0.00   0.00   0.00
