MEDIUM-SPEED HARD TURNS on r71b_v294: v 8-22 m/s, |D| >= 1.0 for >= 1 s, engaged -- 13 events
  PDT(BELIEF)  t_route  dur   v    |D|pk |ang|pk hold  lag   r16dps |dr/dt|p95 dcmd99 pressed i-share tap16
  20:11:21.6    75.6  4.0   9.2  1.38   44.6  0.72  0.00   6.30      456     24   0.00   0.40    5.8
  20:11:28.5    82.5  3.8  10.0  1.82   45.6  0.71  0.00  10.43      669     32   0.00   0.09   11.3
  20:12:20.1   134.1  6.7   9.5  3.02   96.8  0.89  0.00  11.45      669     46   0.00   0.26   12.4
  20:12:30.1   144.2  3.5   9.9  2.53   78.6  0.96  0.00  12.97      700     44   0.00   0.38   11.7
  20:13:25.5   199.6  6.2  10.8  3.79   96.3  0.84  0.00   9.34      778     44   0.00   0.24    8.8
  20:13:34.0   208.0  1.1  12.6  1.13   10.3  0.42  0.90   2.14      256     29   0.20   0.15    7.9
  20:16:52.8   406.8  2.4  10.5  2.71   99.6  0.72  0.00  16.20      914     42   0.00   0.21   15.7
  20:18:59.1   533.1  9.8  17.8  2.63   24.6  0.90  0.00   3.36      374     21   0.00   0.21    5.6
  20:19:11.1   545.1  5.8  19.2  2.73   27.0  0.77  0.00   9.95      588     26   0.00   0.14   10.6
  20:21:26.7   680.7  1.1   8.7  1.75   70.6  1.00  0.00   5.46      443     58   0.00   0.54    5.6
  20:21:43.2   697.2  1.8  16.7  1.38   13.3  0.56  0.32   2.78      212     16   0.00   0.14    3.8
  20:24:15.2   849.2  2.5  15.4  1.20    9.9  0.60  0.00   2.50      329     16   0.00   0.09    3.1
  20:25:52.5   946.5  1.1  15.6  1.24   18.2  0.71  0.39   4.78      442     25   0.07   0.20   15.7

MEDIUM-SPEED HARD TURNS on r75_v293r4: v 8-22 m/s, |D| >= 1.0 for >= 1 s, engaged -- 12 events
  PDT(BELIEF)  t_route  dur   v    |D|pk |ang|pk hold  lag   r16dps |dr/dt|p95 dcmd99 pressed i-share tap16
     (n/a)      65.5  6.7   9.7  2.84   92.1  0.91  0.00  10.51      722     44   0.11   0.07   22.3
     (n/a)      75.5  3.6   8.7  1.93   78.4  0.93  0.00  10.59      602     30   0.00   0.04   22.4
     (n/a)     135.6  5.3  10.2  3.37  105.1  0.95  0.00  12.17      775     42   0.00   0.06   24.2
     (n/a)     411.5  3.9  20.0  1.57   12.1  0.97  0.00   1.57      211     12   0.00   0.16    2.2
     (n/a)     417.1  2.5  19.4  1.60   13.8  1.08  0.31   1.88      225     11   0.00   0.28    2.9
     (n/a)     419.8  4.0  21.0  1.65   11.4  1.01  0.48   1.36      256     11   0.00   0.23    2.1
     (n/a)     473.8  9.0  19.1  2.98   33.1  0.97  0.00  13.49      694     28   0.00   0.10   13.6
     (n/a)     486.0  4.4  19.7  2.28   25.9  0.97  0.00  11.40      711     24   0.00   0.17   14.3
     (n/a)     593.7  1.1   8.5  2.17   86.0  1.11 -0.00  13.88      731     44   0.00   0.22   24.3
     (n/a)     720.5  1.1  18.1  1.13   12.7  1.09  0.26   2.05      288     10   0.00   0.17    2.8
     (n/a)     726.2  1.9  18.4  1.25   11.6  0.90  0.00   5.24      376     17   0.00   0.09    7.2
     (n/a)     800.4  1.2  15.9  1.19   22.4  0.97  0.00  11.74      751     25   0.03   0.02   23.2

MEDIUM-SPEED HARD TURNS on r76_v293r5: v 8-22 m/s, |D| >= 1.0 for >= 1 s, engaged -- 1 events
  PDT(BELIEF)  t_route  dur   v    |D|pk |ang|pk hold  lag   r16dps |dr/dt|p95 dcmd99 pressed i-share tap16
     (n/a)     339.1  2.3   8.6  2.62  129.5  1.31  0.05  12.95      775     71   0.36   0.02   49.6
