==============================================================================================================
SPEED BIN 15-22 m/s   nperseg 1024 (10.2 s windows)
==============================================================================================================
--- V282     15-22  nps 1024  v 17.6  3rt/24run/120win  kp/LAF 0.1500  df 0.098 Hz
    f   coh    |P|  Plag     |C|  C/Can    |L|        [5,95]   argL   |S| x to |L|=1
 0.20  0.82   6.84    54  0.2040  1.036  1.395 [ 1.05, 1.60]    -71  0.51       0.72
 0.20  0.82   6.84    54  0.2040  1.036  1.395 [ 1.05, 1.60]    -71  0.51       0.72
 0.29  0.88   5.07    64  0.1927  0.998  0.978 [ 0.85, 1.06]    -75  0.64       1.02
 0.39  0.90   3.80    74  0.1899  0.990  0.721 [ 0.57, 0.76]    -81  0.76       1.39
 0.49  0.91   3.01    76  0.1904  0.996  0.573 [ 0.50, 0.60]    -82  0.82       1.74
 0.59  0.93   2.65    84  0.1898  0.995  0.502 [ 0.39, 0.54]    -89  0.89       1.99
 0.78  0.94   1.97    88  0.1901  0.998  0.374 [ 0.33, 0.41]    -92  0.95       2.67
 0.98  0.95   1.80    89  0.1863  0.979  0.335 [ 0.28, 0.36]    -92  0.96       2.99
 1.17  0.93   1.56    86  0.1875  0.986  0.292 [ 0.24, 0.32]    -88  0.95       3.43
 1.46  0.92   1.17    78  0.1887  0.993  0.222 [ 0.18, 0.24]    -79  0.94       4.51
 1.95  0.90   0.25    88  0.1845  0.970  0.045 [ 0.03, 0.10]    -89  1.00      22.05
 2.54  0.87   0.76   114  0.1865  0.981  0.142 [ 0.09, 0.19]   -116  1.06       7.03
 3.03  0.93   0.61   120  0.1874  0.986  0.115 [ 0.09, 0.13]   -121  1.06       8.70
   crossings 1  wc_first 0.287 [0.247,0.309] (97%)  PM 105 [101,112] (97%)
   GM nan [--] at nan Hz | Ms 1.10 [1.08,1.14] (100%) at 2.34 Hz | f(|S|>1) 2.05 [1.86,2.05] (100%)

  V282old: heterogeneous gains ('V282old', {0.8}, {2.1099998983373283, 3.599999907214405, 4.0})
--- T64      15-22  nps 1024  v 17.2  2rt/12run/54win  kp/LAF 0.0714  df 0.098 Hz
    f   coh    |P|  Plag     |C|  C/Can    |L|        [5,95]   argL   |S| x to |L|=1
 0.20  0.73   4.17    23  0.0941  1.022  0.392 [ 0.27, 0.45]    -43  0.76       2.55
 0.20  0.73   4.17    23  0.0941  1.022  0.392 [ 0.27, 0.45]    -43  0.76       2.55
 0.29  0.84   3.19    34  0.0905  1.007  0.289 [ 0.24, 0.32]    -52  0.83       3.46
 0.39  0.85   3.21    44  0.0871  0.985  0.279 [ 0.26, 0.32]    -63  0.87       3.58
 0.49  0.80   3.64    55  0.0867  1.000  0.316 [ 0.26, 0.37]    -75  0.89       3.17
 0.59  0.81   3.81    61  0.0851  1.003  0.324 [ 0.23, 0.36]    -83  0.92       3.08
 0.78  0.78   5.17    61  0.0769  0.968  0.398 [ 0.26, 0.49]    -91  0.93       2.51
 0.98  0.74   4.34    55  0.0720  1.009  0.312 [ 0.21, 0.39]    -94  0.97       3.20
 1.17  0.80   2.10    42  0.0597  1.002  0.125 [ 0.06, 0.18]    -95  1.00       7.98
 1.46  0.79   2.16   -18  0.0390  1.138  0.084 [ 0.04, 0.14]    -48  0.94      11.89
 1.95  0.55   4.34   -91  0.0138  0.922  0.060 [ 0.04, 0.09]    159  1.06      16.74
 2.54  0.65   1.04  -119  0.0498  0.957  0.052 [ 0.02, 0.10]    179  1.05      19.25
 3.03  0.53   1.94  -175  0.0641  0.963  0.125 [ 0.03, 0.21]   -142  1.10       8.03
   crossings 0  wc_first nan [--]  PM nan [--]
   GM nan [9.9,41.4] (19%) at nan Hz | Ms 1.15 [1.14,1.24] (100%) at 3.91 Hz | f(|S|>1) 1.17 [0.781,1.86] (100%)

--- T64B     15-22  nps 1024  v 17.5  1rt/5run/28win  kp/LAF 0.0714  df 0.098 Hz
    f   coh    |P|  Plag     |C|  C/Can    |L|        [5,95]   argL   |S| x to |L|=1
 0.20  0.68   7.30    14  0.0888  0.977  0.648 [ 0.44, 0.88]    -34  0.63       1.54
 0.20  0.68   7.30    14  0.0888  0.977  0.648 [ 0.44, 0.88]    -34  0.63       1.54
 0.29  0.64   5.48    29  0.0903  1.017  0.495 [ 0.37, 0.95]    -49  0.73       2.02
 0.39  0.66   5.97    53  0.0876  1.004  0.523 [ 0.46, 0.73]    -73  0.80       1.91
 0.49  0.56   6.10    55  0.0839  0.979  0.511 [ 0.36, 0.75]    -77  0.82       1.96
 0.59  0.76   5.79    69  0.0823  0.982  0.476 [ 0.24, 1.01]    -93  0.92       2.10
 0.78  0.70   8.84    72  0.0782  0.996  0.692 [ 0.50, 0.78]   -103  0.93       1.45
 0.98  0.54  10.41    44  0.0746  1.055  0.776 [ 0.27, 0.84]    -81  0.74       1.29
 1.17? 0.16  18.83   -35  0.0586  0.989  1.104 [ 0.36, 2.38]    -15  0.48       0.91
 1.46~ 0.37   8.91  -115  0.0381  1.099  0.340 [ 0.12, 1.00]     48  0.80       2.94
 1.95  0.78  20.76  -132  0.0006  0.045  0.013 [ 0.01, 0.13]    126  1.01      77.97
 2.54  0.57   6.62  -136  0.0423  0.834  0.280 [ 0.23, 0.37]   -166  1.37       3.57
 3.03~ 0.31   6.43  -151  0.0607  0.931  0.391 [ 0.28, 0.45]   -161  1.56       2.56
   crossings 1  wc_first 1.374 [0.328,3.53] (94%)  PM 154 [105,338] (94%)
   GM nan [2.2,15.6] (9%) at nan Hz | Ms 1.72 [1.63,3.39] (100%) at 3.12 Hz | f(|S|>1) 1.95 [0.684,2.05] (100%)

--- T5       15-22  nps 1024  v 17.4  1rt/5run/20win  kp/LAF 0.0714  df 0.098 Hz
    f   coh    |P|  Plag     |C|  C/Can    |L|        [5,95]   argL   |S| x to |L|=1
 0.20  0.92   4.46    27  0.0909  0.995  0.405 [ 0.38, 0.45]    -47  0.76       2.47
 0.20  0.92   4.46    27  0.0909  0.995  0.405 [ 0.38, 0.45]    -47  0.76       2.47
 0.29  0.92   4.66    30  0.0859  0.963  0.400 [ 0.36, 0.43]    -49  0.77       2.50
 0.39  0.87   4.86    41  0.0840  0.958  0.408 [ 0.37, 0.47]    -59  0.79       2.45
 0.49  0.87   4.19    46  0.0823  0.956  0.345 [ 0.27, 0.41]    -67  0.85       2.90
 0.59  0.86   3.97    60  0.0817  0.970  0.324 [ 0.29, 0.35]    -83  0.92       3.09
 0.78  0.54   8.37    73  0.0778  0.986  0.651 [ 0.42, 0.76]   -101  0.92       1.54
 0.98~ 0.40   3.78    11  0.0600  0.846  0.227 [ 0.09, 0.66]    -46  0.85       4.41
 1.17  0.59   1.78   158  0.0558  0.939  0.100 [ 0.06, 0.34]    154  1.10      10.05
 1.46  0.76   7.30   143  0.0368  1.067  0.268 [ 0.11, 0.49]    161  1.33       3.73
 1.95? 0.00  59.82  -105  0.0133  0.939  0.798 [ 0.01, 1.42]   -158  2.56       1.25
 2.54? 0.13   4.70  -105  0.0475  0.926  0.223 [ 0.17, 0.35]    173  1.28       4.48
 3.03? 0.05   6.16   176  0.0633  0.963  0.390 [ 0.23, 0.68]   -130  1.24       2.57
   crossings 0  wc_first nan [1.96,3.82] (35%)  PM nan [13,328] (35%)
   GM 9.40 [2.47,10.8] (55%) at 1.16 Hz | Ms 2.61 [1.83,3.36] (100%) at 3.81 Hz | f(|S|>1) 1.17 [0.684,1.27] (100%)

--- T4       15-22  nps 1024  v 18.1  1rt/5run/21win  kp/LAF 0.0607  df 0.098 Hz
    f   coh    |P|  Plag     |C|  C/Can    |L|        [5,95]   argL   |S| x to |L|=1
 0.20  0.79   6.51    23  0.1825  0.923  1.188 [ 1.01, 1.69]   -102  0.72       0.84
 0.20  0.79   6.51    23  0.1825  0.923  1.188 [ 1.01, 1.69]   -102  0.72       0.84
 0.29  0.89   6.08    35  0.1483  1.039  0.902 [ 0.84, 1.17]   -107  0.88       1.11
 0.39  0.85   7.79    45  0.1198  1.024  0.934 [ 0.84, 1.02]   -114  0.95       1.07
 0.49  0.82  10.48    58  0.1003  0.978  1.051 [ 0.92, 1.22]   -117  0.93       0.95
 0.59  0.65  12.02    58  0.0890  0.958  1.070 [ 0.90, 1.85]   -114  0.89       0.93
 0.78  0.52  16.45    34  0.0777  0.973  1.279 [ 0.75, 2.23]    -90  0.62       0.78
 0.98~ 0.41  15.70   -55  0.0625  0.909  0.982 [ 0.27, 2.93]     -7  0.51       1.02
 1.17  0.66  13.44  -177  0.0548  0.969  0.737 [ 0.24, 1.09]    110  0.98       1.36
 1.46  0.90  24.45   159  0.0361  1.078  0.884 [ 0.38, 1.14]    122  1.09       1.13
 1.95~ 0.42  30.25  -105  0.0043  0.423  0.129 [ 0.06, 0.35]   -175  1.15       7.76
 2.54~ 0.34  10.02  -133  0.0398  0.913  0.399 [ 0.31, 0.47]   -179  1.66       2.50
 3.03? 0.16  10.80  -145  0.0532  0.937  0.575 [ 0.52, 0.76]   -176  2.33       1.74
   crossings 3  wc_first 0.256 [0.206,0.607] (100%)  PM 75 [68.4,76.2] (100%)
   GM 6.10 [0.522,13.5] (69%) at 1.99 Hz | Ms 2.33 [2.1,7.56] (100%) at 3.03 Hz | f(|S|>1) 1.27 [0.391,1.37] (100%)

--- RF00T    15-22  nps 1024  v 19.0  1rt/9run/49win  kp/LAF 0.0500  df 0.098 Hz
    f   coh    |P|  Plag     |C|  C/Can    |L|        [5,95]   argL   |S| x to |L|=1
 0.20  0.94   5.50    26  0.0926  1.053  0.509 [ 0.43, 0.58]    -51  0.72       1.96
 0.20  0.94   5.50    26  0.0926  1.053  0.509 [ 0.43, 0.58]    -51  0.72       1.96
 0.29  0.92   5.03    34  0.0853  1.012  0.429 [ 0.38, 0.49]    -51  0.76       2.33
 0.39  0.85   5.11    44  0.0828  0.997  0.423 [ 0.35, 0.51]    -56  0.78       2.36
 0.49  0.67   5.73    51  0.0851  1.032  0.487 [ 0.27, 0.67]    -59  0.76       2.05
 0.59  0.71   5.02    58  0.0825  1.004  0.415 [ 0.29, 0.49]    -68  0.82       2.41
 0.78  0.58   6.12    85  0.0868  1.061  0.531 [ 0.36, 0.61]    -92  0.90       1.88
 0.98  0.51   4.83    79  0.0785  0.962  0.379 [ 0.25, 0.59]    -81  0.89       2.64
 1.17~ 0.34   5.43    70  0.0738  0.904  0.401 [ 0.22, 0.56]    -75  0.86       2.50
 1.46? 0.13  10.34    76  0.0851  1.044  0.880 [ 0.51, 4.40]    -80  0.69       1.14
 1.95? 0.09  13.63  -155  0.0822  1.009  1.120 [ 0.32, 1.73]    153  1.95       0.89
 2.54? 0.06   8.38   -68  0.0809  0.993  0.677 [ 0.10, 1.29]     68  0.71       1.48
 3.03~ 0.33   1.95   -82  0.0898  1.103  0.175 [ 0.03, 0.32]     85  0.97       5.71
   crossings 1  wc_first 2.509 [1.48,2.59] (99%)  PM 274 [87.1,335] (99%)
   GM 0.30 [0.219,9.56] (66%) at 1.72 Hz | Ms 2.25 [1.23,8.13] (100%) at 2.15 Hz | f(|S|>1) 1.95 [0.879,2.15] (100%)

--- T2       15-22  nps 1024  v 17.5  1rt/8run/29win  kp/LAF 0.0607  df 0.098 Hz
    f   coh    |P|  Plag     |C|  C/Can    |L|        [5,95]   argL   |S| x to |L|=1
 0.20  0.87   6.37    22  0.0881  1.081  0.561 [ 0.30, 0.75]    -41  0.68       1.78
 0.20  0.87   6.37    22  0.0881  1.081  0.561 [ 0.30, 0.75]    -41  0.68       1.78
 0.29  0.91   4.65    40  0.0834  1.046  0.388 [ 0.31, 0.44]    -54  0.79       2.58
 0.39  0.83   5.91    62  0.0814  1.028  0.481 [ 0.32, 0.53]    -71  0.80       2.08
 0.49  0.80   4.73    77  0.0803  1.019  0.380 [ 0.32, 0.42]    -83  0.90       2.63
 0.59  0.85   3.51    92  0.0807  1.026  0.283 [ 0.21, 0.34]    -97  1.00       3.53
 0.78  0.81   5.78    75  0.0798  1.017  0.461 [ 0.26, 0.59]    -81  0.86       2.17
 0.98  0.79   5.83    73  0.0774  0.986  0.452 [ 0.27, 0.64]    -77  0.84       2.21
 1.17  0.65   5.42    65  0.0835  1.065  0.453 [ 0.30, 0.62]    -68  0.81       2.21
 1.46  0.61   0.86    52  0.0808  1.031  0.070 [ 0.04, 0.15]    -54  0.96      14.35
 1.95  0.66   4.55  -171  0.0774  0.987  0.352 [ 0.14, 0.40]    169  1.52       2.84
 2.54  0.56  12.29   164  0.0741  0.946  0.911 [ 0.08, 1.03]   -166  3.90       1.10
 3.03~ 0.50   5.29  -139  0.0755  0.964  0.399 [ 0.05, 0.52]    139  1.34       2.50
   crossings 1  wc_first 2.800 [2.71,2.8] (89%)  PM 351 [10.4,355] (89%)
   GM nan [4.27,15.3] (24%) at nan Hz | Ms 3.95 [1.28,4.65] (100%) at 2.44 Hz | f(|S|>1) 1.66 [0.586,1.76] (100%)

--- T3       15-22  nps 1024  v 16.6  1rt/7run/21win  kp/LAF 0.0607  df 0.098 Hz
    f   coh    |P|  Plag     |C|  C/Can    |L|        [5,95]   argL   |S| x to |L|=1
 0.20  0.95   3.45    24  0.0977  1.041  0.337 [ 0.29, 0.37]    -62  0.84       2.96
 0.20  0.95   3.45    24  0.0977  1.041  0.337 [ 0.29, 0.37]    -62  0.84       2.96
 0.29  0.94   4.21    35  0.0829  0.951  0.349 [ 0.22, 0.40]    -66  0.85       2.87
 0.39  0.90   3.84    37  0.0842  0.994  0.323 [ 0.18, 0.44]    -69  0.86       3.09
 0.49  0.93   2.91    53  0.0790  0.946  0.230 [ 0.15, 0.29]    -82  0.95       4.35
 0.59  0.89   3.70    47  0.0760  0.917  0.281 [ 0.22, 0.33]    -76  0.91       3.56
 0.78  0.74   3.73    24  0.0806  0.980  0.301 [ 0.16, 0.59]    -52  0.83       3.32
 0.98  0.84   2.11    -3  0.0614  0.749  0.129 [ 0.09, 0.19]    -45  0.91       7.73
 1.17  0.79   0.05  -163  0.0534  0.653  0.002 [ 0.01, 0.13]    109  1.00     411.02
 1.46  0.88   3.08  -157  0.0350  0.428  0.108 [ 0.04, 0.15]     89  0.99       9.28
 1.95? 0.08  10.36   131  0.0116  0.142  0.120 [ 0.06, 0.64]    -74  0.96       8.35
 2.54~ 0.39   5.24  -141  0.0503  0.618  0.264 [ 0.18, 0.37]   -163  1.33       3.79
 3.03? 0.18   1.61  -116  0.0511  0.627  0.082 [ 0.04, 0.45]    157  1.08      12.13
   crossings 0  wc_first nan [0.961,3.89] (27%)  PM nan [41.8,340] (27%)
   GM 3.44 [2.55,44.9] (79%) at 2.12 Hz | Ms 1.33 [1.31,4.2] (100%) at 2.54 Hz | f(|S|>1) 1.17 [0.488,1.76] (100%)

==============================================================================================================
SPEED BIN 15-22 m/s   nperseg 4096 (41.0 s windows)
==============================================================================================================
--- V282     15-22  nps 4096  v 19.6  2rt/7run/15win  kp/LAF 0.1500  df 0.024 Hz
    f   coh    |P|  Plag     |C|  C/Can    |L|        [5,95]   argL   |S| x to |L|=1
 0.15  0.93   5.61    49  0.2003  1.052  1.123 [ 0.92, 1.17]    -66  0.56       0.89
 0.20  0.96   5.87    56  0.1936  1.044  1.136 [ 0.68, 1.25]    -69  0.57       0.88
 0.29  0.92   4.29    70  0.1757  0.966  0.754 [ 0.51, 0.87]    -79  0.74       1.33
 0.39  0.94   3.69    78  0.1811  1.003  0.668 [ 0.59, 0.70]    -85  0.80       1.50
 0.49  0.90   2.93    82  0.1805  1.003  0.529 [ 0.47, 0.59]    -87  0.87       1.89
 0.61  0.97   2.51    85  0.1863  1.037  0.467 [ 0.32, 0.53]    -89  0.90       2.14
 0.81  0.91   2.07    78  0.1842  1.027  0.381 [ 0.29, 0.41]    -84  0.90       2.63
 1.00  0.95   1.88    96  0.1822  1.017  0.342 [ 0.30, 0.37]    -98  0.99       2.92
 1.20  0.94   1.54    80  0.1850  1.033  0.284 [ 0.20, 0.34]    -82  0.93       3.52
 1.49  0.95   1.29    73  0.1777  0.992  0.229 [ 0.21, 0.37]    -74  0.92       4.36
 2.00  0.91   0.20    89  0.1833  1.024  0.036 [ 0.02, 0.30]    -91  1.00      27.45
 2.49  0.86   0.86   142  0.1813  1.013  0.156 [ 0.11, 0.33]   -143  1.14       6.41
 3.00  0.94   0.93   114  0.1821  1.017  0.169 [ 0.14, 0.24]   -115  1.06       5.93
   crossings 1  wc_first 0.218 [0.133,0.238] (98%)  PM 106 [97.1,123] (98%)
   GM nan [9.71,33.5] (63%) at nan Hz | Ms 1.18 [1.16,1.58] (100%) at 2.32 Hz | f(|S|>1) 1.86 [0.61,1.93] (100%)

--- T64      15-22  nps 4096  v 17.1  1rt/5run/8win  kp/LAF 0.0714  df 0.024 Hz
    f   coh    |P|  Plag     |C|  C/Can    |L|        [5,95]   argL   |S| x to |L|=1
 0.15  0.50   6.17    25  0.0921  0.975  0.568 [ 0.31, 0.69]    -46  0.69       1.76
 0.20  0.75   2.98    23  0.1005  1.090  0.300 [ 0.21, 0.40]    -46  0.82       3.34
 0.29  0.82   2.95    42  0.1012  1.124  0.299 [ 0.17, 0.34]    -56  0.84       3.34
 0.39  0.81   2.48    53  0.0986  1.114  0.244 [ 0.14, 0.29]    -71  0.91       4.09
 0.49  0.82   3.78    66  0.0940  1.082  0.356 [ 0.29, 0.41]    -89  0.94       2.81
 0.61  0.79   4.01    41  0.0851  1.009  0.341 [ 0.17, 0.63]    -58  0.82       2.93
 0.81  0.76   4.15    66  0.0784  0.995  0.325 [ 0.19, 0.49]    -98  0.99       3.08
 1.00  0.73   3.80    50  0.0805  1.148  0.306 [ 0.14, 0.58]    -92  0.97       3.27
 1.20  0.78   2.85    42  0.0579  1.001  0.165 [ 0.15, 0.30]    -94  1.00       6.06
 1.49  0.81   3.33   -34  0.0256  0.807  0.085 [ 0.04, 0.16]    -34  0.93      11.72
 2.00  0.70   3.40   -92  0.0197  1.019  0.067 [ 0.05, 0.14]    175  1.07      14.94
 2.49  0.61   1.82    31  0.0129  0.258  0.024 [ 0.02, 0.43]    120  1.01      42.45
 3.00~ 0.45   0.27    95  0.0403  0.610  0.011 [ 0.01, 0.31]    -55  0.99      90.99
   crossings 1  wc_first 3.787 [0.836,3.79] (85%)  PM 345 [25.1,345] (85%)
   GM 8.72 [4.51,32.2] (97%) at 1.09 Hz | Ms 3.17 [1.5,8.85] (100%) at 3.78 Hz | f(|S|>1) 0.78 [0.535,0.781] (100%)

wrote C:\Users\dudei\Desktop\Projects\accord-eps-torque-mod\rlog-tools\studies\v282-reference\loopshape\loopshape\out\L3_pool.json
