==============================================================================================================
SPEED BIN 22+ m/s   nperseg 1024 (10.2 s windows)
==============================================================================================================
--- V282     22+    nps 1024  v 29.4  3rt/10run/369win  kp/LAF 0.1500  df 0.098 Hz
    f   coh    |P|  Plag     |C|  C/Can    |L|        [5,95]   argL   |S| x to |L|=1
 0.20  0.89  11.62    43  0.1636  1.016  1.901 [ 1.56, 1.97]    -61  0.39       0.53
 0.20  0.89  11.62    43  0.1636  1.016  1.901 [ 1.56, 1.97]    -61  0.39       0.53
 0.29  0.91   8.01    55  0.1572  0.995  1.259 [ 1.18, 1.31]    -66  0.53       0.79
 0.39  0.91   5.90    64  0.1579  1.007  0.932 [ 0.89, 0.95]    -72  0.64       1.07
 0.49  0.93   4.60    72  0.1569  1.004  0.721 [ 0.69, 0.74]    -78  0.74       1.39
 0.59  0.94   4.13    77  0.1566  1.004  0.647 [ 0.58, 0.66]    -82  0.79       1.55
 0.78  0.96   3.64    82  0.1562  1.003  0.569 [ 0.46, 0.59]    -86  0.84       1.76
 0.98  0.96   3.31    84  0.1564  1.005  0.518 [ 0.48, 0.60]    -87  0.87       1.93
 1.17  0.95   2.91    83  0.1561  1.003  0.454 [ 0.43, 0.47]    -85  0.88       2.20
 1.46  0.94   2.23    79  0.1562  1.004  0.348 [ 0.30, 0.35]    -81  0.90       2.87
 1.95  0.92   1.05    86  0.1559  1.002  0.164 [ 0.15, 0.20]    -87  0.98       6.11
 2.54  0.80   1.53   127  0.1556  1.001  0.237 [ 0.21, 0.30]   -128  1.14       4.21
 3.03  0.79   1.17   108  0.1563  1.005  0.182 [ 0.16, 0.20]   -109  1.04       5.49
   crossings 1  wc_first 0.368 [0.349,0.376] (100%)  PM 109 [107,111] (100%)
   GM nan [--] at nan Hz | Ms 1.14 [1.13,1.2] (100%) at 2.54 Hz | f(|S|>1) 2.05 [1.95,2.05] (100%)

  V282old: heterogeneous gains ('V282old', {0.8}, {2.1099998983373283, 3.599999907214405, 4.0})
--- T64      22+    nps 1024  v 24.8  2rt/4run/52win  kp/LAF 0.0714  df 0.098 Hz
    f   coh    |P|  Plag     |C|  C/Can    |L|        [5,95]   argL   |S| x to |L|=1
 0.20  0.81   6.12    25  0.0823  1.048  0.503 [ 0.44, 0.65]    -44  0.71       1.99
 0.20  0.81   6.12    25  0.0823  1.048  0.503 [ 0.44, 0.65]    -44  0.71       1.99
 0.29  0.88   4.67    36  0.0775  1.009  0.362 [ 0.33, 0.44]    -54  0.80       2.76
 0.39  0.91   4.21    46  0.0763  1.007  0.321 [ 0.30, 0.38]    -63  0.85       3.11
 0.49  0.94   4.08    55  0.0744  0.995  0.303 [ 0.29, 0.32]    -74  0.89       3.30
 0.59  0.89   4.73    58  0.0739  1.004  0.349 [ 0.32, 0.56]    -78  0.89       2.86
 0.78  0.73   6.40    58  0.0716  1.014  0.458 [ 0.31, 0.84]    -84  0.87       2.18
 0.98  0.78   5.09    43  0.0659  0.994  0.335 [ 0.20, 0.76]    -74  0.88       2.98
 1.17  0.65   4.52     2  0.0591  0.984  0.267 [ 0.14, 0.64]    -46  0.83       3.74
 1.46  0.53   2.58   -82  0.0479  1.032  0.123 [ 0.12, 0.28]     28  0.90       8.10
 1.95  0.62   9.90  -148  0.0144  1.121  0.142 [ 0.03, 0.19]     85  0.98       7.03
 2.54  0.81   5.35  -104  0.0282  1.090  0.151 [ 0.09, 0.33]    170  1.17       6.63
 3.03  0.57   3.31  -173  0.0444  0.987  0.147 [ 0.11, 0.24]   -133  1.10       6.82
   crossings 0  wc_first nan [0.903,1.45] (7%)  PM nan [109,332] (7%)
   GM 9.52 [5.45,17] (61%) at 2.40 Hz | Ms 1.52 [1.14,2.57] (100%) at 3.71 Hz | f(|S|>1) 2.25 [1.95,2.25] (100%)

--- T64B     22+    nps 1024  v 28.1  1rt/2run/18win  kp/LAF 0.0714  df 0.098 Hz
    f   coh    |P|  Plag     |C|  C/Can    |L|        [5,95]   argL   |S| x to |L|=1
 0.20  0.65   8.83     9  0.0738  0.969  0.652 [ 0.60, 0.88]    -24  0.62       1.53
 0.20  0.65   8.83     9  0.0738  0.969  0.652 [ 0.60, 0.88]    -24  0.62       1.53
 0.29  0.84   5.67    34  0.0758  1.015  0.430 [ 0.39, 0.54]    -50  0.76       2.33
 0.39  0.85   5.04    49  0.0741  1.005  0.373 [ 0.37, 0.51]    -66  0.83       2.68
 0.49  0.86   5.89    64  0.0734  1.007  0.432 [ 0.43, 0.47]    -82  0.87       2.31
 0.59  0.82   6.51    64  0.0722  1.005  0.470 [ 0.44, 0.70]    -84  0.87       2.13
 0.78  0.74   8.85    66  0.0723  1.044  0.640 [ 0.55, 0.75]    -91  0.85       1.56
 0.98~ 0.47   9.66    65  0.0670  1.020  0.647 [ 0.59, 0.67]    -96  0.88       1.55
 1.17~ 0.24  18.46   -22  0.0609  1.005  1.125 [ 0.77, 1.21]    -18  0.48       0.89
 1.46  0.79   7.19  -152  0.0481  0.975  0.346 [ 0.35, 0.49]    100  1.00       2.89
 1.95  0.73  11.93  -134  0.0205  1.002  0.244 [ 0.13, 0.26]     60  0.88       4.10
 2.54  0.84   3.24  -134  0.0161  0.919  0.052 [ 0.03, 0.06]   -151  1.05      19.18
 3.03  0.87   4.86  -173  0.0386  1.003  0.188 [ 0.18, 0.33]   -129  1.12       5.33
   crossings 1  wc_first 1.202 [1.2,1.33] (100%)  PM 175 [170,197] (100%)
   GM 3.43 [3.43,21.9] (77%) at 3.67 Hz | Ms 1.42 [1.42,1.54] (100%) at 3.61 Hz | f(|S|>1) 1.46 [0.195,1.46] (100%)

--- T5       22+    nps 1024  v 25.5  1rt/6run/24win  kp/LAF 0.0714  df 0.098 Hz
    f   coh    |P|  Plag     |C|  C/Can    |L|        [5,95]   argL   |S| x to |L|=1
 0.20  0.93   5.87    24  0.0783  1.006  0.459 [ 0.39, 0.53]    -41  0.73       2.18
 0.20  0.93   5.87    24  0.0783  1.006  0.459 [ 0.39, 0.53]    -41  0.73       2.18
 0.29  0.97   5.44    28  0.0773  1.014  0.421 [ 0.40, 0.47]    -46  0.75       2.38
 0.39  0.86   5.97    30  0.0763  1.015  0.456 [ 0.42, 0.59]    -47  0.74       2.19
 0.49  0.76   7.33    40  0.0751  1.012  0.550 [ 0.47, 1.06]    -59  0.73       1.82
 0.59  0.77   9.09    50  0.0750  1.025  0.682 [ 0.60, 0.87]    -71  0.72       1.47
 0.78~ 0.35  22.22    26  0.0720  1.024  1.599 [ 1.10, 2.07]    -53  0.43       0.63
 0.98~ 0.25  10.93  -105  0.0674  1.020  0.737 [ 0.37, 2.27]     71  0.70       1.36
 1.17  0.68   6.80  -176  0.0608  1.010  0.414 [ 0.27, 0.56]    136  1.31       2.42
 1.46  0.67   7.98   148  0.0473  1.002  0.377 [ 0.30, 0.48]    154  1.47       2.65
 1.95? 0.08  83.88   139  0.0122  0.829  1.020 [ 0.58, 1.37]    122  1.02       0.98
 2.54~ 0.50  10.40  -138  0.0271  1.131  0.282 [ 0.23, 0.39]   -153  1.32       3.55
 3.03~ 0.34   9.50  -144  0.0472  1.086  0.448 [ 0.39, 0.62]   -165  1.72       2.23
   crossings 3  wc_first 0.930 [0.807,1.05] (99%)  PM 208 [106,300] (99%)
   GM 0.92 [0.339,4.59] (84%) at 3.46 Hz | Ms 6.30 [1.96,13.8] (100%) at 3.61 Hz | f(|S|>1) 1.07 [1.07,1.07] (100%)

--- T4       22+    nps 1024  v 26.3  1rt/2run/16win  kp/LAF 0.0607  df 0.098 Hz
    f   coh    |P|  Plag     |C|  C/Can    |L|        [5,95]   argL   |S| x to |L|=1
 0.20  0.91   5.96    27  0.1561  0.933  0.930 [ 0.58, 0.94]    -96  0.78       1.08
 0.20  0.91   5.96    27  0.1561  0.933  0.930 [ 0.58, 0.94]    -96  0.78       1.08
 0.29  0.97   5.49    35  0.1268  1.048  0.697 [ 0.70, 0.72]   -103  0.92       1.44
 0.39  0.94   6.19    45  0.1098  1.102  0.680 [ 0.66, 0.69]   -105  0.95       1.47
 0.49  0.91   8.01    43  0.0871  0.993  0.698 [ 0.60, 0.75]    -96  0.86       1.43
 0.59  0.93   8.72    54  0.0819  1.023  0.714 [ 0.68, 0.82]   -102  0.91       1.40
 0.78  0.77   8.47    26  0.0766  1.087  0.649 [ 0.47, 0.83]    -93  0.86       1.54
 0.98  0.68   3.78   -73  0.0742  1.172  0.280 [ 0.19, 0.31]     19  0.79       3.57
 1.17  0.73   5.83  -168  0.0523  0.929  0.305 [ 0.29, 1.22]    105  1.03       3.28
 1.46  0.85   3.51   138  0.0437  1.000  0.153 [ 0.15, 0.71]    155  1.16       6.52
 1.95? 0.06  62.86   131  0.0123  0.829  0.776 [ 0.20, 0.95]    144  1.70       1.29
 2.54~ 0.50  11.17  -121  0.0149  0.778  0.167 [ 0.16, 0.36]   -170  1.20       6.00
 3.03  0.53   7.63  -162  0.0369  1.006  0.282 [ 0.28, 0.34]   -157  1.33       3.55
   crossings 0  wc_first nan [1.18,1.18] (26%)  PM nan [243,243] (26%)
   GM nan [4.3,39.4] (49%) at nan Hz | Ms 1.70 [1.7,2.81] (100%) at 1.95 Hz | f(|S|>1) 1.17 [0.684,1.17] (100%)

--- RF00T    22+    nps 1024  v 23.0  1rt/4run/36win  kp/LAF 0.0500  df 0.098 Hz
    f   coh    |P|  Plag     |C|  C/Can    |L|        [5,95]   argL   |S| x to |L|=1
 0.20  0.93   6.72    23  0.0700  0.982  0.470 [ 0.36, 0.54]    -47  0.73       2.13
 0.20  0.93   6.72    23  0.0700  0.982  0.470 [ 0.36, 0.54]    -47  0.73       2.13
 0.29  0.93   6.82    36  0.0653  0.954  0.446 [ 0.32, 0.51]    -55  0.77       2.24
 0.39  0.88   6.08    43  0.0653  0.969  0.397 [ 0.29, 0.45]    -57  0.79       2.52
 0.49  0.82   5.65    66  0.0641  0.958  0.362 [ 0.25, 0.43]    -77  0.88       2.76
 0.59  0.86   6.26    73  0.0635  0.953  0.398 [ 0.25, 0.48]    -82  0.89       2.52
 0.78  0.66   7.50    72  0.0648  0.976  0.486 [ 0.29, 0.57]    -80  0.84       2.06
 0.98  0.70   7.38    71  0.0648  0.978  0.478 [ 0.22, 0.68]    -86  0.88       2.09
 1.17  0.51   8.58    60  0.0630  0.951  0.540 [ 0.20, 0.72]    -61  0.74       1.85
 1.46~ 0.23  12.20     5  0.0636  0.961  0.776 [ 0.16, 1.05]     -8  0.56       1.29
 1.95? 0.18  27.79  -159  0.0611  0.924  1.697 [ 0.32, 1.79]    156  1.14       0.59
 2.54~ 0.24  17.41  -119  0.0609  0.921  1.059 [ 0.44, 1.78]    116  0.91       0.94
 3.03  0.54   6.76  -148  0.0610  0.923  0.412 [ 0.04, 0.57]    147  1.45       2.43
   crossings 2  wc_first 1.369 [1.37,2.67] (98%)  PM 118 [110,285] (98%)
   GM nan [2.97,9.72] (7%) at nan Hz | Ms 1.67 [1.14,2.16] (100%) at 2.83 Hz | f(|S|>1) 1.07 [0.781,2.25] (100%)

--- T2       22+    nps 1024  v 28.8  1rt/2run/16win  kp/LAF 0.0607  df 0.098 Hz
    f   coh    |P|  Plag     |C|  C/Can    |L|        [5,95]   argL   |S| x to |L|=1
 0.20  0.89   9.92    14  0.0828  1.257  0.821 [ 0.82, 2.15]    -35  0.58       1.22
 0.20  0.89   9.92    14  0.0828  1.257  0.821 [ 0.82, 2.15]    -35  0.58       1.22
 0.29  0.91   6.90    22  0.0650  1.009  0.449 [ 0.44, 0.46]    -36  0.72       2.23
 0.39  0.78   8.05    30  0.0679  1.063  0.547 [ 0.39, 0.56]    -42  0.69       1.83
 0.49  0.72   8.28    69  0.0647  1.015  0.535 [ 0.21, 0.55]    -75  0.80       1.87
 0.59  0.90   7.24    65  0.0641  1.008  0.464 [ 0.38, 0.48]    -70  0.81       2.16
 0.78  0.88   8.33    49  0.0632  0.997  0.526 [ 0.20, 0.60]    -53  0.72       1.90
 0.98  0.84   6.86    71  0.0638  1.006  0.437 [ 0.40, 0.44]    -74  0.84       2.29
 1.17  0.81   5.38    40  0.0646  1.020  0.348 [ 0.32, 0.87]    -42  0.78       2.87
 1.46  0.69   0.14   -53  0.0633  0.999  0.009 [ 0.01, 0.19]     50  0.99     111.59
 1.95  0.89   2.16   166  0.0633  1.000  0.137 [ 0.14, 0.44]   -167  1.15       7.32
 2.54~ 0.20  14.71   142  0.0634  1.002  0.933 [ 0.37, 0.94]   -143  1.63       1.07
 3.03~ 0.35   7.40  -146  0.0634  1.002  0.469 [ 0.47, 0.57]    145  1.49       2.13
   crossings 1  wc_first 2.767 [0.242,2.77] (100%)  PM 332 [59.7,334] (100%)
   GM nan [--] at nan Hz | Ms 2.20 [2.2,2.95] (100%) at 2.44 Hz | f(|S|>1) 1.56 [0.488,1.56] (100%)

--- T3       22+    nps 1024  v 26.6  1rt/3run/35win  kp/LAF 0.0607  df 0.098 Hz
    f   coh    |P|  Plag     |C|  C/Can    |L|        [5,95]   argL   |S| x to |L|=1
 0.20  0.98   5.21    30  0.0795  1.067  0.414 [ 0.41, 0.46]    -68  0.82       2.41
 0.20  0.98   5.21    30  0.0795  1.067  0.414 [ 0.41, 0.46]    -68  0.82       2.41
 0.29  0.98   5.36    37  0.0709  1.024  0.380 [ 0.37, 0.42]    -70  0.84       2.63
 0.39  0.95   5.70    48  0.0673  1.001  0.384 [ 0.37, 0.42]    -76  0.87       2.61
 0.49  0.91   5.75    53  0.0651  0.982  0.374 [ 0.32, 0.52]    -81  0.89       2.67
 0.59  0.90   6.43    50  0.0642  0.976  0.413 [ 0.26, 0.43]    -78  0.87       2.42
 0.78  0.76   6.48    19  0.0623  0.954  0.403 [ 0.39, 0.65]    -53  0.78       2.48
 0.98  0.78   2.31    14  0.0568  0.873  0.131 [ 0.12, 0.34]    -52  0.92       7.63
 1.17  0.82   1.35   160  0.0501  0.773  0.068 [ 0.06, 0.11]    155  1.07      14.76
 1.46  0.88   5.98   174  0.0373  0.576  0.223 [ 0.21, 0.37]    127  1.13       4.48
 1.95? 0.10  58.86    99  0.0075  0.115  0.439 [ 0.34, 1.73]    146  1.47       2.28
 2.54  0.64   8.81  -118  0.0253  0.391  0.223 [ 0.19, 0.28]   -175  1.28       4.49
 3.03~ 0.36   3.58  -173  0.0413  0.639  0.148 [ 0.04, 0.39]   -137  1.11       6.76
   crossings 0  wc_first nan [0.91,2.07] (40%)  PM nan [118,347] (40%)
   GM 16.18 [3.79,19.6] (95%) at 1.13 Hz | Ms 1.47 [1.47,2.8] (100%) at 1.95 Hz | f(|S|>1) 1.07 [0.879,1.07] (100%)

==============================================================================================================
SPEED BIN 22+ m/s   nperseg 4096 (41.0 s windows)
==============================================================================================================
--- V282     22+    nps 4096  v 29.3  3rt/8run/84win  kp/LAF 0.1500  df 0.024 Hz
    f   coh    |P|  Plag     |C|  C/Can    |L|        [5,95]   argL   |S| x to |L|=1
 0.15  0.95  11.55    41  0.1619  0.979  1.871 [ 1.51, 1.94]    -59  0.40       0.53
 0.20  0.93   9.65    46  0.1593  0.988  1.537 [ 1.37, 1.63]    -60  0.45       0.65
 0.29  0.94   7.14    59  0.1570  0.993  1.122 [ 1.06, 1.17]    -68  0.57       0.89
 0.39  0.92   5.30    64  0.1580  1.007  0.837 [ 0.75, 0.87]    -71  0.67       1.19
 0.49  0.94   4.41    73  0.1569  1.003  0.691 [ 0.61, 0.72]    -79  0.76       1.45
 0.61  0.94   3.86    79  0.1561  1.000  0.603 [ 0.46, 0.63]    -83  0.81       1.66
 0.81  0.96   3.54    82  0.1565  1.004  0.554 [ 0.50, 0.59]    -85  0.85       1.81
 1.00  0.95   3.32    84  0.1564  1.004  0.520 [ 0.43, 0.63]    -86  0.87       1.92
 1.20  0.94   2.88    81  0.1561  1.003  0.449 [ 0.41, 0.47]    -83  0.87       2.23
 1.49  0.95   2.08    78  0.1561  1.003  0.324 [ 0.25, 0.34]    -80  0.91       3.08
 2.00  0.93   0.88    99  0.1559  1.002  0.138 [ 0.06, 0.17]   -100  1.02       7.25
 2.49  0.81   1.51   128  0.1558  1.001  0.235 [ 0.21, 0.30]   -129  1.15       4.26
 3.00  0.81   1.23   111  0.1559  1.002  0.191 [ 0.16, 0.31]   -111  1.06       5.23
   crossings 1  wc_first 0.328 [0.308,0.349] (100%)  PM 110 [106,113] (100%)
   GM nan [4.6,12.8] (22%) at nan Hz | Ms 1.21 [1.19,1.44] (100%) at 2.56 Hz | f(|S|>1) 2.00 [1.42,2.03] (100%)

  V282old: heterogeneous gains ('V282old', {0.8}, {2.1099998983373283, 3.599999907214405, 4.0})
--- T64      22+    nps 4096  v 27.7  1rt/2run/8win  kp/LAF 0.0714  df 0.024 Hz
    f   coh    |P|  Plag     |C|  C/Can    |L|        [5,95]   argL   |S| x to |L|=1
 0.15  0.88   6.75    21  0.0805  1.029  0.543 [ 0.47, 0.57]    -43  0.69       1.84
 0.20  0.79   5.73    34  0.0780  1.020  0.447 [ 0.41, 0.68]    -54  0.76       2.24
 0.29  0.89   4.59    33  0.0761  1.017  0.349 [ 0.34, 0.37]    -50  0.80       2.86
 0.39  0.93   4.10    51  0.0745  1.008  0.306 [ 0.30, 0.33]    -69  0.87       3.27
 0.49  0.93   4.61    55  0.0734  1.005  0.338 [ 0.33, 0.34]    -74  0.88       2.96
 0.61  0.92   4.47    58  0.0720  1.003  0.322 [ 0.32, 0.43]    -79  0.90       3.11
 0.81  0.73   4.62    61  0.0693  1.004  0.320 [ 0.24, 0.33]    -89  0.95       3.12
 1.00  0.80   5.71    53  0.0666  1.022  0.381 [ 0.30, 0.39]    -86  0.91       2.63
 1.20  0.66   8.02   -49  0.0607  1.016  0.487 [ 0.34, 0.50]     10  0.67       2.05
 1.49  0.54   2.23   -34  0.0445  0.927  0.099 [ 0.08, 0.17]    -23  0.92      10.10
 2.00~ 0.40  12.76  -134  0.0128  0.777  0.163 [ 0.02, 0.24]     60  0.92       6.15
 2.49  0.57   5.18    67  0.0139  0.894  0.072 [ 0.07, 0.35]      5  0.93      13.89
 3.00  0.64   2.38   165  0.0427  1.116  0.102 [ 0.08, 0.24]   -106  1.02       9.83
   crossings 5  wc_first 1.417 [1.17,1.42] (100%)  PM 216 [58.3,216] (100%)
   GM 119.40 [1.98,119] (73%) at 2.24 Hz | Ms 1.71 [1.71,3.24] (100%) at 3.83 Hz | f(|S|>1) 1.03 [0.366,1.03] (100%)

==============================================================================================================
SPEED BIN 8-15 m/s   nperseg 1024 (10.2 s windows)
==============================================================================================================
--- V282     8-15   nps 1024  v 11.8  3rt/39run/116win  kp/LAF 0.1500  df 0.098 Hz
    f   coh    |P|  Plag     |C|  C/Can    |L|        [5,95]   argL   |S| x to |L|=1
 0.20  0.62   4.27    84  0.3609  1.282  1.541 [ 1.12, 1.69]    -82  0.51       0.65
 0.20  0.62   4.27    84  0.3609  1.282  1.541 [ 1.12, 1.69]    -82  0.51       0.65
 0.29  0.59   3.02    82  0.2583  0.936  0.779 [ 0.59, 1.09]    -66  0.67       1.28
 0.39  0.69   2.19    86  0.2411  0.880  0.529 [ 0.37, 0.63]    -86  0.86       1.89
 0.49  0.70   1.86    85  0.2671  0.978  0.496 [ 0.45, 0.57]   -102  0.98       2.02
 0.59  0.73   1.40    85  0.3115  1.142  0.437 [ 0.35, 0.51]    -94  0.94       2.29
 0.78  0.80   1.07    83  0.2911  1.069  0.311 [ 0.25, 0.35]    -87  0.94       3.21
 0.98  0.84   0.71    88  0.2988  1.098  0.213 [ 0.19, 0.24]    -92  0.98       4.70
 1.17  0.80   0.63    90  0.2909  1.070  0.182 [ 0.16, 0.20]    -92  0.99       5.49
 1.46  0.81   0.58    96  0.2852  1.049  0.164 [ 0.14, 0.18]    -99  1.01       6.08
 1.95  0.76   0.38    85  0.2842  1.046  0.107 [ 0.08, 0.14]    -82  0.98       9.38
 2.54  0.75   0.19   107  0.2747  1.011  0.053 [ 0.04, 0.11]   -107  1.01      18.80
 3.03  0.85   0.34   117  0.2757  1.015  0.094 [ 0.08, 0.11]   -118  1.04      10.65
   crossings 1  wc_first 0.257 [0.221,0.304] (99%)  PM 108 [99.9,123] (99%)
   GM nan [10.9,21.9] (6%) at nan Hz | Ms 1.06 [1.06,1.12] (100%) at 2.93 Hz | f(|S|>1) 1.46 [0.488,1.46] (100%)

  V282old: heterogeneous gains ('V282old', {0.8}, {2.1099998983373283, 3.599999907214405, 4.0})
--- T64      8-15   nps 1024  v 12.8  2rt/18run/61win  kp/LAF 0.0714  df 0.098 Hz
    f   coh    |P|  Plag     |C|  C/Can    |L|        [5,95]   argL   |S| x to |L|=1
 0.20  0.64   4.02    22  0.1675  1.439  0.672 [ 0.34, 0.99]    -42  0.64       1.49
 0.20  0.64   4.02    22  0.1675  1.439  0.672 [ 0.34, 0.99]    -42  0.64       1.49
 0.29  0.75   2.95    28  0.1444  1.272  0.426 [ 0.29, 0.61]    -44  0.75       2.35
 0.39  0.71   3.38    30  0.1430  1.283  0.484 [ 0.31, 0.73]    -52  0.74       2.07
 0.49  0.67   3.44    53  0.1457  1.334  0.501 [ 0.32, 0.64]    -82  0.85       2.00
 0.59  0.76   2.80    73  0.1534  1.441  0.429 [ 0.28, 0.60]   -103  1.01       2.33
 0.78  0.78   2.75    63  0.1114  1.128  0.307 [ 0.23, 1.05]    -91  0.96       3.26
 0.98  0.80   2.57    43  0.0998  1.148  0.257 [ 0.18, 0.44]    -80  0.93       3.89
 1.17  0.74   2.26    27  0.0751  1.077  0.170 [ 0.03, 0.38]    -33  0.87       5.89
 1.46  0.69   0.62   175  0.0036  0.105  0.002 [ 0.00, 0.04]   -172  1.00     453.18
 1.95~ 0.22   0.46    22  0.0498  1.692  0.023 [ 0.01, 0.28]     51  0.99      43.28
 2.54~ 0.22   0.95   161  0.0920  1.280  0.088 [ 0.03, 0.18]   -101  1.01      11.42
 3.03? 0.16   0.49    89  0.1258  1.434  0.062 [ 0.02, 0.26]    -43  0.96      16.25
   crossings 0  wc_first nan [0.198,2.04] (11%)  PM nan [72.4,313] (11%)
   GM 85.28 [5.78,92.8] (89%) at 1.27 Hz | Ms 1.16 [1.13,1.49] (100%) at 3.91 Hz | f(|S|>1) 0.59 [0.586,1.27] (100%)

--- T64B     8-15   nps 1024  v 10.2  1rt/13run/51win  kp/LAF 0.0714  df 0.098 Hz
    f   coh    |P|  Plag     |C|  C/Can    |L|        [5,95]   argL   |S| x to |L|=1
 0.20  0.71   4.45    18  0.1580  1.052  0.704 [ 0.56, 0.80]    -44  0.63       1.42
 0.20  0.71   4.45    18  0.1580  1.052  0.704 [ 0.56, 0.80]    -44  0.63       1.42
 0.29  0.66   3.94    17  0.1619  1.107  0.638 [ 0.47, 0.86]    -39  0.65       1.57
 0.39  0.59   4.02    23  0.1704  1.191  0.686 [ 0.46, 0.92]    -46  0.64       1.46
 0.49  0.58   3.35    48  0.1790  1.283  0.599 [ 0.48, 0.81]    -81  0.80       1.67
 0.59  0.63   3.65    64  0.1875  1.389  0.684 [ 0.48, 0.87]    -96  0.87       1.46
 0.78  0.58   4.63    56  0.1202  0.986  0.556 [ 0.15, 0.91]    -84  0.84       1.80
 0.98  0.53   4.45    44  0.0817  0.806  0.364 [ 0.20, 0.69]   -109  1.06       2.75
 1.17  0.67   1.65    24  0.0705  0.982  0.116 [ 0.04, 0.30]   -136  1.09       8.59
 1.46~ 0.44   1.06   -61  0.0339  2.209  0.036 [ 0.01, 0.11]    -83  1.00      27.90
 1.95? 0.17   1.05  -102  0.0390  0.617  0.041 [ 0.02, 0.21]    125  1.02      24.48
 2.54? 0.19   0.44  -167  0.1069  1.008  0.047 [ 0.02, 0.15]   -145  1.04      21.13
 3.03~ 0.32   0.85  -124  0.1387  1.143  0.118 [ 0.08, 0.16]    159  1.12       8.50
   crossings 0  wc_first nan [0.41,2.35] (39%)  PM nan [26.8,332] (39%)
   GM 19.55 [3.87,48] (80%) at 1.90 Hz | Ms 1.20 [1.18,2.75] (100%) at 3.81 Hz | f(|S|>1) 0.98 [0.684,1.37] (100%)

--- T5       8-15   nps 1024  v 12.9  1rt/7run/11win  kp/LAF 0.0714  df 0.098 Hz
    f   coh    |P|  Plag     |C|  C/Can    |L|        [5,95]   argL   |S| x to |L|=1
 0.20  0.88   3.57    24  0.1443  1.249  0.515 [ 0.35, 0.57]    -49  0.72       1.94
 0.20  0.88   3.57    24  0.1443  1.249  0.515 [ 0.35, 0.57]    -49  0.72       1.94
 0.29  0.87   3.72    22  0.1502  1.332  0.558 [ 0.40, 0.64]    -38  0.68       1.79
 0.39  0.77   4.22    37  0.1166  1.054  0.492 [ 0.43, 0.59]    -55  0.74       2.03
 0.49  0.71   3.64    51  0.0926  0.854  0.337 [ 0.22, 0.46]    -75  0.88       2.96
 0.59  0.80   3.85    51  0.1328  1.257  0.512 [ 0.26, 0.84]    -71  0.79       1.95
 0.78  0.66   4.54    62  0.1538  1.568  0.698 [ 0.14, 1.17]    -85  0.79       1.43
 0.98~ 0.30   2.73   -12  0.1120  1.296  0.305 [ 0.09, 1.43]    -55  0.83       3.27
 1.17  0.61   0.92   -42  0.0447  0.645  0.041 [ 0.02, 0.29]      2  0.96      24.32
 1.46  0.52   1.59  -129  0.0157  0.467  0.025 [ 0.02, 0.27]    139  1.02      39.87
 1.95? 0.09   2.94  -137  0.0481  1.651  0.141 [ 0.09, 0.27]    161  1.15       7.09
 2.54~ 0.36   2.28  -132  0.1074  1.506  0.245 [ 0.21, 0.26]    171  1.32       4.09
 3.03? 0.11   3.51  -113  0.0955  1.097  0.336 [ 0.26, 0.56]    139  1.28       2.98
   crossings 0  wc_first nan [0.687,2.74] (60%)  PM nan [63.7,286] (60%)
   GM nan [2.62,45.7] (36%) at nan Hz | Ms 2.13 [1.44,3.74] (100%) at 2.83 Hz | f(|S|>1) 1.27 [0.684,1.37] (100%)

--- T4       8-15   nps 1024  v 10.2  1rt/15run/59win  kp/LAF 0.0607  df 0.098 Hz
    f   coh    |P|  Plag     |C|  C/Can    |L|        [5,95]   argL   |S| x to |L|=1
 0.20  0.82   4.83    20  0.2195  1.163  1.059 [ 0.73, 1.21]    -73  0.60       0.94
 0.20  0.82   4.83    20  0.2195  1.163  1.059 [ 0.73, 1.21]    -73  0.60       0.94
 0.29  0.84   4.08    24  0.1715  1.074  0.700 [ 0.54, 0.85]    -68  0.70       1.43
 0.39  0.77   4.26    21  0.1267  0.864  0.539 [ 0.34, 1.54]    -71  0.78       1.85
 0.49  0.62   5.76    42  0.1470  1.062  0.846 [ 0.43, 1.57]    -84  0.73       1.18
 0.59~ 0.29   9.74    40  0.1480  1.127  1.442 [ 0.49, 3.67]    -87  0.56       0.69
 0.78~ 0.29  10.87    -8  0.1305  1.121  1.419 [ 0.41, 3.14]    -42  0.44       0.70
 0.98~ 0.23  10.23     7  0.0932  0.971  0.954 [ 0.23, 3.22]    -64  0.60       1.05
 1.17  0.54   1.85   -72  0.0989  1.461  0.183 [ 0.07, 0.36]      8  0.85       5.47
 1.46  0.52   1.38  -178  0.0159  1.094  0.022 [ 0.01, 0.16]     81  1.00      45.63
 1.95? 0.01  11.46    14  0.0199  0.337  0.228 [ 0.13, 0.67]    -62  0.89       4.39
 2.54? 0.09   0.85  -138  0.1202  1.217  0.102 [ 0.07, 0.27]    166  1.11       9.80
 3.03? 0.04   2.13   -77  0.1131  1.002  0.241 [ 0.11, 0.43]    112  1.07       4.14
   crossings 2  wc_first 0.209 [0.199,1.9] (83%)  PM 108 [70.8,143] (83%)
   GM nan [1.38,21.1] (53%) at nan Hz | Ms 1.63 [1.5,3.59] (100%) at 3.91 Hz | f(|S|>1) 1.07 [0.391,1.56] (100%)

--- RF00T    8-15   nps 1024  v 10.9  1rt/15run/22win  kp/LAF 0.0500  df 0.098 Hz
    f   coh    |P|  Plag     |C|  C/Can    |L|        [5,95]   argL   |S| x to |L|=1
 0.20  0.75   4.55    23  0.2149  0.998  0.978 [ 0.55, 1.26]    -45  0.55       1.02
 0.20  0.75   4.55    23  0.2149  0.998  0.978 [ 0.55, 1.26]    -45  0.55       1.02
 0.29  0.78   3.88    29  0.1838  0.889  0.713 [ 0.44, 0.95]    -49  0.64       1.40
 0.39  0.76   4.55    47  0.2177  1.069  0.989 [ 0.53, 1.19]    -49  0.55       1.01
 0.49  0.61   4.16    44  0.1961  0.970  0.815 [ 0.38, 1.18]    -18  0.56       1.23
 0.59  0.55   5.06    66  0.1833  0.911  0.927 [ 0.20, 1.04]    -88  0.72       1.08
 0.78~ 0.50   3.49    45  0.2498  1.246  0.873 [ 0.35, 1.58]    -41  0.57       1.15
 0.98  0.57   2.44    97  0.2267  1.133  0.554 [ 0.39, 0.76]    -97  0.92       1.81
 1.17~ 0.29   3.60    44  0.3396  1.698  1.223 [ 0.25, 2.97]    -15  0.45       0.82
 1.46~ 0.43   0.59   -87  0.2549  1.276  0.152 [ 0.05, 0.46]     91  0.99       6.59
 1.95~ 0.23   1.73  -177  0.3080  1.543  0.533 [ 0.30, 0.69]    173  2.10       1.88
 2.54~ 0.28   1.30  -149  0.2169  1.087  0.283 [ 0.20, 0.75]    142  1.26       3.54
 3.03~ 0.41   2.21   139  0.2587  1.296  0.571 [ 0.41, 0.94]   -130  1.30       1.75
   crossings 2  wc_first 1.184 [0.204,2.27] (98%)  PM 169 [88.2,343] (98%)
   GM nan [0.754,22.1] (36%) at nan Hz | Ms 13.70 [1.65,29.5] (100%) at 2.15 Hz | f(|S|>1) 1.56 [0.679,1.66] (100%)

--- T2       8-15   nps 1024  v 10.1  1rt/14run/56win  kp/LAF 0.0607  df 0.098 Hz
    f   coh    |P|  Plag     |C|  C/Can    |L|        [5,95]   argL   |S| x to |L|=1
 0.20  0.87   6.07    21  0.1463  1.019  0.887 [ 0.42, 1.03]    -40  0.56       1.13
 0.20  0.87   6.07    21  0.1463  1.019  0.887 [ 0.42, 1.03]    -40  0.56       1.13
 0.29  0.85   5.92    32  0.1463  1.041  0.867 [ 0.46, 1.03]    -45  0.58       1.15
 0.39  0.70   5.90    34  0.1624  1.165  0.958 [ 0.38, 1.08]    -51  0.57       1.04
 0.49  0.57   5.88    61  0.1313  0.945  0.771 [ 0.32, 0.87]    -65  0.67       1.30
 0.59~ 0.46   5.97    54  0.1226  0.884  0.732 [ 0.35, 1.03]    -54  0.65       1.37
 0.78  0.58   6.04    78  0.1423  1.029  0.860 [ 0.35, 1.07]    -82  0.71       1.16
 0.98~ 0.49   6.09    78  0.1596  1.154  0.972 [ 0.46, 1.14]    -83  0.68       1.03
 1.17~ 0.30   5.84    84  0.1470  1.064  0.858 [ 0.40, 0.98]    -91  0.77       1.17
 1.46~ 0.38   1.98   -39  0.1441  1.044  0.286 [ 0.07, 0.46]     42  0.81       3.50
 1.95  0.61   3.35   171  0.1432  1.037  0.480 [ 0.19, 0.50]   -173  1.90       2.09
 2.54~ 0.25   0.48   -26  0.1510  1.094  0.072 [ 0.05, 0.30]     17  0.94      13.92
 3.03  0.73   0.93   162  0.1362  0.987  0.127 [ 0.05, 0.16]   -161  1.14       7.87
   crossings 2  wc_first 1.293 [0.238,1.31] (71%)  PM 135 [84.3,144] (71%)
   GM nan [4.18,33.5] (28%) at nan Hz | Ms 2.00 [1.37,2.07] (100%) at 2.05 Hz | f(|S|>1) 1.66 [0.781,1.66] (100%)

--- T3       8-15   nps 1024  v 11.8  1rt/7run/14win  kp/LAF 0.0607  df 0.098 Hz
    f   coh    |P|  Plag     |C|  C/Can    |L|        [5,95]   argL   |S| x to |L|=1
 0.20  0.84   4.33    15  0.1562  1.195  0.677 [ 0.27, 0.79]    -61  0.69       1.48
 0.20  0.84   4.33    15  0.1562  1.195  0.677 [ 0.27, 0.79]    -61  0.69       1.48
 0.29  0.85   4.36    19  0.1508  1.242  0.658 [ 0.31, 0.89]    -56  0.68       1.52
 0.39  0.79   4.60    20  0.2097  1.777  0.965 [ 0.29, 1.47]    -38  0.54       1.04
 0.49  0.56   6.34    10  0.1984  1.705  1.259 [ 0.07, 1.90]    -16  0.45       0.79
 0.59  0.64   2.63    52  0.1027  0.889  0.270 [ 0.23, 0.89]    -93  0.98       3.71
 0.78  0.70   3.35    72  0.1349  1.177  0.451 [ 0.26, 0.69]   -100  0.98       2.22
 0.98  0.65   4.41   -20  0.0759  0.665  0.335 [ 0.15, 1.11]    -53  0.81       2.98
 1.17  0.73   0.97    25  0.0428  0.376  0.042 [ 0.01, 0.92]    -51  0.97      24.06
 1.46~ 0.45   0.53   176  0.0218  0.192  0.011 [ 0.00, 0.26]     87  1.00      87.00
 1.95~ 0.33   1.26   -72  0.0984  0.866  0.124 [ 0.04, 0.59]    152  1.12       8.07
 2.54? 0.01   1.32    10  0.0852  0.750  0.112 [ 0.08, 1.03]   -173  1.12       8.93
 3.03? 0.07   3.07  -122  0.0872  0.768  0.268 [ 0.21, 0.36]    146  1.26       3.73
   crossings 2  wc_first 0.503 [0.496,2.42] (86%)  PM 153 [53.7,286] (86%)
   GM 32.00 [1.38,49.6] (65%) at 1.29 Hz | Ms 1.43 [1.39,4.53] (100%) at 2.83 Hz | f(|S|>1) 0.68 [0.488,0.781] (100%)

==============================================================================================================
SPEED BIN 8-15 m/s   nperseg 4096 (41.0 s windows)
==============================================================================================================
--- V282     8-15   nps 4096  v 12.7  2rt/10run/14win  kp/LAF 0.1500  df 0.024 Hz
    f   coh    |P|  Plag     |C|  C/Can    |L|        [5,95]   argL   |S| x to |L|=1
 0.15~ 0.33   5.83    60  0.2311  0.866  1.347 [ 0.76, 3.38]    -92  0.61       0.74
 0.20~ 0.24   3.40    56  0.7305  2.808  2.486 [ 0.96, 5.00]    -61  0.32       0.40
 0.29~ 0.31   1.41    97  0.3739  1.465  0.527 [ 0.20, 0.98]    -77  0.81       1.90
 0.39~ 0.23   2.55   110  0.2702  1.066  0.688 [ 0.38, 1.05]    -96  0.87       1.45
 0.49~ 0.27   2.49    89  0.1230  0.487  0.306 [ 0.22, 2.92]   -111  1.07       3.26
 0.61~ 0.45   1.52    85  0.4195  1.665  0.637 [ 0.45, 2.24]    -99  0.91       1.57
 0.81~ 0.42   1.00    78  0.2891  1.149  0.289 [ 0.27, 0.41]    -90  0.96       3.46
 1.00  0.54   0.60    96  0.3520  1.400  0.210 [ 0.15, 0.33]    -97  1.00       4.75
 1.20~ 0.34   0.47   103  0.3303  1.314  0.154 [ 0.11, 0.19]    -94  1.00       6.49
 1.49~ 0.33   0.79    97  0.2417  0.962  0.190 [ 0.14, 0.25]    -93  0.99       5.26
 2.00~ 0.21   0.48    64  0.3432  1.367  0.166 [ 0.09, 0.27]    -61  0.92       6.02
 2.49~ 0.31   0.17   143  0.2119  0.844  0.036 [ 0.02, 0.22]   -146  1.03      28.12
 3.00~ 0.34   0.38    99  0.2850  1.135  0.108 [ 0.05, 0.14]   -102  1.02       9.27
   crossings 1  wc_first 0.227 [0.142,0.285] (100%)  PM 124 [14.3,236] (100%)
   GM 55.77 [0.88,60.3] (75%) at 2.28 Hz | Ms 1.59 [1.21,6.99] (100%) at 0.59 Hz | f(|S|>1) 0.34 [0.146,0.562] (100%)

--- T4       8-15   nps 4096  v 9.2  1rt/7run/9win  kp/LAF 0.0607  df 0.024 Hz
    f   coh    |P|  Plag     |C|  C/Can    |L|        [5,95]   argL   |S| x to |L|=1
 0.15  0.53   5.65    37  0.2813  1.243  1.590 [ 0.41, 3.99]    -75  0.48       0.63
 0.20  0.81   3.75    23  0.1767  0.893  0.663 [ 0.36, 0.70]    -74  0.74       1.51
 0.29  0.85   4.87    29  0.1701  0.981  0.829 [ 0.46, 0.95]    -75  0.69       1.21
 0.39  0.53   6.63    13  0.1449  0.896  0.961 [ 0.49, 1.87]    -61  0.59       1.04
 0.49~ 0.26   6.27    33  0.1192  0.776  0.748 [ 0.34, 2.24]    -81  0.75       1.34
 0.61? 0.02  39.85    53  0.1085  0.755  4.324 [ 0.27, 6.15]    -90  0.23       0.23
 0.81  0.53   6.28    -6  0.0963  0.779  0.604 [ 0.12, 1.48]    -46  0.67       1.65
 1.00~ 0.27   4.73   -15  0.0910  0.965  0.430 [ 0.08, 0.89]    -45  0.75       2.33
 1.20  0.54   3.60   -75  0.0617  1.132  0.222 [ 0.06, 0.41]      7  0.82       4.50
 1.49~ 0.42   4.03  -159  0.0086  0.742  0.035 [ 0.02, 0.26]     21  0.97      28.89
 2.00~ 0.35   2.99   -91  0.0826  0.935  0.247 [ 0.22, 0.31]    162  1.30       4.06
 2.49? 0.12   2.63  -167  0.0721  0.605  0.190 [ 0.15, 0.48]    123  1.10       5.27
 3.00? 0.08   3.99   -74  0.0969  0.725  0.387 [ 0.22, 0.58]    110  1.06       2.58
   crossings 8  wc_first 0.167 [0.162,2.76] (99%)  PM 127 [41,340] (99%)
   GM 0.30 [0.129,9.08] (97%) at 0.62 Hz | Ms 2.37 [1.98,9.8] (100%) at 2.44 Hz | f(|S|>1) 0.83 [0.244,0.83] (100%)

--- T2       8-15   nps 4096  v 10.1  1rt/3run/10win  kp/LAF 0.0607  df 0.024 Hz
    f   coh    |P|  Plag     |C|  C/Can    |L|        [5,95]   argL   |S| x to |L|=1
 0.15  0.85   7.16    32  0.1356  0.918  0.971 [ 0.35, 1.01]    -52  0.57       1.03
 0.20  0.90   6.71    29  0.1065  0.742  0.715 [ 0.33, 0.80]     -9  0.58       1.40
 0.29  0.93   5.55    20  0.1312  0.934  0.729 [ 0.69, 2.46]    -19  0.59       1.37
 0.39  0.78   5.87    55  0.1498  1.075  0.880 [ 0.38, 0.89]    -66  0.63       1.14
 0.49  0.76   3.68    59  0.1508  1.085  0.555 [ 0.54, 1.59]    -70  0.77       1.80
 0.61~ 0.27   7.69    46  0.0935  0.675  0.719 [ 0.17, 1.46]   -109  0.97       1.39
 0.81  0.59   7.41    86  0.1363  0.985  1.010 [ 0.44, 1.04]    -94  0.73       0.99
 1.00~ 0.36   5.25    47  0.1174  0.849  0.616 [ 0.35, 0.95]    -48  0.67       1.62
 1.20? 0.13  10.56    51  0.1331  0.963  1.406 [ 0.76, 1.87]    -56  0.47       0.71
 1.49? 0.02  20.57   -16  0.1394  1.009  2.867 [ 0.17,12.84]      6  0.26       0.35
 2.00  0.91   3.54   173  0.1460  1.058  0.517 [ 0.30, 0.52]   -174  2.05       1.94
 2.49? 0.15   4.13    57  0.0728  0.527  0.301 [ 0.30, 0.64]    -50  0.82       3.33
 3.00  0.75   2.24   173  0.1311  0.950  0.293 [ 0.28, 0.40]   -173  1.41       3.41
   crossings 14  wc_first 0.144 [0.141,0.507] (100%)  PM 128 [78.1,225] (100%)
   GM nan [0.812,13.1] (33%) at nan Hz | Ms 2.53 [2.45,7.51] (100%) at 2.29 Hz | f(|S|>1) 1.07 [0.269,1.1] (100%)

wrote C:\Users\dudei\Desktop\Projects\accord-eps-torque-mod\rlog-tools\studies\v282-reference\loopshape\loopshape\out\L3_pool.json
