================================================================================================================
1. LAG DECOMPOSITION of the measured closed loop  Z (shaped setpoint) -> M (wheel angle)
   T_ry = (P*C_total) * S.   lag = -arg/(2 pi f) in ms.   bin 15-22, nperseg 1024
================================================================================================================
family    f Hz   coh  |Try|  lag_total    lag_S  lag_ffplant   |S|    |L|
V282      0.20  0.82  0.911        128     -600          727  0.51  1.395
V282      0.29  0.88  0.885        119     -350          470  0.64  0.978
V282      0.39  0.90  0.891        119     -232          350  0.76  0.721
V282      0.59  0.93  0.912        123     -126          248  0.89  0.502
V282      0.78  0.94  0.849        117      -74          191  0.95  0.374
V282      0.98  0.95  0.818        104      -53          157  0.96  0.335
V282      1.17  0.93  0.780         90      -38          128  0.95  0.292

T64       0.20  0.73  1.133        180     -167          347  0.76  0.392
T64       0.29  0.84  1.133        297     -103          401  0.83  0.289
T64       0.39  0.85  1.143        277      -88          365  0.87  0.279
T64       0.59  0.81  1.242        189      -82          271  0.92  0.324
T64       0.78  0.78  1.494         96      -78          174  0.93  0.398
T64       0.98  0.74  1.409         73      -50          123  0.97  0.312
T64       1.17  0.80  0.722         63      -17           81  1.00  0.125

T64B      0.20  0.68  1.003        110     -186          296  0.63  0.648
T64B      0.29  0.64  1.085        183     -148          331  0.73  0.495
T64B      0.39  0.66  1.393        167     -167          334  0.80  0.523
T64B      0.59  0.76  1.467        143     -123          267  0.92  0.476
T64B      0.78  0.70  1.925         39     -137          176  0.93  0.692
T64B      0.98  0.54  1.668        -18      -98           80  0.74  0.776
T64B      1.17? 0.16  1.922       -111      -19          -92  0.48  1.104

T5        0.20  0.92  1.077        324     -185          508  0.76  0.405
T5        0.29  0.92  1.039        255     -127          382  0.77  0.400
T5        0.39  0.87  1.022        217     -115          331  0.79  0.408
T5        0.59  0.86  0.838        204      -81          285  0.92  0.324
T5        0.78  0.54  1.666         70     -128          198  0.92  0.651
T5        0.98~ 0.40  0.724        -10      -23           13  0.85  0.227
T5        1.17  0.59  0.534        378        6          372  1.10  0.100

T4        0.20  0.79  1.010        134     -811          945  0.72  1.188
T4        0.29  0.89  1.087        160     -471          631  0.88  0.902
T4        0.39  0.85  1.349         96     -383          479  0.95  0.934
T4        0.59  0.65  2.025          7     -286          293  0.89  1.070
T4        0.78  0.52  2.005        -64     -185          121  0.62  1.279
T4        0.98~ 0.41  1.977       -159       -9         -149  0.51  0.982
T4        1.17  0.66  4.006       -364      101         -465  0.98  0.737

RF00T     0.20  0.94  1.025        309     -236          545  0.72  0.509
RF00T     0.29  0.92  0.952        245     -140          385  0.76  0.429
RF00T     0.39  0.85  0.945        218     -112          330  0.78  0.423
RF00T     0.59  0.71  0.990        156      -87          243  0.82  0.415
RF00T     0.78  0.58  1.074        116     -101          217  0.90  0.531
RF00T     0.98  0.51  0.680         53      -55          108  0.89  0.379
RF00T     1.17~ 0.34  0.614         -0      -46           46  0.86  0.401

T2        0.20  0.87  0.906        117     -206          323  0.68  0.561
T2        0.29  0.91  0.835        169     -137          305  0.79  0.388
T2        0.39  0.83  1.095        172     -153          324  0.80  0.481
T2        0.59  0.85  0.986        244      -77          321  1.00  0.283
T2        0.78  0.81  1.352         93      -82          175  0.86  0.461
T2        0.98  0.79  1.385         70      -62          132  0.84  0.452
T2        1.17  0.65  1.358         49      -47           96  0.81  0.453

T3        0.20  0.95  0.658        262     -204          466  0.84  0.337
T3        0.29  0.94  0.773        192     -149          340  0.85  0.349
T3        0.39  0.90  0.772        131     -107          238  0.86  0.323
T3        0.59  0.89  0.814        117      -68          185  0.91  0.281
T3        0.78  0.74  0.746         16      -41           56  0.83  0.301
T3        0.98  0.84  0.520        -50      -14          -36  0.91  0.129
T3        1.17  0.79  0.014       -421        0         -422  1.00  0.002

   GAP vs V282 (ms; + = torque mode is later).  'S part' is what the LOOP GAIN owns.
family                 0.20 Hz               0.29 Hz               0.39 Hz               0.59 Hz               0.98 Hz
            total  S  ff+plant    total  S  ff+plant    total  S  ff+plant    total  S  ff+plant    total  S  ff+plant
T64           52    432   -380     178    247    -69     158    143     15      67     44     23     -31      3    -34
T64B         -17    414   -431      64    202   -139      49     65    -16      21      2     18    -122    -45    -77
T5           196    415   -219     135    223    -88      98    117    -19      81     44     37    -114     30   -144
T4             6   -211    217      41   -120    161     -23   -152    129    -116   -160     44    -262     44   -306
RF00T        181    364   -183     126    210    -85     100    120    -20      33     39     -6     -51     -2    -49
T2           -11    394   -405      50    214   -164      53     79    -26     122     49     73     -34     -9    -25
T3           134    395   -261      73    202   -129      13    124   -112      -5     58    -63    -154     39   -193

================================================================================================================
2. DOSE ALGEBRA -- scale C_fb (i.e. SteerKP/SteerLatAccel) by k, recompute FROM THE
   MEASURED L.  EVIDENCE for the numbers; BELIEF for what the car would feel.
================================================================================================================
family    kp/LAF     k   wc Hz  PM deg     Ms  f_Ms  |S|0.2  |S|0.3  |S|0.6  |S|1.0     GM
V282      0.1500   1.0   0.287     105   1.00  1.95    0.51    0.64    0.89    0.96    n/a
V282      0.1500   1.5   0.424      99   1.00  1.95    0.38    0.51    0.79    0.90    n/a
V282      0.1500   2.0   0.588      91   0.99  1.95    0.31    0.41    0.70    0.84    n/a
V282      0.1500   2.5   0.723      87   0.99  1.95    0.25    0.35    0.62    0.78    n/a
V282      0.1500   3.0   0.980      88   0.99  1.95    0.22    0.30    0.55    0.72    n/a

T64       0.0714   1.0     nan     nan   1.06  1.95    0.76    0.83    0.92    0.97    n/a
T64       0.0714   1.5     nan     nan   1.09  1.95    0.67    0.76    0.86    0.93    n/a
T64       0.0714   2.0     nan     nan   1.12  1.95    0.60    0.70    0.80    0.87    n/a
T64       0.0714   2.5     nan     nan   1.16  1.95    0.54    0.64    0.73    0.81    n/a
T64       0.0714   3.0   0.247     132   1.20  1.95    0.49    0.59    0.68    0.75    n/a

T64B      0.0714   1.0     nan     nan   1.01  1.95    0.63    0.73    0.92    0.74    n/a
T64B      0.0714   1.5   1.013     110   1.01  1.95    0.53    0.63    0.84    0.61    n/a
T64B      0.0714   2.0   0.289     132   1.02  1.95    0.45    0.55    0.75    0.51    n/a
T64B      0.0714   2.5   1.312     190   1.02  1.95    0.40    0.49    0.66    0.43    n/a
T64B      0.0714   3.0   1.778     258   1.02  1.95    0.35    0.44    0.59    0.37    n/a

T5        0.0714   1.0     nan     nan   1.35  1.37    0.76    0.77    0.92    0.85   9.40
T5        0.0714   1.5     nan     nan   1.63  1.37    0.67    0.68    0.86    0.79   6.27
T5        0.0714   2.0   0.871     117   2.07  1.37    0.60    0.61    0.79    0.74   4.70
T5        0.0714   2.5   0.403     120   2.80  1.37    0.54    0.55    0.73    0.69   3.76
T5        0.0714   3.0   0.543     105   4.25  1.37    0.49    0.50    0.67    0.64   3.13

T4        0.0607   1.0   0.256      75   1.15  1.95    0.72    0.88    0.89    0.51   6.10
T4        0.0607   1.5   0.833     101   1.24  1.95    0.54    0.70    0.67    0.41   4.06
T4        0.0607   2.0   0.856     106   1.34  1.95    0.42    0.56    0.51    0.34   3.05
T4        0.0607   2.5   0.874     109   1.47  1.95    0.34    0.46    0.41    0.29   2.44
T4        0.0607   3.0   1.829     298   1.62  1.95    0.29    0.39    0.34    0.25   2.03

RF00T     0.0500   1.0     nan     nan   0.90  0.78    0.72    0.76    0.82    0.89   0.30
RF00T     0.0500   1.5     nan     nan   0.82  0.98    0.63    0.67    0.73    0.82   0.20
RF00T     0.0500   2.0   0.206     129   0.74  0.98    0.55    0.60    0.66    0.74   0.15
RF00T     0.0500   2.5   0.951     102   0.67  0.98    0.49    0.53    0.59    0.67   0.12
RF00T     0.0500   3.0     nan     nan   0.61  0.98    0.44    0.48    0.54    0.61   0.10

T2        0.0607   1.0     nan     nan   1.52  1.95    0.68    0.79    1.00    0.84    n/a
T2        0.0607   1.5     nan     nan   2.04  1.95    0.58    0.70    0.97    0.75    n/a
T2        0.0607   2.0   0.226     135   2.98  1.95    0.50    0.63    0.92    0.67    n/a
T2        0.0607   2.5   0.285     127   4.69  1.95    0.44    0.57    0.87    0.60    n/a
T2        0.0607   3.0   0.532      91   4.98  1.95    0.40    0.52    0.82    0.54    n/a

T3        0.0607   1.0     nan     nan   1.03  1.76    0.84    0.85    0.91    0.91   3.44
T3        0.0607   1.5     nan     nan   1.05  1.76    0.76    0.77    0.85    0.87   2.29
T3        0.0607   2.0     nan     nan   1.07  1.76    0.69    0.70    0.79    0.84   1.72
T3        0.0607   2.5     nan     nan   1.08  1.76    0.63    0.64    0.74    0.80   1.37
T3        0.0607   3.0   0.351     112   1.10  1.76    0.58    0.58    0.69    0.77   1.15

================================================================================================================
3. SHAKE-BAND COMMAND ACCOUNTING  (1.8-3.5 Hz, 15.0-22.0 m/s, laterally engaged, hands off)
   rms of the command and of its parts, in output-torque units; share = var(part)/var(total).
   u = out ;  u_fb = -(p+i)/LAF  (the term a kp/LAF dose scales) ;  u_ff = -f/LAF
================================================================================================================
route  fam        rms u  rms ufb  rms uff  fb share  rms srate  d/s per u
64     V282     0.00244  0.00072  0.00179     0.088     0.3028      124.2
65     V282     0.00223  0.00069  0.00161     0.096     0.2636      118.4
6c     V282     0.00262  0.00078  0.00193     0.089     0.3094      118.0
39     V282old  0.00369  0.00274  0.00228     0.551     0.5483      148.5
3a     V282old  0.00201  0.00119  0.00114     0.353     0.2954      147.2
3c     V282old  0.00186  0.00113  0.00114     0.371     0.2937      157.6
6c     T64      0.00141  0.00032  0.00118     0.051     1.0204      722.4
6d     T64      0.00189  0.00053  0.00145     0.079     1.4963      792.3
6e     T64B     0.00368  0.00128  0.00265     0.122     4.7074     1280.6
76     T5       0.00142  0.00055  0.00095     0.149     1.8089     1274.2
75     T4       0.00258  0.00123  0.00151     0.228     4.2437     1643.5
70     RF00T    0.00192  0.00179  0.00083     0.874     2.5682     1338.6
71     T2       0.00700  0.00478  0.00257     0.466     7.8754     1125.1
72     T3       0.00074  0.00029  0.00051     0.149     0.8916     1208.9
73     T3R      0.00326  0.00023  0.00304     0.005     0.8554      262.2

