J PROFILE: J fixed, b/k/Fc/Fs refitted on the fit windows (p5b estimator), scored on the held-out windows

BAND 0-5 m/s
       J |       b      k     Fc     Fs | fit cost held cst |    om R2    skill   dth R2   om rms
    0.10 |    4.80    6.1   75.9   94.3 |   0.1951   0.1873 |   +0.733   +0.929   +0.916     4.67
    0.20 |    4.94    6.5   76.2   94.7 |   0.1724   0.1862 |   +0.749   +0.933   +0.906     4.54
    0.30 |    5.24    7.0   73.6   91.9 |   0.1700   0.2035 |   +0.729   +0.927   +0.895     4.71
    0.50 |    6.22    8.6   59.5   75.4 |   0.1972   0.2794 |   +0.605   +0.894   +0.873     5.69
    0.80 |    8.08   11.4   37.8   49.1 |   0.2592   0.4137 |   +0.368   +0.831   +0.847     7.20
    1.30 |   11.42   16.6   34.5   45.1 |   0.3508   0.5953 |   +0.051   +0.746   +0.809     8.82

BAND 5-10 m/s
       J |       b      k     Fc     Fs | fit cost held cst |    om R2    skill   dth R2   om rms
    0.10 |    5.05   19.7   13.1   16.7 |   0.1486   0.7408 |   +0.274   +0.769   +0.223    11.82
    0.20 |    5.24   20.2   13.5   18.9 |   0.1351   0.7075 |   +0.308   +0.780   +0.257    11.54
    0.30 |    5.51   21.2   13.7   17.2 |   0.1274   0.6859 |   +0.327   +0.786   +0.281    11.38
    0.50 |    6.28   24.2   15.1   19.3 |   0.1234   0.6708 |   +0.336   +0.789   +0.304    11.31
    0.80 |    7.71   30.3   14.4   18.5 |   0.1293   0.6843 |   +0.311   +0.781   +0.301    11.51
    1.30 |   10.29   41.2   15.3   21.4 |   0.1449   0.7206 |   +0.262   +0.766   +0.278    11.92

BAND 10-15 m/s
       J |       b      k     Fc     Fs | fit cost held cst |    om R2    skill   dth R2   om rms
    0.10 |   11.53   25.9   13.2   15.7 |   1.3091   0.8142 |   +0.089   +0.829   +0.753     2.02
    0.20 |    9.76   24.3   15.8   18.6 |   1.2815   0.8311 |   +0.072   +0.826   +0.745     2.04
    0.30 |    9.14   24.0   16.5   18.9 |   1.2536   0.8337 |   +0.068   +0.825   +0.746     2.04
    0.50 |    7.54   23.3   18.7   21.7 |   1.2041   0.8796 |   +0.017   +0.815   +0.732     2.09
    0.80 |    6.28   23.9   21.8   25.2 |   1.1416   0.9346 |   -0.038   +0.805   +0.704     2.15
    1.30 |    5.98   27.8   19.4   22.4 |   1.0855   0.9857 |   -0.103   +0.793   +0.701     2.22

BAND 15-22 m/s
       J |       b      k     Fc     Fs | fit cost held cst |    om R2    skill   dth R2   om rms
    0.10 |   20.89   79.9    7.8    9.9 |   1.4750   4.8296 |   -0.018   +0.821   +0.703     2.74
    0.20 |   20.65   79.7    7.9   10.0 |   1.4590   4.7784 |   -0.006   +0.823   +0.706     2.72
    0.30 |   18.97   77.1    9.1   11.6 |   1.4410   4.6991 |   +0.005   +0.825   +0.713     2.71
    0.50 |   18.11   77.1   10.1   12.8 |   1.4076   4.6647 |   +0.013   +0.827   +0.715     2.70
    0.80 |   17.14   77.2   10.7   13.6 |   1.3735   4.6697 |   +0.010   +0.826   +0.716     2.70
    1.30 |   16.45   80.3   11.2   14.3 |   1.3400   4.8697 |   -0.030   +0.819   +0.703     2.76

BAND 22+ m/s
       J |       b      k     Fc     Fs | fit cost held cst |    om R2    skill   dth R2   om rms
    0.10 |   29.30   56.7    3.5    4.5 |   1.1626   1.4941 |   +0.083   +0.778   +0.397     1.90
    0.20 |   26.41   55.8    4.4    5.6 |   1.1498   1.4747 |   +0.094   +0.781   +0.405     1.89
    0.30 |   26.60   56.0    4.8    6.2 |   1.1424   1.4730 |   +0.097   +0.781   +0.403     1.88
    0.50 |   27.72   57.6    4.7    6.5 |   1.1388   1.4842 |   +0.088   +0.779   +0.404     1.89
    0.80 |   29.70   60.1    3.4    4.3 |   1.1440   1.5091 |   +0.067   +0.774   +0.406     1.91
    1.30 |   33.93   64.4    3.0    4.3 |   1.1632   1.5538 |   +0.040   +0.768   +0.387     1.94
