   1 s  a993_G1.00
   1 s  a993_G1.50
   2 s  a993_G2.00
   2 s  a993_G2.50
   2 s  a993_G3.00
   2 s  a993_G4.00
   2 s  a1000_G1.00
   2 s  a1000_G1.50
   2 s  a1000_G2.00
   2 s  a1000_G2.50
   2 s  a1000_G3.00
   3 s  a1000_G4.00
   3 s  a1005_G1.00
   3 s  a1005_G1.50
   3 s  a1005_G2.00
   3 s  a1005_G2.50
   3 s  a1005_G3.00
   3 s  a1005_G4.00
   3 s  a1008_G1.00
   3 s  a1008_G1.50
   4 s  a1008_G2.00
   4 s  a1008_G2.50
   4 s  a1008_G3.00
   4 s  a1008_G4.00
   4 s  a1011_G1.50
   4 s  a1011_G2.00
   4 s  a1011_G2.50
   4 s  a1011_G3.00
   4 s  a1011_G4.00
   5 s  a1014_G1.00
   5 s  a1014_G1.50
   5 s  a1014_G2.00
   5 s  a1014_G2.50
   5 s  a1014_G3.00
   5 s  a1014_G4.00
   5 s  a1016_G1.00
   5 s  a1016_G1.50
   5 s  a1016_G2.00
   6 s  a1016_G2.50
   6 s  a1016_G3.00
   6 s  a1016_G4.00
   6 s  a1017_G1.00
   6 s  a1017_G1.50
   6 s  a1017_G2.00
   6 s  a1017_G2.50
   6 s  a1017_G3.00
   6 s  a1017_G4.00
   6 s  a1018_G1.00
   7 s  a1018_G1.50
   7 s  a1018_G2.00
   7 s  a1018_G2.50
   7 s  a1018_G3.00
   7 s  a1019_G1.00
   7 s  a1019_G1.50
   7 s  a1019_G2.00
   7 s  a1019_G2.50
   7 s  a1019_G3.00
   8 s  a1020_G1.00
   8 s  a1020_G1.50
   8 s  a1020_G2.00

cand            pole     b sh    Kp     C |     Ka   d2.0   d2.5   i2.5 |   HFx P/x20 |  Msin  GMin  zmin  L13mx | stress | oGMlb17 oGMlb27 oMsNom oGMnom | flatN12 flatLb12
V294            2.03   567  2   960  1024 |  0.210   1.61   1.83  0.024 |  1.00  2.08 |  1.13  16.3  0.45   0.80 | +0.001 |   2.59   1.68   1.29    7.7 |  5.24  7.46
a993_G1.00      4.89   567  2   960  1024 |  0.088   0.67   0.90  0.041 |  0.99  2.05 |  1.10  20.8  0.36   0.42 | +0.000 |   1.71   1.13   1.35    6.0 |  5.57  9.46
a993_G1.50      4.89   850  2   960  1024 |  0.132   1.01   1.35  0.061 |  1.49  3.07 |  1.14  13.9  0.36   0.64 | +0.000 |   2.00   1.34   1.35    6.8 |  5.27  8.22
a993_G2.00      4.89  1134  2   960  1024 |  0.176   1.34   1.80  0.081 |  1.99  4.10 |  1.19  10.4  0.36   0.85 | +0.001 |   2.34   1.58   1.35    7.5 |  5.00  7.15
a993_G2.50      4.89  1418  2   960  1024 |  0.220   1.68   2.25  0.101 |  2.48  5.12 |  1.25   8.3  0.35   1.06 | +0.000 |   2.70   1.79   1.35    8.1 |  4.75  6.26
a993_G3.00      4.89  1701  2   960  1024 |  0.264   2.01   2.70  0.122 |  2.98  6.14 |  1.31   6.9  0.35   1.27 | +0.000 |   3.00   2.04   1.35    8.9 |  4.53  5.52
a993_G4.00      4.89  2268  2   960  1024 |  0.352   2.69   3.60  0.162 |  3.97  8.19 |  1.45   5.2  0.33   1.69 | +0.000 |   3.69   2.52   1.37   10.4 |  4.13  4.69
a1000_G1.00     3.77   567  2   960  1024 |  0.114   0.91   1.17  0.041 |  1.00  2.06 |  1.11  19.0  0.38   0.52 | +0.001 |   1.96   1.27   1.34    6.5 |  5.45  8.59
a1000_G1.50     3.77   850  2   960  1024 |  0.170   1.36   1.75  0.061 |  1.50  3.10 |  1.16  12.7  0.38   0.79 | +0.001 |   2.44   1.60   1.33    7.6 |  5.10  7.18
a1000_G2.00     3.77  1134  2   960  1024 |  0.227   1.81   2.34  0.082 |  1.99  4.13 |  1.22   9.5  0.37   1.05 | +0.001 |   2.88   1.94   1.33    8.5 |  4.80  6.07
a1000_G2.50     3.77  1418  2   960  1024 |  0.284   2.27   2.92  0.102 |  2.49  5.16 |  1.28   7.6  0.37   1.31 | +0.001 |   3.41   2.31   1.34    9.7 |  4.53  5.19
a1000_G3.00     3.77  1701  2   960  1024 |  0.341   2.72   3.51  0.123 |  2.99  6.19 |  1.36   6.3  0.36   1.57 | +0.001 |   3.97   2.69   1.34   10.7 |  4.29  4.56
a1000_G4.00     3.77  1134  1  1920   512 |  0.454   3.62   4.67  0.164 |  3.99  8.26 |  1.52   4.7  0.34   2.10 | +0.001 |   5.19   3.47   1.35   12.5 |  3.87  3.95
a1005_G1.00     2.98   567  2   960  1024 |  0.143   1.16   1.43  0.037 |  1.00  2.07 |  1.12  17.7  0.41   0.63 | +0.001 |   2.20   1.43   1.32    7.0 |  5.35  7.73
a1005_G1.50     2.98   850  2   960  1024 |  0.215   1.74   2.15  0.056 |  1.50  3.11 |  1.17  11.8  0.40   0.94 | +0.001 |   2.87   1.88   1.32    8.2 |  4.98  6.41
a1005_G2.00     2.98  1134  2   960  1024 |  0.287   2.32   2.86  0.075 |  2.00  4.15 |  1.24   8.8  0.39   1.25 | +0.001 |   3.54   2.33   1.31    9.7 |  4.65  5.43
a1005_G2.50     2.98  1418  2   960  1024 |  0.359   2.90   3.58  0.094 |  2.50  5.18 |  1.31   7.1  0.38   1.56 | +0.002 |   4.33   2.81   1.32   11.2 |  4.36  4.67
a1005_G3.00     2.98   850  1  1920   512 |  0.430   3.48   4.29  0.112 |  3.00  6.22 |  1.40   5.9  0.36   1.88 | +0.002 |   5.12   3.33   1.32   12.3 |  4.11  4.05
a1005_G4.00     2.98  1134  1  1920   512 |  0.574   4.65   5.73  0.150 |  4.00  8.29 |  1.59   4.4  0.34   2.50 | +0.002 |   6.97   4.48   1.34   14.0 |  3.67  3.17
a1008_G1.00     2.51   567  2   960  1024 |  0.170   1.36   1.62  0.032 |  1.00  2.08 |  1.13  17.0  0.43   0.70 | +0.001 |   2.41   1.56   1.31    7.4 |  5.29  7.54
a1008_G1.50     2.51   850  2   960  1024 |  0.255   2.05   2.43  0.048 |  1.50  3.11 |  1.18  11.3  0.41   1.05 | +0.001 |   3.18   2.04   1.30    8.8 |  4.90  6.24
a1008_G2.00     2.51  1134  2   960  1024 |  0.341   2.73   3.24  0.065 |  2.00  4.15 |  1.26   8.5  0.40   1.41 | +0.002 |   4.05   2.62   1.30   10.5 |  4.56  5.23
a1008_G2.50     2.51  1418  2   960  1024 |  0.426   3.41   4.05  0.081 |  2.50  5.19 |  1.34   6.8  0.38   1.76 | +0.002 |   4.94   3.19   1.30   12.1 |  4.27  4.44
a1008_G3.00     2.51   850  1  1920   512 |  0.511   4.09   4.86  0.097 |  3.00  6.23 |  1.42   5.7  0.37   2.11 | +0.002 |   5.89   3.82   1.31   13.2 |  4.01  3.82
a1008_G4.00     2.51  1134  1  1920   512 |  0.681   5.46   6.48  0.129 |  4.00  8.31 |  1.63   4.2  0.34   2.81 | +0.002 |   8.05   5.15   1.33   15.3 |  3.57  2.90
a1011_G1.50     2.03   850  2   960  1024 |  0.314   2.41   2.74  0.035 |  1.50  3.12 |  1.20  10.9  0.43   1.20 | +0.001 |   3.53   2.26   1.28    9.4 |  4.84  6.09
a1011_G2.00     2.03  1134  2   960  1024 |  0.419   3.22   3.65  0.047 |  2.00  4.16 |  1.27   8.1  0.41   1.59 | +0.002 |   4.46   2.87   1.28   11.2 |  4.49  5.04
a1011_G2.50     2.03   709  1  1920   512 |  0.524   4.03   4.57  0.059 |  2.50  5.20 |  1.36   6.5  0.39   1.99 | +0.002 |   5.55   3.53   1.28   12.8 |  4.19  4.22
a1011_G3.00     2.03   850  1  1920   512 |  0.628   4.83   5.47  0.071 |  3.00  6.23 |  1.46   5.4  0.38   2.39 | +0.002 |   6.58   4.19   1.29   14.0 |  3.93  3.59
a1011_G4.00     2.03  1134  1  1920   512 |  0.838   6.44   7.30  0.094 |  4.00  8.32 |  1.69   4.1  0.35   3.19 | +0.003 |   8.98   5.66   1.31   16.0 |  3.49  2.68
a1014_G1.00     1.56   567  2   960  1024 |  0.272   1.89   2.03  0.010 |  1.01  2.08 |  1.15  15.5  0.48   0.91 | +0.001 |   2.80   1.78   1.26    8.1 |  5.22  7.41
a1014_G1.50     1.56   850  2   960  1024 |  0.408   2.84   3.04  0.015 |  1.51  3.12 |  1.21  10.3  0.45   1.36 | +0.001 |   3.82   2.41   1.25    9.8 |  4.81  5.97
a1014_G2.00     1.56   567  1  1920   512 |  0.545   3.78   4.06  0.019 |  2.01  4.16 |  1.29   7.7  0.42   1.82 | +0.002 |   4.84   3.07   1.24   11.8 |  4.46  4.86
a1014_G2.50     1.56   709  1  1920   512 |  0.681   4.73   5.07  0.024 |  2.52  5.20 |  1.39   6.2  0.40   2.27 | +0.002 |   5.97   3.74   1.25   13.6 |  4.16  4.02
a1014_G3.00     1.56   850  1  1920   512 |  0.816   5.67   6.08  0.029 |  3.02  6.24 |  1.49   5.2  0.38   2.73 | +0.002 |   7.11   4.47   1.26   14.6 |  3.90  3.39
a1014_G4.00     1.56   567  0  3840   256 |  1.089   7.56   8.11  0.039 |  4.03  8.32 |  1.75   3.9  0.35   3.64 | +0.003 |   9.48   5.96   1.28   16.4 |  3.47  2.49
a1016_G1.00     1.25   567  2   960  1024 |  0.340   2.08   2.14 -0.003 |  1.01  2.08 |  1.15  15.1  0.50   0.99 | +0.001 |   2.92   1.85   1.24    8.1 |  5.23  7.42
a1016_G1.50     1.25   425  1  1920   512 |  0.510   3.12   3.21 -0.004 |  1.51  3.12 |  1.22  10.1  0.46   1.49 | +0.001 |   3.94   2.48   1.22   10.0 |  4.83  5.92
a1016_G2.00     1.25   567  1  1920   512 |  0.680   4.16   4.29 -0.005 |  2.02  4.16 |  1.31   7.5  0.43   1.99 | +0.001 |   4.96   3.14   1.21   12.0 |  4.49  4.78
a1016_G2.50     1.25   354  0  3840   256 |  0.849   5.20   5.35 -0.007 |  2.52  5.20 |  1.41   6.0  0.41   2.48 | +0.002 |   6.08   3.81   1.22   13.9 |  4.20  3.94
a1016_G3.00     1.25   425  0  3840   256 |  1.020   6.24   6.42 -0.008 |  3.03  6.24 |  1.52   5.0  0.39   2.98 | +0.002 |   7.29   4.53   1.23   14.9 |  3.94  3.30
a1016_G4.00     1.25   567  0  3840   256 |  1.360   8.32   8.57 -0.011 |  4.04  8.32 |  1.79   3.8  0.35   3.97 | +0.003 |   9.66   6.07   1.25   16.7 |  3.54  2.46
a1017_G1.00     1.09   567  2   960  1024 |  0.388   2.17   2.19 -0.010 |  1.01  2.08 |  1.15  14.9  0.51   1.04 | +0.001 |   2.94   1.87   1.22    8.2 |  5.25  7.45
a1017_G1.50     1.09   425  1  1920   512 |  0.582   3.25   3.28 -0.015 |  1.52  3.12 |  1.22   9.9  0.47   1.55 | +0.001 |   3.96   2.49   1.20   10.1 |  4.86  5.92
a1017_G2.00     1.09   567  1  1920   512 |  0.777   4.34   4.38 -0.020 |  2.02  4.16 |  1.31   7.4  0.44   2.07 | +0.001 |   5.03   3.14   1.20   12.2 |  4.53  4.78
a1017_G2.50     1.09   354  0  3840   256 |  0.970   5.42   5.47 -0.025 |  2.53  5.20 |  1.42   6.0  0.41   2.59 | +0.002 |   6.14   3.85   1.20   13.8 |  4.24  3.94
a1017_G3.00     1.09   425  0  3840   256 |  1.165   6.50   6.56 -0.030 |  3.03  6.24 |  1.53   5.0  0.39   3.11 | +0.002 |   7.28   4.57   1.21   14.8 |  4.00  3.31
a1017_G4.00     1.09   567  0  3840   256 |  1.554   8.67   8.76 -0.040 |  4.05  8.32 |  1.81   3.7  0.36   4.15 | +0.003 |   9.71   6.05   1.23   16.7 |  3.61  2.51
a1018_G1.00     0.94   284  1  1920   512 |  0.454   2.25   2.23 -0.018 |  1.01  2.08 |  1.16  14.7  0.53   1.08 | +0.001 |   2.96   1.88   1.21    8.3 |  5.29  7.50
a1018_G1.50     0.94   425  1  1920   512 |  0.679   3.37   3.33 -0.027 |  1.52  3.12 |  1.23   9.8  0.48   1.62 | +0.001 |   3.96   2.50   1.18   10.1 |  4.91  5.97
a1018_G2.00     0.94   284  0  3840   256 |  0.907   4.50   4.46 -0.036 |  2.03  4.17 |  1.32   7.3  0.45   2.16 | +0.001 |   5.09   3.18   1.18   12.2 |  4.59  4.81
a1018_G2.50     0.94   354  0  3840   256 |  1.131   5.61   5.55 -0.044 |  2.53  5.20 |  1.43   5.9  0.42   2.70 | +0.002 |   6.18   3.84   1.18   14.0 |  4.33  3.99
a1018_G3.00     0.94   425  0  3840   256 |  1.358   6.74   6.67 -0.053 |  3.04  6.24 |  1.55   4.9  0.40   3.24 | +0.002 |   7.31   4.55   1.19   15.0 |  4.10  3.39
a1019_G1.00     0.78   284  1  1920   512 |  0.544   2.32   2.25 -0.026 |  1.02  2.08 |  1.17  14.3  0.54   1.12 | +0.001 |   2.96   1.89   1.20    8.3 |  5.35  7.61
a1019_G1.50     0.78   425  1  1920   512 |  0.814   3.47   3.37 -0.039 |  1.52  3.12 |  1.24   9.6  0.49   1.68 | +0.001 |   4.01   2.49   1.17   10.2 |  5.00  6.08
a1019_G2.00     0.78   284  0  3840   256 |  1.087   4.63   4.50 -0.052 |  2.03  4.17 |  1.33   7.2  0.46   2.25 | +0.001 |   5.06   3.17   1.15   12.2 |  4.71  4.94
a1019_G2.50     0.78   354  0  3840   256 |  1.355   5.77   5.61 -0.065 |  2.53  5.19 |  1.44   5.7  0.43   2.80 | +0.002 |   6.14   3.85   1.16   13.9 |  4.46  4.16
a1019_G3.00     0.78   425  0  3840   256 |  1.627   6.93   6.74 -0.078 |  3.04  6.24 |  1.56   4.8  0.41   3.36 | +0.002 |   7.26   4.55   1.16   14.9 |  4.26  3.60
a1020_G1.00     0.62   284  1  1920   512 |  0.678   2.36   2.26 -0.035 |  1.02  2.08 |  1.17  14.1  0.55   1.16 | +0.001 |   2.96   1.86   1.19    8.2 |  5.46  7.82
a1020_G1.50     0.62   213  0  3840   256 |  1.017   3.54   3.39 -0.053 |  1.52  3.12 |  1.25   9.4  0.53   1.75 | +0.001 |   3.99   2.48   1.15   10.2 |  5.15  6.32
a1020_G2.00     0.62   284  0  3840   256 |  1.356   4.72   4.52 -0.070 |  2.03  4.17 |  1.34   7.1  0.49   2.33 | +0.001 |   5.03   3.14   1.13   12.2 |  4.89  5.24
total 8 s
