sweep 72 s

=== dist full  plant nominal   V294 absolute: track [0.874, 0.872, 0.575, 0.83, 0.922] | hold [nan, 0.788, 0.491, 0.67, 0.935] | hard16 [nan, 14.89, nan, 7.52, 1.75] | r_mid [4.95, 8.83, 2.75, 3.13, 1.06] | limit 1.27 Hz +3.0 dB
   cand         d track_gain (5 bands)               d turn_hold                          hard16 x V294                  r_mid (1-3Hz) x V294           r_hi (3-8Hz) x V294            limit dB
   a1011_G1.50  +0.002 +0.001 +0.000 +0.000 +0.000     nan  +0.006 -0.000 +0.000 +0.001   nan 0.90 nan 0.97 0.97         0.93 0.92 0.95 0.97 0.97       0.94 0.92 0.95 0.97 0.98       -0.5
   a1011_G2.00  +0.004 +0.002 +0.000 +0.000 +0.000     nan  +0.011 -0.001 +0.000 +0.001   nan 0.82 nan 0.93 0.94         0.86 0.84 0.90 0.94 0.95       0.92 0.86 0.90 0.93 0.96       -0.9
   a1011_G2.50  +0.004 +0.002 +0.000 +0.000 +0.000     nan  +0.014 -0.001 +0.001 +0.000   nan 0.75 nan 0.90 0.92         0.80 0.78 0.85 0.92 0.93       0.87 0.81 0.85 0.90 0.93       -1.3
   a1011_G3.00  +0.005 +0.003 +0.001 +0.001 +0.001     nan  +0.011 -0.000 +0.001 -0.001   nan 0.69 nan 0.87 0.89         0.75 0.72 0.81 0.89 0.91       0.83 0.76 0.81 0.87 0.90       -1.7
   a1017_G1.00  +0.002 +0.002 +0.000 +0.000 +0.000     nan  +0.014 +0.000 +0.000 +0.000   nan 0.95 nan 0.98 0.98         0.91 0.93 0.93 0.97 0.98       1.02 1.01 1.01 0.99 1.00       -0.5
   a1014_G1.50  +0.003 +0.002 +0.000 +0.000 +0.000     nan  +0.010 -0.000 +0.000 +0.001   nan 0.87 nan 0.95 0.96         0.88 0.87 0.91 0.95 0.97       0.97 0.93 0.95 0.96 0.98       -0.8
   a1014_G2.00  +0.004 +0.002 +0.000 +0.000 +0.000     nan  +0.016 +0.001 +0.001 +0.000   nan 0.78 nan 0.91 0.92         0.81 0.79 0.85 0.92 0.93       0.93 0.87 0.90 0.93 0.95       -1.3
   a1017_G2.00  +0.004 +0.004 +0.000 +0.001 +0.001     nan  +0.017 +0.010 +0.001 -0.001   nan 0.75 nan 0.90 0.90         0.72 0.73 0.80 0.90 0.91       0.97 0.88 0.90 0.93 0.95       -1.7
   a1005_G2.00  +0.002 +0.001 +0.000 +0.000 +0.000     nan  +0.005 -0.000 +0.000 +0.000   nan 0.89 nan 0.97 0.97         0.94 0.93 0.96 0.98 0.98       0.89 0.86 0.91 0.94 0.96       -0.2
   a1017_G3.00  +0.004 +0.005 +0.000 +0.001 +0.001     nan  +0.023 +0.014 +0.000 +0.001   nan 0.61 nan 0.82 0.85         0.61 0.60 0.69 0.83 0.86       0.85 0.77 0.82 0.87 0.91       -2.5

=== dist full  plant light_b   V294 absolute: track [0.873, 0.873, 0.583, 0.833, 0.923] | hold [nan, 0.81, 0.501, 0.667, 0.943] | hard16 [nan, 14.87, nan, 7.16, 1.91] | r_mid [5.0, 8.85, 2.96, 3.15, 1.26] | limit 1.27 Hz +3.0 dB
   cand         d track_gain (5 bands)               d turn_hold                          hard16 x V294                  r_mid (1-3Hz) x V294           r_hi (3-8Hz) x V294            limit dB
   a1011_G1.50  +0.003 +0.001 +0.000 -0.000 +0.000     nan  -0.006 -0.002 +0.006 -0.012   nan 0.81 nan 0.80 0.81         0.85 0.80 0.88 0.85 0.90       0.94 0.92 0.93 0.91 0.95       -4.2
   a1011_G2.00  +0.004 +0.000 +0.001 +0.000 +0.001     nan  -0.009 -0.012 +0.004 +0.000   nan 0.69 nan 0.66 0.68         0.73 0.66 0.77 0.74 0.82       0.92 0.86 0.87 0.83 0.89       -5.5
   a1011_G2.50  +0.006 +0.000 +0.001 +0.000 +0.002     nan  -0.010 -0.011 +0.004 +0.001   nan 0.59 nan 0.55 0.60         0.65 0.56 0.67 0.65 0.75       0.85 0.79 0.81 0.78 0.83       -6.6
   a1011_G3.00  +0.007 -0.000 +0.000 +0.000 +0.001     nan  -0.012 -0.011 +0.004 -0.010   nan 0.52 nan 0.48 0.54         0.59 0.49 0.60 0.59 0.70       0.80 0.74 0.77 0.72 0.77       -7.5
   a1017_G1.00  +0.004 +0.001 -0.000 +0.000 +0.001     nan  -0.007 -0.006 +0.006 -0.000   nan 0.94 nan 0.89 0.90         0.84 0.84 0.85 0.88 0.91       1.09 1.05 1.02 0.99 1.03       -2.3
   a1014_G1.50  +0.004 +0.001 +0.000 +0.000 +0.001     nan  -0.007 -0.009 +0.006 -0.000   nan 0.78 nan 0.74 0.77         0.76 0.71 0.79 0.79 0.86       1.00 0.94 0.95 0.90 0.96       -5.3
   a1014_G2.00  +0.006 +0.000 +0.001 +0.000 +0.001     nan  -0.010 -0.007 +0.004 +0.001   nan 0.65 nan 0.60 0.63         0.66 0.59 0.67 0.67 0.76       0.94 0.87 0.88 0.83 0.88       -6.6
   a1017_G2.00  +0.009 +0.001 +0.000 +0.000 +0.002     nan  -0.011 +0.009 +0.000 +0.001   nan 0.61 nan 0.56 0.59         0.60 0.52 0.58 0.61 0.70       0.94 0.91 0.90 0.84 0.90       -7.4
   a1005_G2.00  +0.002 -0.000 +0.000 -0.000 +0.001     nan  -0.006 -0.006 +0.004 +0.000   nan 0.77 nan 0.76 0.80         0.88 0.81 0.91 0.86 0.92       0.85 0.83 0.86 0.84 0.88       -3.7
   a1017_G3.00  +0.011 +0.002 -0.002 +0.001 +0.003     nan  -0.022 +0.020 -0.001 +0.004   nan 0.45 nan 0.41 0.46         0.47 0.39 0.45 0.45 0.58       0.78 0.77 0.81 0.73 0.79       -2.4

=== dist full  plant b_lo   V294 absolute: track [0.874, 0.873, 0.579, 0.831, 0.923] | hold [nan, 0.796, 0.498, 0.672, 0.936] | hard16 [nan, 14.89, nan, 7.5, 1.74] | r_mid [4.97, 8.84, 2.79, 3.15, 1.07] | limit 1.27 Hz +3.1 dB
   cand         d track_gain (5 bands)               d turn_hold                          hard16 x V294                  r_mid (1-3Hz) x V294           r_hi (3-8Hz) x V294            limit dB
   a1011_G1.50  +0.003 +0.001 +0.000 +0.000 +0.000     nan  +0.007 -0.004 -0.000 +0.001   nan 0.87 nan 0.94 0.95         0.91 0.88 0.92 0.95 0.97       0.95 0.91 0.94 0.95 0.96       -0.8
   a1011_G2.00  +0.005 +0.001 +0.001 +0.000 +0.000     nan  +0.009 -0.007 -0.000 +0.001   nan 0.77 nan 0.89 0.90         0.84 0.79 0.85 0.91 0.93       0.92 0.84 0.87 0.90 0.93       -1.6
   a1011_G2.50  +0.006 +0.002 +0.001 +0.000 +0.000     nan  +0.005 -0.005 -0.000 +0.003   nan 0.69 nan 0.84 0.86         0.76 0.71 0.79 0.87 0.90       0.89 0.79 0.82 0.85 0.89       -4.2
   a1011_G3.00  +0.007 +0.002 +0.001 +0.001 +0.001     nan  +0.001 -0.003 +0.000 +0.000   nan 0.62 nan 0.80 0.82         0.69 0.64 0.73 0.83 0.86       0.85 0.73 0.77 0.81 0.86       -4.6
   a1017_G1.00  +0.003 +0.001 +0.000 +0.000 +0.000     nan  +0.009 -0.001 +0.000 +0.002   nan 0.94 nan 0.96 0.96         0.89 0.90 0.91 0.96 0.97       1.06 1.02 1.01 1.00 1.02       -0.9
   a1014_G1.50  +0.004 +0.001 +0.000 +0.000 +0.000     nan  +0.010 -0.003 -0.000 +0.001   nan 0.83 nan 0.91 0.92         0.86 0.82 0.87 0.93 0.94       0.99 0.93 0.93 0.94 0.97       -1.4
   a1014_G2.00  +0.006 +0.002 +0.001 +0.000 +0.000     nan  +0.006 -0.003 +0.000 +0.003   nan 0.73 nan 0.85 0.88         0.76 0.72 0.79 0.87 0.90       0.96 0.86 0.88 0.89 0.93       -2.3
   a1017_G2.00  +0.006 +0.003 +0.001 +0.001 +0.001     nan  +0.008 +0.005 +0.000 +0.003   nan 0.68 nan 0.83 0.85         0.68 0.66 0.72 0.84 0.87       1.01 0.88 0.89 0.89 0.94       -2.8
   a1005_G2.00  +0.002 +0.000 +0.000 +0.000 +0.000     nan  +0.005 -0.007 -0.000 +0.002   nan 0.85 nan 0.94 0.95         0.93 0.89 0.95 0.96 0.97       0.88 0.84 0.88 0.91 0.93       -0.5
   a1017_G3.00  +0.006 +0.004 +0.001 +0.001 +0.001     nan  +0.005 +0.014 -0.001 +0.003   nan 0.54 nan 0.73 0.76         0.56 0.52 0.60 0.75 0.79       0.82 0.75 0.78 0.81 0.86       -5.6

=== dist full  plant J_hi   V294 absolute: track [0.875, 0.872, 0.576, 0.83, 0.922] | hold [nan, 0.79, 0.49, 0.667, 0.936] | hard16 [nan, 14.86, nan, 7.51, 1.74] | r_mid [4.91, 8.82, 2.74, 3.12, 1.05] | limit 1.27 Hz +3.1 dB
   cand         d track_gain (5 bands)               d turn_hold                          hard16 x V294                  r_mid (1-3Hz) x V294           r_hi (3-8Hz) x V294            limit dB
   a1011_G1.50  +0.002 +0.001 +0.000 +0.000 +0.000     nan  +0.006 +0.000 +0.000 -0.000   nan 0.92 nan 0.96 0.98         0.94 0.92 0.94 0.97 0.98       0.98 0.97 0.97 0.97 0.99       -0.5
   a1011_G2.00  +0.003 +0.002 +0.000 +0.000 +0.000     nan  +0.014 +0.000 +0.000 -0.000   nan 0.86 nan 0.92 0.95         0.88 0.85 0.88 0.93 0.95       0.96 0.94 0.94 0.94 0.96       -1.0
   a1011_G2.50  +0.003 +0.002 +0.000 +0.000 +0.000     nan  +0.014 +0.001 +0.001 -0.000   nan 0.80 nan 0.89 0.93         0.83 0.79 0.83 0.90 0.94       0.94 0.91 0.92 0.92 0.94       -1.5
   a1011_G3.00  +0.004 +0.003 +0.001 +0.001 +0.001     nan  +0.013 +0.001 +0.003 +0.000   nan 0.74 nan 0.86 0.89         0.77 0.74 0.78 0.88 0.90       0.91 0.88 0.90 0.89 0.93       -1.8
   a1017_G1.00  +0.001 +0.002 +0.000 +0.000 +0.000     nan  +0.010 +0.001 +0.000 -0.000   nan 0.98 nan 0.98 0.99         0.94 0.94 0.94 0.98 0.99       1.03 1.02 1.01 1.00 1.01       -0.4
   a1014_G1.50  +0.002 +0.002 +0.000 +0.000 +0.000     nan  +0.011 +0.001 +0.000 -0.000   nan 0.91 nan 0.95 0.97         0.90 0.89 0.90 0.95 0.97       0.99 0.98 0.98 0.97 0.99       -0.8
   a1014_G2.00  +0.003 +0.003 +0.000 +0.000 +0.000     nan  +0.015 +0.001 +0.001 -0.000   nan 0.83 nan 0.91 0.94         0.83 0.81 0.84 0.91 0.94       0.98 0.95 0.96 0.94 0.96       -1.3
   a1017_G2.00  +0.002 +0.004 +0.000 +0.001 +0.001     nan  +0.016 +0.011 +0.003 -0.000   nan 0.82 nan 0.89 0.92         0.77 0.77 0.79 0.89 0.92       1.00 0.97 0.97 0.95 0.97       -1.5
   a1005_G2.00  +0.002 +0.001 +0.000 +0.000 +0.000     nan  +0.008 -0.003 +0.000 +0.000   nan 0.90 nan 0.96 0.97         0.95 0.92 0.95 0.97 0.98       0.94 0.92 0.94 0.95 0.96       -0.5
   a1017_G3.00  +0.002 +0.005 +0.001 +0.001 +0.001     nan  +0.025 +0.018 +0.003 +0.000   nan 0.70 nan 0.82 0.86         0.66 0.65 0.68 0.82 0.86       0.92 0.92 0.92 0.90 0.94       -2.2

=== dist lp  plant nominal   V294 absolute: track [0.84, 0.865, 0.586, 0.764, 0.917] | hold [nan, 0.78, 0.592, 0.636, 0.94] | hard16 [nan, 1.26, nan, 0.17, 0.16] | r_mid [1.14, 1.09, 0.26, 0.19, 0.17] | limit 1.07 Hz -4.7 dB
   cand         d track_gain (5 bands)               d turn_hold                          hard16 x V294                  r_mid (1-3Hz) x V294           r_hi (3-8Hz) x V294            limit dB
   a1011_G1.50  -0.000 +0.001 +0.000 +0.000 +0.000     nan  -0.001 +0.001 +0.000 +0.001   nan 0.88 nan 1.03 1.00         0.92 0.93 0.96 0.99 0.99       0.93 0.94 0.94 0.98 1.05       -0.4
   a1011_G2.00  -0.000 +0.001 +0.000 +0.000 +0.000     nan  -0.001 +0.001 +0.000 +0.002   nan 0.82 nan 0.94 0.99         0.85 0.86 0.92 0.96 0.99       0.90 0.89 0.92 1.00 1.02       -0.8
   a1011_G2.50  -0.000 +0.002 +0.000 +0.000 +0.000     nan  -0.002 +0.001 +0.000 +0.003   nan 0.76 nan 0.93 1.04         0.79 0.81 0.90 0.97 0.99       0.85 0.82 0.90 0.94 1.03       -1.1
   a1011_G3.00  -0.001 +0.002 +0.000 +0.000 +0.000     nan  +0.000 +0.003 +0.000 +0.003   nan 0.72 nan 0.85 0.94         0.74 0.76 0.87 0.93 0.94       0.80 0.77 0.85 0.96 0.98       -1.4
   a1017_G1.00  -0.001 +0.001 -0.000 +0.000 +0.000     nan  +0.000 +0.003 +0.000 +0.002   nan 1.00 nan 1.00 1.02         0.85 0.91 0.95 0.98 0.99       1.03 1.02 1.00 1.01 1.06       -0.8
   a1014_G1.50  -0.000 +0.001 +0.000 +0.000 +0.000     nan  -0.002 +0.001 +0.000 +0.001   nan 0.89 nan 0.97 0.92         0.85 0.88 0.92 0.96 0.98       0.97 0.94 0.96 0.98 1.02       -1.0
   a1014_G2.00  -0.001 +0.002 +0.000 +0.000 +0.000     nan  -0.002 +0.003 +0.000 +0.002   nan 0.82 nan 1.00 1.01         0.77 0.80 0.89 0.94 0.95       0.92 0.88 0.94 0.98 1.03       -1.3
   a1017_G2.00  -0.002 +0.003 -0.000 +0.001 +0.001     nan  +0.002 +0.006 +0.000 +0.004   nan 0.84 nan 0.86 1.04         0.67 0.74 0.85 0.92 0.96       0.90 0.89 0.92 0.98 1.00       -1.8
   a1005_G2.00  +0.000 +0.000 +0.000 +0.000 +0.000     nan  -0.001 +0.000 +0.000 +0.002   nan 0.87 nan 1.03 0.97         0.97 0.95 0.97 0.99 1.00       0.86 0.87 0.92 0.98 1.05       -0.1
   a1017_G3.00  -0.004 +0.005 -0.001 +0.001 +0.001     nan  +0.005 +0.011 +0.000 +0.004   nan 0.75 nan 0.87 0.88         0.54 0.64 0.78 0.88 0.91       0.74 0.81 0.88 0.96 0.99       -2.3

=== dist lp  plant light_b   V294 absolute: track [0.871, 0.889, 0.621, 0.85, 0.937] | hold [nan, 0.828, 0.613, 0.728, 0.96] | hard16 [nan, 3.26, nan, 2.09, 1.26] | r_mid [5.08, 3.51, 1.1, 1.58, 1.28] | limit 1.07 Hz +0.7 dB
   cand         d track_gain (5 bands)               d turn_hold                          hard16 x V294                  r_mid (1-3Hz) x V294           r_hi (3-8Hz) x V294            limit dB
   a1011_G1.50  -0.000 +0.000 +0.000 -0.000 +0.003     nan  +0.002 -0.000 +0.000 +0.010   nan 0.76 nan 0.80 0.97         0.80 0.89 0.89 0.89 0.91       0.89 0.93 0.89 0.87 0.87       -1.4
   a1011_G2.00  -0.000 +0.000 +0.001 +0.000 +0.004     nan  +0.002 -0.000 -0.005 +0.011   nan 0.67 nan 0.68 0.87         0.67 0.77 0.81 0.80 0.77       0.85 0.90 0.80 0.79 0.72       -1.7
   a1011_G2.50  +0.001 +0.001 +0.001 +0.000 +0.004     nan  -0.002 -0.000 -0.000 +0.002   nan 0.58 nan 0.57 0.72         0.59 0.66 0.75 0.73 0.68       0.74 0.88 0.76 0.73 0.64       -3.2
   a1011_G3.00  +0.001 +0.002 +0.000 +0.001 +0.005     nan  -0.006 +0.002 -0.001 +0.006   nan 0.52 nan 0.50 0.66         0.52 0.58 0.67 0.68 0.62       0.67 0.84 0.72 0.68 0.57       -4.0
   a1017_G1.00  -0.000 +0.001 -0.001 +0.000 +0.001     nan  +0.000 +0.001 +0.004 +0.006   nan 0.89 nan 0.87 0.90         0.69 0.82 0.86 0.84 0.90       0.88 1.05 1.01 0.98 0.95       -1.9
   a1014_G1.50  -0.000 +0.001 -0.000 +0.000 +0.004     nan  +0.002 +0.000 +0.000 +0.010   nan 0.77 nan 0.74 1.02         0.68 0.77 0.80 0.81 0.84       0.90 0.97 0.88 0.86 0.87       -1.9
   a1014_G2.00  +0.001 +0.001 -0.001 +0.001 +0.004     nan  +0.001 -0.000 +0.000 +0.003   nan 0.66 nan 0.59 0.90         0.57 0.64 0.73 0.71 0.70       0.80 0.94 0.80 0.80 0.71       -2.7
   a1017_G2.00  +0.000 +0.003 -0.001 +0.000 +0.005     nan  -0.005 +0.002 +0.005 +0.004   nan 0.64 nan 0.53 0.82         0.42 0.53 0.63 0.63 0.60       0.75 0.97 0.86 0.83 0.73       -3.7
   a1005_G2.00  +0.000 +0.001 +0.001 -0.001 +0.002     nan  +0.003 -0.000 -0.005 +0.003   nan 0.75 nan 0.84 0.97         0.90 0.94 0.93 0.95 0.88       0.83 0.85 0.82 0.78 0.76       -0.8
   a1017_G3.00  -0.000 +0.007 -0.001 +0.002 +0.006     nan  -0.018 -0.000 +0.012 -0.000   nan 0.42 nan 0.38 0.55         0.28 0.38 0.52 0.51 0.49       0.74 0.83 0.75 0.67 0.60       -5.8

=== dist lp  plant b_lo   V294 absolute: track [0.847, 0.866, 0.595, 0.766, 0.919] | hold [nan, 0.799, 0.594, 0.636, 0.932] | hard16 [nan, 1.72, nan, 0.27, 0.33] | r_mid [1.92, 1.65, 0.39, 0.28, 0.28] | limit 1.07 Hz -2.6 dB
   cand         d track_gain (5 bands)               d turn_hold                          hard16 x V294                  r_mid (1-3Hz) x V294           r_hi (3-8Hz) x V294            limit dB
   a1011_G1.50  +0.000 +0.001 +0.000 +0.000 +0.000     nan  +0.002 +0.002 +0.000 +0.000   nan 0.86 nan 0.96 0.96         0.89 0.91 0.95 0.98 0.98       0.96 0.94 0.93 0.98 0.95       -0.6
   a1011_G2.00  +0.000 +0.001 -0.000 +0.000 +0.000     nan  -0.001 +0.004 +0.000 +0.000   nan 0.75 nan 0.95 0.93         0.80 0.83 0.92 0.96 0.96       0.92 0.88 0.89 0.92 0.95       -1.3
   a1011_G2.50  +0.001 +0.002 +0.000 +0.000 +0.000     nan  -0.001 +0.005 -0.000 +0.000   nan 0.66 nan 0.89 0.84         0.72 0.77 0.88 0.95 0.91       0.87 0.83 0.85 0.92 0.90       -1.7
   a1011_G3.00  +0.001 +0.003 -0.000 +0.000 +0.000     nan  -0.001 +0.006 -0.000 +0.000   nan 0.59 nan 0.84 0.80         0.66 0.71 0.85 0.94 0.90       0.82 0.80 0.81 0.88 0.88       -2.2
   a1017_G1.00  -0.000 +0.001 -0.000 +0.000 +0.000     nan  -0.001 +0.004 +0.000 +0.000   nan 0.92 nan 1.00 0.99         0.82 0.87 0.94 0.98 0.98       1.06 1.04 1.00 1.02 1.00       -1.1
   a1014_G1.50  +0.000 +0.001 -0.000 +0.000 +0.000     nan  -0.001 +0.004 +0.000 +0.000   nan 0.81 nan 0.95 0.93         0.80 0.84 0.92 0.98 0.94       0.97 0.95 0.93 0.97 1.00       -1.1
   a1014_G2.00  +0.000 +0.002 -0.000 +0.000 +0.000     nan  -0.001 +0.005 +0.000 +0.000   nan 0.71 nan 0.91 0.85         0.70 0.76 0.88 0.94 0.92       0.94 0.90 0.91 0.97 0.95       -1.9
   a1017_G2.00  -0.001 +0.003 -0.000 +0.000 +0.001     nan  -0.002 +0.013 -0.000 +0.000   nan 0.67 nan 0.87 0.87         0.57 0.66 0.81 0.91 0.88       0.96 0.95 0.92 0.94 0.93       -2.7
   a1005_G2.00  +0.000 +0.000 -0.000 +0.000 +0.000     nan  +0.002 +0.001 +0.000 +0.000   nan 0.84 nan 0.97 0.97         0.96 0.94 0.97 1.00 0.99       0.90 0.86 0.87 0.95 0.95       -0.2
   a1017_G3.00  -0.003 +0.006 -0.000 +0.001 +0.001     nan  -0.005 +0.019 -0.001 +0.001   nan 0.58 nan 0.77 0.75         0.43 0.52 0.71 0.85 0.83       0.85 0.90 0.80 0.92 0.90       -4.2

=== dist lp  plant J_hi   V294 absolute: track [0.826, 0.856, 0.593, 0.766, 0.918] | hold [nan, 0.785, 0.606, 0.637, 0.957] | hard16 [nan, 0.95, nan, 0.18, 0.17] | r_mid [0.95, 0.94, 0.32, 0.21, 0.17] | limit 1.07 Hz -4.3 dB
   cand         d track_gain (5 bands)               d turn_hold                          hard16 x V294                  r_mid (1-3Hz) x V294           r_hi (3-8Hz) x V294            limit dB
   a1011_G1.50  -0.000 +0.001 +0.000 +0.000 +0.000     nan  -0.000 +0.001 +0.000 +0.000   nan 0.93 nan 1.00 0.93         0.94 0.94 0.95 0.99 0.96       0.97 0.98 0.99 1.00 0.96       -0.3
   a1011_G2.00  -0.001 +0.001 +0.000 +0.000 +0.000     nan  +0.000 +0.003 +0.000 +0.000   nan 0.88 nan 0.94 0.87         0.88 0.87 0.89 0.98 0.95       0.96 0.97 1.00 0.95 0.95       -0.8
   a1011_G2.50  -0.001 +0.002 +0.000 +0.000 +0.000     nan  +0.000 +0.003 +0.000 +0.000   nan 0.84 nan 0.88 0.85         0.83 0.83 0.86 0.96 0.95       0.91 0.96 0.94 0.99 0.94       -1.2
   a1011_G3.00  -0.001 +0.002 +0.000 +0.000 +0.000     nan  +0.002 +0.005 +0.000 +0.000   nan 0.82 nan 0.92 0.87         0.79 0.78 0.84 0.96 0.92       0.86 0.94 0.96 0.93 0.88       -1.4
   a1017_G1.00  -0.001 +0.001 +0.000 +0.000 +0.000     nan  +0.002 +0.002 +0.000 +0.000   nan 1.02 nan 0.95 0.90         0.90 0.92 0.93 0.99 0.95       1.01 1.02 1.02 0.99 0.94       -0.6
   a1014_G1.50  -0.001 +0.001 +0.000 +0.000 +0.000     nan  +0.001 +0.003 +0.000 +0.000   nan 0.93 nan 0.98 0.91         0.89 0.89 0.92 0.99 0.94       0.99 1.00 0.99 1.00 0.90       -0.7
   a1014_G2.00  -0.001 +0.002 +0.000 +0.000 +0.000     nan  +0.000 +0.004 +0.000 +0.000   nan 0.89 nan 0.94 0.86         0.81 0.82 0.86 0.96 0.94       0.94 0.99 0.99 0.97 0.96       -1.2
   a1017_G2.00  -0.003 +0.003 +0.000 +0.001 +0.000     nan  +0.000 +0.006 +0.000 +0.000   nan 0.96 nan 0.92 0.83         0.74 0.78 0.82 0.93 0.92       0.93 1.01 0.97 0.97 0.97       -1.5
   a1005_G2.00  -0.000 +0.000 +0.000 +0.000 +0.000     nan  -0.002 +0.000 +0.000 +0.000   nan 0.89 nan 0.94 0.92         0.96 0.95 0.96 1.00 0.97       0.92 0.96 0.97 0.98 0.96       -0.2
   a1017_G3.00  -0.005 +0.005 -0.000 +0.001 +0.001     nan  +0.000 +0.014 +0.000 +0.001   nan 0.84 nan 0.86 0.89         0.63 0.68 0.73 0.90 0.87       0.85 1.00 0.98 0.96 0.94       -2.0

total 72 s
