# c1r2_design_G.py kd 16 ki_base 150 kp_base 225: G_max per member (Kp_eff = 225*G/256); tier A PM >= 45, tier B PM >= 30 (incl. every +h10); 0 = fails at the first grid point
    v    envA (binding)                envB (binding)                env  Kp_eff |       J1.3   b_q*J1.3      tau10 b_lo*tau10    ms_free    light_b b/1.9 (G3a       b_q0  b_q0*J_hi
  1.00     0 (                b_hi)    328 (         J1.0*tau6+h10)      0      0 |        392        392        968        712        992        448        840       1160        656
  1.25     0 (                b_hi)    328 (         J1.0*tau6+h10)      0      0 |        392        392        968        712        992        448        840       1160        656
  1.50     0 (                b_hi)    328 (         J1.0*tau6+h10)      0      0 |        392        392        968        712        992        448        840       1160        656
  1.75     0 (                b_hi)    328 (         J1.0*tau6+h10)      0      0 |        392        392        968        712        992        448        840       1160        656
  2.00     0 (                b_hi)    328 (         J1.0*tau6+h10)      0      0 |        392        392        968        712        992        448        840       1160        656
  2.25     0 (                b_hi)    328 (         J1.0*tau6+h10)      0      0 |        392        392        968        712        992        448        840       1160        656
  2.50     0 (                b_hi)    328 (         J1.0*tau6+h10)      0      0 |        392        392        968        712        992        448        840       1160        656
  2.75     0 (                b_hi)    328 (         J1.0*tau6+h10)      0      0 |        392        392        968        712        992        448        840       1160        656
  3.00     0 (                b_hi)    328 (         J1.0*tau6+h10)      0      0 |        392        392        968        712        992        448        840       1160        656
  3.10     0 (                b_hi)    328 (         J1.0*tau6+h10)      0      0 |        392        392        968        712        992        448        840       1160        656
  3.25   224 (                J_hi)    352 (         J1.0*tau6+h10)    224    197 |        416        416        976        720        984        448        840       1168        672
  3.50   280 (                J_hi)    384 (         J1.0*tau6+h10)    280    246 |        456        456        984        728        976        448        856       1184        688
  3.75   320 (                J_hi)    408 (         J1.0*tau6+h10)    320    281 |        488        488       1000        736        976        456        864       1200        704
  4.00   352 (                J_hi)    416 (    b_lo*J_hi*tau6+h10)    352    309 |        512        512       1016        744        968        456        872       1208        728
  4.25   384 (                J_hi)    432 (    b_lo*J_hi*tau6+h10)    384    338 |        544        544       1024        752        960        456        880       1224        744
  4.50   408 (                J_hi)    440 (    b_lo*J_hi*tau6+h10)    408    359 |        568        568       1040        760        960        464        896       1240        760
  4.75   432 (                J_hi)    456 (    b_lo*J_hi*tau6+h10)    432    380 |        592        592       1048        768        960        464        904       1248        776
  5.00   456 (                J_hi)    464 (    b_lo*J_hi*tau6+h10)    456    401 |        616        616       1064        784        952        464        912       1264        792
  5.25   472 (                J_hi)    472 (    b_lo*J_hi*tau6+h10)    472    415 |        632        632       1072        792        952        464        920       1280        800
  5.50   488 (                J_hi)    488 (    b_lo*J_hi*tau6+h10)    488    429 |        656        656       1080        800        952        472        928       1288        816
  5.75   512 (                J_hi)    496 (    b_lo*J_hi*tau6+h10)    496    436 |        672        672       1096        808        952        472        944       1304        832
  6.00   528 (                J_hi)    504 (    b_lo*J_hi*tau6+h10)    504    443 |        688        688       1104        816        952        472        952       1312        840
  6.25   544 (                J_hi)    512 (    b_lo*J_hi*tau6+h10)    512    450 |        712        712       1120        824        952        472        960       1328        856
  6.50   560 (                J_hi)    520 (    b_lo*J_hi*tau6+h10)    520    457 |        720        720       1128        832        952        480        968       1336        872
  6.75   576 (                J_hi)    528 (    b_lo*J_hi*tau6+h10)    528    464 |        736        736       1136        840        952        480        976       1352        880
  7.00   584 (                J_hi)    536 (    b_lo*J_hi*tau6+h10)    536    471 |        752        752       1152        848        952        480        984       1368        896
  7.25   600 (                J_hi)    544 (    b_lo*J_hi*tau6+h10)    544    478 |        768        768       1160        856        952        480        992       1376        904
  7.50   616 (                J_hi)    552 (    b_lo*J_hi*tau6+h10)    552    485 |        776        776       1176        864        952        488       1008       1392        912
  7.75   624 (                J_hi)    560 (    b_lo*J_hi*tau6+h10)    560    492 |        792        792       1184        872        952        488       1016       1400        928
  8.00   640 (                J_hi)    568 (    b_lo*J_hi*tau6+h10)    568    499 |        800        800       1192        880        960        488       1024       1416        936
  8.25   648 (                J_hi)    576 (    b_lo*J_hi*tau6+h10)    576    506 |        768        768       1256        904        816        496       1072       1488        952
  8.50   648 (                J_hi)    576 (    b_lo*J_hi*tau6+h10)    576    506 |        736        736       1320        928        704        496       1128       1568        960
  8.75   656 (                J_hi)    584 (    b_lo*J_hi*tau6+h10)    584    513 |        704        704       1376        952        616        496       1176       1648        968
  9.00   664 (                J_hi)    592 (    b_lo*J_hi*tau6+h10)    592    520 |        680        680       1440        976        544        504       1232       1728        984
  9.25   664 (                J_hi)    592 (    b_lo*J_hi*tau6+h10)    592    520 |        648        648       1504       1000        496        504       1288       1808        992
  9.50   672 (                J_hi)    584 (         J1.0*tau6+h10)    584    513 |        616        616       1560       1024        448        504       1344       1888       1008
  9.75   672 (                J_hi)    560 (         J1.0*tau6+h10)    560    492 |        592        592       1624       1056        408          0       1392       1968       1016
 10.00   680 (                J_hi)    504 (        b/1.9*J_hi+h10)    504    443 |        560        560       1688       1080        384          0       1120       2048       1032
 10.25   688 (                J_hi)    512 (        b/1.9*J_hi+h10)    512    450 |        536        536       1752       1104        352          0       1160       2128       1040
 10.50   688 (                J_hi)    512 (         J1.0*tau6+h10)    512    450 |        504        504       1808       1128        336          0       1200       2208       1048
 10.75   696 (                J_hi)    496 (         J1.0*tau6+h10)    496    436 |        480        480       1872       1152        312          0       1240       2296       1064
 11.00   696 (                J_hi)    480 (         J1.0*tau6+h10)    480    422 |        456        456       1936       1184        296          0       1280       2376       1072
 11.25   704 (                J_hi)    464 (         J1.0*tau6+h10)    464    408 |        432        432       2000       1208        280          0       1320       2464       1088
 11.50   704 (                J_hi)    448 (         J1.0*tau6+h10)    448    394 |        408        408       2064       1232        272          0       1368       2544       1096
 11.75   712 (                J_hi)    432 (         J1.0*tau6+h10)    432    380 |        384        384       2128       1256        256          0       1408       2632       1112
 11.90   712 (                J_hi)    424 (         J1.0*tau6+h10)    424    373 |        368        368       2160       1272        256          0       1432       2680       1120
 12.00   752 (                J_hi)    440 (         J1.0*tau6+h10)    440    387 |        392        392       2224       1312        272          0       1472       2760       1168
 12.25   832 (                J_hi)    504 (         J1.0*tau6+h10)    504    443 |        440        440       2376       1400        304          0       1576       2960       1288
 12.50   928 (                J_hi)    320 (          b_q*J1.0+h10)    320    281 |        504        280       2536       1496        344          0       1688        872        424
 12.75  1016 (                J_hi)    336 (          b_q*J1.0+h10)    336    295 |        560        288       2688       1592        392          0       1792        920        456
 13.00  1104 (                J_hi)    344 (          b_q*J1.0+h10)    344    302 |        624        304       2848       1688        440          0       1904        976        488
 13.25  1200 (                J_hi)    360 (          b_q*J1.0+h10)    360    316 |        688        320       3008       1784        488          0       2016       1024        520
 13.50  1296 (                J_hi)    376 (          b_q*J1.0+h10)    376    330 |        760        328       3168       1880        544          0       2128       1080        544
 13.75  1392 (                J_hi)    384 (          b_q*J1.0+h10)    384    338 |        832        344       3328       1976        600          0       2248       1136        584
 14.00  1488 (                J_hi)    400 (          b_q*J1.0+h10)    400    352 |        904        352       3488       2080        656          0       2360       1192        616
 14.25  1592 (                J_hi)    408 (          b_q*J1.0+h10)    408    359 |        976        360       3648       2176        720          0       2480       1248        648
 14.50  1696 (                J_hi)    416 (          b_q*J1.0+h10)    416    366 |       1056        376       3816       2280        784          0       2600       1312        680
 14.75  1792 (                J_hi)    432 (          b_q*J1.0+h10)    432    380 |       1136        384       3976       2384        856          0       2728       1368        712
 15.00  1896 (                J_hi)    440 (          b_q*J1.0+h10)    440    387 |       1216        392       4144       2488        928          0       2848       1432        744
 15.25  2008 (                J_hi)    448 (          b_q*J1.0+h10)    448    394 |       1304        400       4312       2592       1008          0       2976       1488        784
 15.50  2112 (                J_hi)    456 (          b_q*J1.0+h10)    456    401 |       1384        416       4480       2696       1088          0       3096       1552        816
 15.75  2216 (                J_hi)    480 (          b_q*J1.0+h10)    480    422 |       1472        424       4648       2800       1168          0       3224       1616        856
 16.00  2328 (                J_hi)    496 (          b_q*J1.0+h10)    496    436 |       1568        448       4816       2912       1256          0       3352       1680        888
 16.25  2440 (                J_hi)    520 (          b_q*J1.0+h10)    520    457 |       1656        464       4984       3016       1344          0       3488       1744        928
 16.50  2544 (                J_hi)    544 (          b_q*J1.0+h10)    544    478 |       1752        488       5152       3128       1440          0       3616       1808        968
 16.75  2656 (                J_hi)    568 (          b_q*J1.0+h10)    568    499 |       1848        512       5320       3232       1536          0       3744       1880       1000
 17.00  2768 (                J_hi)    592 (          b_q*J1.0+h10)    592    520 |       1944        528       5488       3344       1632          0       3880       1944       1040
 17.25  2792 (                J_hi)    600 (          b_q*J1.0+h10)    600    527 |       1992        536       5512       3352       1680          0       3896       1952       1056
 17.50  2816 (                J_hi)    608 (          b_q*J1.0+h10)    608    534 |       2048        552       5528       3368       1736          0       3912       1960       1064
 17.75  2832 (                J_hi)    616 (          b_q*J1.0+h10)    616    541 |       2104        560       5552       3376       1784          0       3928       1968       1072
 18.00  2856 (                J_hi)    624 (          b_q*J1.0+h10)    624    548 |       2152        568       5576       3392       1840          0       3944       1976       1080
 18.25  2872 (                J_hi)    632 (          b_q*J1.0+h10)    632    555 |       2208        576       5592       3400       1896          0       3960       1984       1088
 18.50  2896 (                J_hi)    640 (          b_q*J1.0+h10)    640    562 |       2264        584       5616       3416       1960          0       3984       1992       1096
 18.75  2912 (                J_hi)    648 (          b_q*J1.0+h10)    648    570 |       2320        592       5640       3424       2016          0       4000       1992       1112
 19.00  2928 (                J_hi)    664 (          b_q*J1.0+h10)    664    584 |       2368        608       5656       3432       2080          0       4016       2000       1120
 19.25  2952 (                J_hi)    672 (          b_q*J1.0+h10)    672    591 |       2424        616       5680       3448       2152          0       4032       2008       1128
 19.50  2968 (                J_hi)    680 (          b_q*J1.0+h10)    680    598 |       2480        624       5696       3456       2216          0       4048       2016       1136
 19.75  2984 (                J_hi)    688 (          b_q*J1.0+h10)    688    605 |       2536        632       5720       3464       2288          0       4056       2024       1144
 20.00  3000 (                J_hi)    696 (          b_q*J1.0+h10)    696    612 |       2592        640       5736       3480       2360          0       4072       2032       1152
 20.25  3016 (                J_hi)    704 (          b_q*J1.0+h10)    704    619 |       2648        648       5760       3488       2440          0       4088       2040       1160
 20.50  3032 (                J_hi)    712 (          b_q*J1.0+h10)    712    626 |       2704        656       5776       3496       2520          0       4104       2048       1176
 20.75  3048 (                J_hi)    720 (          b_q*J1.0+h10)    720    633 |       2760        672       5800       3512       2600          0       4120       2048       1184
 21.00  3064 (                J_hi)    728 (          b_q*J1.0+h10)    728    640 |       2824        680       5816       3520       2688          0       4136       2056       1192
 21.25  3080 (                J_hi)    736 (          b_q*J1.0+h10)    736    647 |       2880        688       5840       3528       2776          0       4152       2064       1200
 21.50  3096 (                J_hi)    744 (          b_q*J1.0+h10)    744    654 |       2936        696       5856       3536       2872          0       4168       2072       1208
 21.75  3096 (                b_lo)    744 (          b_q*J1.0+h10)    744    654 |       2992        704       5872       3552       2968          0       4184       2080       1216
 22.00  3104 (                b_lo)    752 (          b_q*J1.0+h10)    752    661 |       3056        712       5896       3560       3072          0       4200       2080       1224
 22.25  3104 (                b_lo)    760 (          b_q*J1.0+h10)    760    668 |       3112        720       5912       3568       3176          0       4208       2088       1232
 22.50  3104 (                b_lo)    768 (          b_q*J1.0+h10)    768    675 |       3168        728       5928       3576       3288          0       4224       2096       1240
 22.75  3112 (                b_lo)    776 (          b_q*J1.0+h10)    776    682 |       3232        736       5952       3584       3408          0       4240       2104       1248
 23.00  3112 (                b_lo)    784 (          b_q*J1.0+h10)    784    689 |       3288        744       5968       3600       3528          0       4256       2104       1256
 23.25  3112 (                b_lo)    792 (          b_q*J1.0+h10)    792    696 |       3352        752       5984       3608       3648          0       4272       2112       1264
 23.50  3120 (                b_lo)    800 (          b_q*J1.0+h10)    800    703 |       3408        760       6000       3616       3784          0       4288       2120       1272
 23.75  3120 (                b_lo)    808 (          b_q*J1.0+h10)    808    710 |       3472        768       6000       3624       3920          0       4296       2128       1280
 24.00  3120 (                b_lo)    816 (          b_q*J1.0+h10)    816    717 |       3528        784       6000       3632       4064          0       4312       2128       1288
 24.25  3120 (                b_lo)    824 (          b_q*J1.0+h10)    824    724 |       3592        792       6000       3640       4216          0       4328       2136       1296
 24.50  3128 (                b_lo)    832 (          b_q*J1.0+h10)    832    731 |       3656        800       6000       3648       4368          0       4344       2144       1304
 24.75  3128 (                b_lo)    832 (          b_q*J1.0+h10)    832    731 |       3712        808       6000       3656       4536          0       4352       2144       1312
 25.00  3128 (                b_lo)    840 (          b_q*J1.0+h10)    840    738 |       3776        816       6000       3664       4704          0       4368       2152       1320
 25.25  3128 (                b_lo)    848 (          b_q*J1.0+h10)    848    745 |       3840        824       6000       3680       4888          0       4384       2160       1328
 25.50  3128 (                b_lo)    856 (          b_q*J1.0+h10)    856    752 |       3904        832       6000       3688       5080          0       4392       2160       1336
 25.75  3128 (                b_lo)    864 (          b_q*J1.0+h10)    864    759 |       3968        840       6000       3696       5272          0       4408       2168       1344
 26.00  3128 (                b_lo)    872 (          b_q*J1.0+h10)    872    766 |       4032        848       6000       3704       5488          0       4424       2176       1352
 26.25  3128 (                b_lo)    872 (          b_q*J1.0+h10)    872    766 |       4088        856       6000       3712       5704          0       4432       2176       1360
 26.50  3128 (                b_lo)    880 (          b_q*J1.0+h10)    880    773 |       4152        864       6000       3720       5936          0       4448       2184       1368
 26.75  3128 (                b_lo)    888 (          b_q*J1.0+h10)    888    780 |       4224        872       6000       3728       6000          0       4464       2184       1376
 26.90  3128 (                b_lo)    896 (          b_q*J1.0+h10)    896    788 |       4256        872       6000       3728       6000          0       4472       2192       1384
 27.00  3128 (                b_lo)    896 (          b_q*J1.0+h10)    896    788 |       4256        872       6000       3728       6000          0       4472       2192       1384
 27.25  3128 (                b_lo)    896 (          b_q*J1.0+h10)    896    788 |       4256        872       6000       3728       6000          0       4472       2192       1384
 27.50  3128 (                b_lo)    896 (          b_q*J1.0+h10)    896    788 |       4256        872       6000       3728       6000          0       4472       2192       1384
 27.75  3128 (                b_lo)    896 (          b_q*J1.0+h10)    896    788 |       4256        872       6000       3728       6000          0       4472       2192       1384
 28.00  3128 (                b_lo)    896 (          b_q*J1.0+h10)    896    788 |       4256        872       6000       3728       6000          0       4472       2192       1384
 28.25  3128 (                b_lo)    896 (          b_q*J1.0+h10)    896    788 |       4256        872       6000       3728       6000          0       4472       2192       1384
 28.50  3128 (                b_lo)    896 (          b_q*J1.0+h10)    896    788 |       4256        872       6000       3728       6000          0       4472       2192       1384
 28.75  3128 (                b_lo)    896 (          b_q*J1.0+h10)    896    788 |       4256        872       6000       3728       6000          0       4472       2192       1384
 29.00  3128 (                b_lo)    896 (          b_q*J1.0+h10)    896    788 |       4256        872       6000       3728       6000          0       4472       2192       1384
 29.25  3128 (                b_lo)    896 (          b_q*J1.0+h10)    896    788 |       4256        872       6000       3728       6000          0       4472       2192       1384
 29.50  3128 (                b_lo)    896 (          b_q*J1.0+h10)    896    788 |       4256        872       6000       3728       6000          0       4472       2192       1384
 29.75  3128 (                b_lo)    896 (          b_q*J1.0+h10)    896    788 |       4256        872       6000       3728       6000          0       4472       2192       1384
 30.00  3128 (                b_lo)    896 (          b_q*J1.0+h10)    896    788 |       4256        872       6000       3728       6000          0       4472       2192       1384
 30.25  3128 (                b_lo)    896 (          b_q*J1.0+h10)    896    788 |       4256        872       6000       3728       6000          0       4472       2192       1384
 30.50  3128 (                b_lo)    896 (          b_q*J1.0+h10)    896    788 |       4256        872       6000       3728       6000          0       4472       2192       1384
 30.75  3128 (                b_lo)    896 (          b_q*J1.0+h10)    896    788 |       4256        872       6000       3728       6000          0       4472       2192       1384
 31.00  3128 (                b_lo)    896 (          b_q*J1.0+h10)    896    788 |       4256        872       6000       3728       6000          0       4472       2192       1384
 31.25  3128 (                b_lo)    896 (          b_q*J1.0+h10)    896    788 |       4256        872       6000       3728       6000          0       4472       2192       1384
 31.50  3128 (                b_lo)    896 (          b_q*J1.0+h10)    896    788 |       4256        872       6000       3728       6000          0       4472       2192       1384
 31.75  3128 (                b_lo)    896 (          b_q*J1.0+h10)    896    788 |       4256        872       6000       3728       6000          0       4472       2192       1384
 32.00  3128 (                b_lo)    896 (          b_q*J1.0+h10)    896    788 |       4256        872       6000       3728       6000          0       4472       2192       1384
 32.25  3128 (                b_lo)    896 (          b_q*J1.0+h10)    896    788 |       4256        872       6000       3728       6000          0       4472       2192       1384
 32.50  3128 (                b_lo)    896 (          b_q*J1.0+h10)    896    788 |       4256        872       6000       3728       6000          0       4472       2192       1384
 32.75  3128 (                b_lo)    896 (          b_q*J1.0+h10)    896    788 |       4256        872       6000       3728       6000          0       4472       2192       1384
 33.00  3128 (                b_lo)    896 (          b_q*J1.0+h10)    896    788 |       4256        872       6000       3728       6000          0       4472       2192       1384
 33.25  3128 (                b_lo)    896 (          b_q*J1.0+h10)    896    788 |       4256        872       6000       3728       6000          0       4472       2192       1384
 33.50  3128 (                b_lo)    896 (          b_q*J1.0+h10)    896    788 |       4256        872       6000       3728       6000          0       4472       2192       1384
 33.75  3128 (                b_lo)    896 (          b_q*J1.0+h10)    896    788 |       4256        872       6000       3728       6000          0       4472       2192       1384
 34.00  3128 (                b_lo)    896 (          b_q*J1.0+h10)    896    788 |       4256        872       6000       3728       6000          0       4472       2192       1384
 34.25  3128 (                b_lo)    896 (          b_q*J1.0+h10)    896    788 |       4256        872       6000       3728       6000          0       4472       2192       1384
 34.50  3128 (                b_lo)    896 (          b_q*J1.0+h10)    896    788 |       4256        872       6000       3728       6000          0       4472       2192       1384
 34.75  3128 (                b_lo)    896 (          b_q*J1.0+h10)    896    788 |       4256        872       6000       3728       6000          0       4472       2192       1384
 35.00  3128 (                b_lo)    896 (          b_q*J1.0+h10)    896    788 |       4256        872       6000       3728       6000          0       4472       2192       1384