# c1_design_G.py: G_max(v) per member (G in the C1 base: Kp_eff = 225*G/256); None = fails at G = 128
# tier A gate PM >= 45 deg; tier B gate PM >= 30 deg; report-only members at 30 deg, not gated
  v     envA  (binding)       envB  (binding)       env   Kp_eff |      J1.3     tau10 b_lo*tau1   ms_free   light_b b/1.9 (G3
  1.00    584 (        J_hi)    616 (b_lo*J_hi*tau6)    584     513 |       904      1120       808      1192       504       952
  1.25    584 (        J_hi)    616 (b_lo*J_hi*tau6)    584     513 |       904      1120       808      1192       504       952
  1.50    584 (        J_hi)    616 (b_lo*J_hi*tau6)    584     513 |       904      1120       808      1192       504       952
  1.75    584 (        J_hi)    616 (b_lo*J_hi*tau6)    584     513 |       904      1120       808      1192       504       952
  2.00    584 (        J_hi)    616 (b_lo*J_hi*tau6)    584     513 |       904      1120       808      1192       504       952
  2.25    584 (        J_hi)    616 (b_lo*J_hi*tau6)    584     513 |       904      1120       808      1192       504       952
  2.50    584 (        J_hi)    616 (b_lo*J_hi*tau6)    584     513 |       904      1120       808      1192       504       952
  2.75    584 (        J_hi)    616 (b_lo*J_hi*tau6)    584     513 |       904      1120       808      1192       504       952
  3.00    584 (        J_hi)    616 (b_lo*J_hi*tau6)    584     513 |       904      1120       808      1192       504       952
  3.10    584 (        J_hi)    616 (b_lo*J_hi*tau6)    584     513 |       904      1120       808      1192       504       952
  3.25    592 (        J_hi)    624 (b_lo*J_hi*tau6)    592     520 |       920      1128       816      1184       504       960
  3.50    616 (        J_hi)    632 (b_lo*J_hi*tau6)    616     541 |       936      1136       824      1184       504       968
  3.75    632 (        J_hi)    648 (b_lo*J_hi*tau6)    632     555 |       952      1152       832      1176       504       976
  4.00    640 (        J_hi)    656 (b_lo*J_hi*tau6)    640     562 |       968      1160       832      1176       504       984
  4.25    656 (        J_hi)    664 (b_lo*J_hi*tau6)    656     577 |       984      1168       840      1168       512       992
  4.50    672 (        J_hi)    672 (b_lo*J_hi*tau6)    672     591 |      1000      1176       848      1168       512      1000
  4.75    688 (        J_hi)    680 (b_lo*J_hi*tau6)    680     598 |      1016      1192       856      1168       512      1008
  5.00    696 (        J_hi)    688 (b_lo*J_hi*tau6)    688     605 |      1024      1200       864      1168       512      1016
  5.25    712 (        J_hi)    696 (b_lo*J_hi*tau6)    696     612 |      1040      1208       872      1168       512      1024
  5.50    720 (        J_hi)    704 (b_lo*J_hi*tau6)    704     619 |      1048      1224       880      1168       520      1032
  5.75    736 (        J_hi)    712 (b_lo*J_hi*tau6)    712     626 |      1064      1232       888      1160       520      1040
  6.00    744 (        J_hi)    720 (b_lo*J_hi*tau6)    720     633 |      1072      1240       896      1160       520      1048
  6.25    752 (        J_hi)    728 (b_lo*J_hi*tau6)    728     640 |      1080      1248       904      1168       520      1056
  6.50    768 (        J_hi)    728 (b_lo*J_hi*tau6)    728     640 |      1088      1264       912      1168       520      1064
  6.75    776 (        J_hi)    736 (b_lo*J_hi*tau6)    736     647 |      1096      1272       920      1168       528      1080
  7.00    784 (        J_hi)    744 (b_lo*J_hi*tau6)    744     654 |      1104      1280       920      1168       528      1088
  7.25    792 (        J_hi)    752 (b_lo*J_hi*tau6)    752     661 |      1112      1288       928      1168       528      1096
  7.50    808 (        J_hi)    760 (b_lo*J_hi*tau6)    760     668 |      1120      1304       936      1168       528      1104
  7.75    816 (        J_hi)    768 (b_lo*J_hi*tau6)    768     675 |      1128      1312       944      1176       528      1112
  8.00    824 (        J_hi)    768 (b_lo*J_hi*tau6)    768     675 |      1128      1320       952      1176       536      1120
  8.25    832 (        J_hi)    776 (b_lo*J_hi*tau6)    776     682 |      1088      1392       984      1032       536      1176
  8.50    840 (        J_hi)    792 (b_lo*J_hi*tau6)    792     696 |      1048      1464      1008       920       536      1232
  8.75    848 (        J_hi)    800 (b_lo*J_hi*tau6)    800     703 |      1000      1536      1040       832       536      1296
  9.00    864 (        J_hi)    808 (b_lo*J_hi*tau6)    808     710 |       960      1608      1064       752       544      1352
  9.25    872 (        J_hi)    816 (b_lo*J_hi*tau6)    816     717 |       920      1680      1096       688       544      1416
  9.50    880 (        J_hi)    824 (b_lo*J_hi*tau6)    824     724 |       880      1752      1120       632       544      1480
  9.75    888 (        J_hi)    832 (b_lo*J_hi*tau6)    832     731 |       840      1824      1152       584       544      1536
 10.00    896 (        J_hi)    680 (b_lo*J_hi*tau6)    680     598 |       808      1896      1176       544       552      1216
 10.25    904 (        J_hi)    688 (b_lo*J_hi*tau6)    688     605 |       768      1968      1208       512       552      1264
 10.50    912 (        J_hi)    696 (b_lo*J_hi*tau6)    696     612 |       728      2048      1240       480       552      1312
 10.75    928 (        J_hi)    704 (    b/1.9*J_hi)    704     619 |       696      2120      1264       456       552      1360
 11.00    936 (        J_hi)    712 (    b/1.9*J_hi)    712     626 |       656      2192      1296       432       560      1400
 11.25    944 (        J_hi)    712 (b_lo*J_hi*tau6)    712     626 |       624      2272      1320       408       560      1448
 11.50    952 (        J_hi)    720 (          J1.0)    720     633 |       592      2344      1352       392       560      1496
 11.75    960 (        J_hi)    696 (          J1.0)    696     612 |       552      2416      1384       376       560      1544
 11.90    968 (        J_hi)    680 (          J1.0)    680     598 |       536      2464      1400       368       568      1576
 12.00   1008 (        J_hi)    712 (          J1.0)    712     626 |       560      2528      1440       384       568      1616
 12.25   1104 (        J_hi)    800 (          J1.0)    800     703 |       632      2704      1536       440       568      1728
 12.50   1208 (        J_hi)    888 (          J1.0)    888     780 |       712      2872      1632       496       568      1840
 12.75   1312 (        J_hi)    960 (b_lo*J_hi*tau6)    960     844 |       784      3048      1736       560       568      1960
 13.00   1416 (        J_hi)   1024 (b_lo*J_hi*tau6)   1024     900 |       864      3224      1840       624       568      2080
 13.25   1528 (        J_hi)   1088 (           b_q)   1088     956 |       952      3400      1944       688       568      2200
 13.50   1640 (        J_hi)   1144 (           b_q)   1144    1005 |      1032      3576      2048       760       568      2320
 13.75   1752 (        J_hi)   1200 (           b_q)   1200    1055 |      1120      3752      2152       832       568      2440
 14.00   1864 (        J_hi)   1264 (           b_q)   1264    1111 |      1216      3936      2256       912       568      2568
 14.25   1976 (        J_hi)   1320 (           b_q)   1320    1160 |      1304      4112      2368       992       568      2696
 14.50   2096 (        J_hi)   1376 (           b_q)   1376    1209 |      1400      4296      2480      1080       568      2824
 14.75   2216 (        J_hi)   1440 (           b_q)   1440    1266 |      1496      4480      2584      1168       568      2952
 15.00   2336 (        J_hi)   1504 (           b_q)   1504    1322 |      1592      4664      2696      1264       568      3088
 15.25   2456 (        J_hi)   1568 (           b_q)   1568    1378 |      1696      4848      2808      1352       568      3216
 15.50   2584 (        J_hi)   1632 (           b_q)   1632    1434 |      1800      5032      2928      1456       576      3352
 15.75   2704 (        J_hi)   1696 (           b_q)   1696    1491 |      1904      5224      3040      1560       576      3488
 16.00   2832 (        J_hi)   1760 (           b_q)   1760    1547 |      2008      5408      3152      1664       576      3632
 16.25   2960 (        J_hi)   1832 (           b_q)   1832    1610 |      2112      5592      3272      1768       576      3768
 16.50   3088 (        J_hi)   1896 (           b_q)   1896    1666 |      2224      5784      3384      1880       576      3912
 16.75   3200 (        b_lo)   1968 (           b_q)   1968    1730 |      2336      5976      3504      2000       576      4048
 17.00   3312 (        b_lo)   2040 (           b_q)   2040    1793 |      2448      6000      3624      2120       576      4192
 17.25   3328 (        b_lo)   2048 (           b_q)   2048    1800 |      2520      6000      3640      2184       576      4216
 17.50   3336 (        b_lo)   2056 (           b_q)   2056    1807 |      2592      6000      3648      2248       576      4232
 17.75   3344 (        b_lo)   2064 (           b_q)   2064    1814 |      2672      6000      3664      2320       576      4256
 18.00   3360 (        b_lo)   2072 (           b_q)   2072    1821 |      2744      6000      3680      2392       576      4280
 18.25   3368 (        b_lo)   2080 (           b_q)   2080    1828 |      2816      6000      3696      2464       576      4296
 18.50   3376 (        b_lo)   2096 (           b_q)   2096    1842 |      2896      6000      3712      2536       576      4320
 18.75   3384 (        b_lo)   2104 (           b_q)   2104    1849 |      2968      6000      3728      2616       576      4336
 19.00   3400 (        b_lo)   2112 (           b_q)   2112    1856 |      3048      6000      3744      2696       584      4360
 19.25   3408 (        b_lo)   2120 (           b_q)   2120    1863 |      3128      6000      3760      2776       584      4376
 19.50   3416 (        b_lo)   2128 (           b_q)   2128    1870 |      3200      6000      3776      2864       584      4400
 19.75   3424 (        b_lo)   2136 (           b_q)   2136    1877 |      3280      6000      3784      2952       584      4416
 20.00   3440 (        b_lo)   2144 (           b_q)   2144    1884 |      3360      6000      3800      3048       584      4440
 20.25   3448 (        b_lo)   2152 (           b_q)   2152    1891 |      3440      6000      3816      3136       584      4456
 20.50   3456 (        b_lo)   2160 (           b_q)   2160    1898 |      3520      6000      3832      3232       584      4480
 20.75   3464 (        b_lo)   2168 (           b_q)   2168    1905 |      3600      6000      3848      3336       584      4496
 21.00   3472 (        b_lo)   2176 (           b_q)   2176    1912 |      3680      6000      3856      3440       584      4520
 21.25   3480 (        b_lo)   2184 (           b_q)   2184    1920 |      3760      6000      3872      3544       584      4536
 21.50   3488 (        b_lo)   2192 (           b_q)   2192    1927 |      3848      6000      3888      3656       584      4552
 21.75   3504 (        b_lo)   2200 (           b_q)   2200    1934 |      3928      6000      3904      3776       584      4576
 22.00   3512 (        b_lo)   2208 (           b_q)   2208    1941 |      4016      6000      3920      3888       584      4592
 22.25   3520 (        b_lo)   2216 (           b_q)   2216    1948 |      4096      6000      3928      4016       592      4616
 22.50   3528 (        b_lo)   2224 (           b_q)   2224    1955 |      4184      6000      3944      4144       592      4632
 22.75   3536 (        b_lo)   2232 (           b_q)   2232    1962 |      4264      6000      3960      4272       592      4648
 23.00   3544 (        b_lo)   2240 (           b_q)   2240    1969 |      4352      6000      3968      4408       592      4672
 23.25   3552 (        b_lo)   2248 (           b_q)   2248    1976 |      4440      6000      3984      4552       592      4688
 23.50   3560 (        b_lo)   2256 (           b_q)   2256    1983 |      4520      6000      4000      4704       592      4712
 23.75   3568 (        b_lo)   2264 (           b_q)   2264    1990 |      4608      6000      4016      4856       592      4728
 24.00   3576 (        b_lo)   2272 (           b_q)   2272    1997 |      4696      6000      4024      5016       592      4744
 24.25   3584 (        b_lo)   2280 (           b_q)   2280    2004 |      4784      6000      4040      5184       592      4768
 24.50   3592 (        b_lo)   2280 (           b_q)   2280    2004 |      4872      6000      4056      5360       592      4784
 24.75   3600 (        b_lo)   2288 (           b_q)   2288    2011 |      4960      6000      4064      5536       592      4800
 25.00   3608 (        b_lo)   2296 (           b_q)   2296    2018 |      5048      6000      4080      5728       592      4824
 25.25   3608 (        b_lo)   2304 (           b_q)   2304    2025 |      5144      6000      4088      5928       592      4840
 25.50   3616 (        b_lo)   2312 (           b_q)   2312    2032 |      5232      6000      4104      6000       592      4856
 25.75   3624 (        b_lo)   2320 (           b_q)   2320    2039 |      5320      6000      4120      6000       600      4872
 26.00   3632 (        b_lo)   2328 (           b_q)   2328    2046 |      5416      6000      4128      6000       600      4896
 26.25   3640 (        b_lo)   2336 (           b_q)   2336    2053 |      5504      6000      4144      6000       600      4912
 26.50   3648 (        b_lo)   2336 (           b_q)   2336    2053 |      5600      6000      4152      6000       600      4928
 26.75   3656 (        b_lo)   2344 (           b_q)   2344    2060 |      5688      6000      4168      6000       600      4944
 26.90   3656 (        b_lo)   2352 (           b_q)   2352    2067 |      5744      6000      4176      6000       600      4960
 27.00   3656 (        b_lo)   2352 (           b_q)   2352    2067 |      5744      6000      4176      6000       600      4960
 27.25   3656 (        b_lo)   2352 (           b_q)   2352    2067 |      5744      6000      4176      6000       600      4960
 27.50   3656 (        b_lo)   2352 (           b_q)   2352    2067 |      5744      6000      4176      6000       600      4960
 27.75   3656 (        b_lo)   2352 (           b_q)   2352    2067 |      5744      6000      4176      6000       600      4960
 28.00   3656 (        b_lo)   2352 (           b_q)   2352    2067 |      5744      6000      4176      6000       600      4960
 28.25   3656 (        b_lo)   2352 (           b_q)   2352    2067 |      5744      6000      4176      6000       600      4960
 28.50   3656 (        b_lo)   2352 (           b_q)   2352    2067 |      5744      6000      4176      6000       600      4960
 28.75   3656 (        b_lo)   2352 (           b_q)   2352    2067 |      5744      6000      4176      6000       600      4960
 29.00   3656 (        b_lo)   2352 (           b_q)   2352    2067 |      5744      6000      4176      6000       600      4960
 29.25   3656 (        b_lo)   2352 (           b_q)   2352    2067 |      5744      6000      4176      6000       600      4960
 29.50   3656 (        b_lo)   2352 (           b_q)   2352    2067 |      5744      6000      4176      6000       600      4960
 29.75   3656 (        b_lo)   2352 (           b_q)   2352    2067 |      5744      6000      4176      6000       600      4960
 30.00   3656 (        b_lo)   2352 (           b_q)   2352    2067 |      5744      6000      4176      6000       600      4960
 30.25   3656 (        b_lo)   2352 (           b_q)   2352    2067 |      5744      6000      4176      6000       600      4960
 30.50   3656 (        b_lo)   2352 (           b_q)   2352    2067 |      5744      6000      4176      6000       600      4960
 30.75   3656 (        b_lo)   2352 (           b_q)   2352    2067 |      5744      6000      4176      6000       600      4960
 31.00   3656 (        b_lo)   2352 (           b_q)   2352    2067 |      5744      6000      4176      6000       600      4960
 31.25   3656 (        b_lo)   2352 (           b_q)   2352    2067 |      5744      6000      4176      6000       600      4960
 31.50   3656 (        b_lo)   2352 (           b_q)   2352    2067 |      5744      6000      4176      6000       600      4960
 31.75   3656 (        b_lo)   2352 (           b_q)   2352    2067 |      5744      6000      4176      6000       600      4960
 32.00   3656 (        b_lo)   2352 (           b_q)   2352    2067 |      5744      6000      4176      6000       600      4960
 32.25   3656 (        b_lo)   2352 (           b_q)   2352    2067 |      5744      6000      4176      6000       600      4960
 32.50   3656 (        b_lo)   2352 (           b_q)   2352    2067 |      5744      6000      4176      6000       600      4960
 32.75   3656 (        b_lo)   2352 (           b_q)   2352    2067 |      5744      6000      4176      6000       600      4960
 33.00   3656 (        b_lo)   2352 (           b_q)   2352    2067 |      5744      6000      4176      6000       600      4960
 33.25   3656 (        b_lo)   2352 (           b_q)   2352    2067 |      5744      6000      4176      6000       600      4960
 33.50   3656 (        b_lo)   2352 (           b_q)   2352    2067 |      5744      6000      4176      6000       600      4960
 33.75   3656 (        b_lo)   2352 (           b_q)   2352    2067 |      5744      6000      4176      6000       600      4960
 34.00   3656 (        b_lo)   2352 (           b_q)   2352    2067 |      5744      6000      4176      6000       600      4960
 34.25   3656 (        b_lo)   2352 (           b_q)   2352    2067 |      5744      6000      4176      6000       600      4960
 34.50   3656 (        b_lo)   2352 (           b_q)   2352    2067 |      5744      6000      4176      6000       600      4960
 34.75   3656 (        b_lo)   2352 (           b_q)   2352    2067 |      5744      6000      4176      6000       600      4960
 35.00   3656 (        b_lo)   2352 (           b_q)   2352    2067 |      5744      6000      4176      6000       600      4960