# c1r2_design_G.py kd 20 ki_base 125 kp_base 225: G_max per member (Kp_eff = 225*G/256); tier A PM >= 45, tier B PM >= 30 (incl. every +h10); 0 = fails at the first grid point
    v    envA (binding)                envB (binding)                env  Kp_eff |       J1.3   b_q*J1.3      tau10 b_lo*tau10    ms_free    light_b b/1.9 (G3a       b_q0  b_q0*J_hi
  1.00   552 (                J_hi)    552 (    b_lo*J_hi*tau6+h10)    552    485 |        728        728       1184        872       1248        568       1032       1416        960
  1.25   552 (                J_hi)    552 (    b_lo*J_hi*tau6+h10)    552    485 |        728        728       1184        872       1248        568       1032       1416        960
  1.50   552 (                J_hi)    552 (    b_lo*J_hi*tau6+h10)    552    485 |        728        728       1184        872       1248        568       1032       1416        960
  1.75   552 (                J_hi)    552 (    b_lo*J_hi*tau6+h10)    552    485 |        728        728       1184        872       1248        568       1032       1416        960
  2.00   552 (                J_hi)    552 (    b_lo*J_hi*tau6+h10)    552    485 |        728        728       1184        872       1248        568       1032       1416        960
  2.25   552 (                J_hi)    552 (    b_lo*J_hi*tau6+h10)    552    485 |        728        728       1184        872       1248        568       1032       1416        960
  2.50   552 (                J_hi)    552 (    b_lo*J_hi*tau6+h10)    552    485 |        728        728       1184        872       1248        568       1032       1416        960
  2.75   552 (                J_hi)    552 (    b_lo*J_hi*tau6+h10)    552    485 |        728        728       1184        872       1248        568       1032       1416        960
  3.00   552 (                J_hi)    552 (    b_lo*J_hi*tau6+h10)    552    485 |        728        728       1184        872       1248        568       1032       1416        960
  3.10   552 (                J_hi)    552 (    b_lo*J_hi*tau6+h10)    552    485 |        728        728       1184        872       1248        568       1032       1416        960
  3.25   568 (                J_hi)    560 (    b_lo*J_hi*tau6+h10)    560    492 |        744        744       1192        872       1248        568       1040       1424        968
  3.50   584 (                J_hi)    568 (    b_lo*J_hi*tau6+h10)    568    499 |        776        776       1200        880       1240        576       1048       1440        984
  3.75   608 (                J_hi)    576 (    b_lo*J_hi*tau6+h10)    576    506 |        800        800       1208        888       1232        576       1056       1448        992
  4.00   624 (                J_hi)    584 (    b_lo*J_hi*tau6+h10)    584    513 |        824        824       1216        896       1224        576       1064       1464       1008
  4.25   640 (                J_hi)    592 (    b_lo*J_hi*tau6+h10)    592    520 |        840        840       1232        904       1216        576       1072       1472       1016
  4.50   656 (                J_hi)    600 (    b_lo*J_hi*tau6+h10)    600    527 |        864        864       1240        912       1216        576       1080       1480       1032
  4.75   672 (                J_hi)    608 (    b_lo*J_hi*tau6+h10)    608    534 |        880        880       1248        920       1208        576       1088       1496       1040
  5.00   688 (                J_hi)    616 (    b_lo*J_hi*tau6+h10)    616    541 |        896        896       1264        928       1208        584       1096       1504       1056
  5.25   704 (                J_hi)    624 (    b_lo*J_hi*tau6+h10)    624    548 |        912        912       1272        936       1200        584       1104       1520       1064
  5.50   712 (                J_hi)    632 (    b_lo*J_hi*tau6+h10)    632    555 |        928        928       1280        944       1200        584       1112       1528       1072
  5.75   728 (                J_hi)    640 (    b_lo*J_hi*tau6+h10)    640    562 |        944        944       1288        952       1200        584       1120       1544       1088
  6.00   736 (                J_hi)    648 (    b_lo*J_hi*tau6+h10)    648    570 |        960        960       1304        952       1192          0       1128       1552       1096
  6.25   752 (                J_hi)    656 (    b_lo*J_hi*tau6+h10)    656    577 |        976        976       1312        960       1192          0       1136       1568       1104
  6.50   760 (                J_hi)    664 (    b_lo*J_hi*tau6+h10)    664    584 |        984        984       1320        968       1192          0       1144       1576       1112
  6.75   776 (                J_hi)    672 (    b_lo*J_hi*tau6+h10)    672    591 |        992        992       1328        976       1192          0       1152       1592       1128
  7.00   784 (                J_hi)    680 (    b_lo*J_hi*tau6+h10)    680    598 |       1008       1008       1344        984       1192          0       1168       1600       1136
  7.25   800 (                J_hi)    680 (    b_lo*J_hi*tau6+h10)    680    598 |       1016       1016       1352        992       1192          0       1176       1608       1144
  7.50   808 (                J_hi)    688 (    b_lo*J_hi*tau6+h10)    688    605 |       1024       1024       1360       1000       1192          0       1184       1624       1152
  7.75   816 (                J_hi)    696 (    b_lo*J_hi*tau6+h10)    696    612 |       1040       1040       1368       1008       1192          0       1192       1632       1160
  8.00   824 (                J_hi)    704 (    b_lo*J_hi*tau6+h10)    704    619 |       1048       1048       1384       1008       1192          0       1200       1648       1168
  8.25   832 (                J_hi)    712 (    b_lo*J_hi*tau6+h10)    712    626 |       1008       1008       1448       1040       1040          0       1256       1736       1184
  8.50   840 (                J_hi)    712 (    b_lo*J_hi*tau6+h10)    712    626 |        968        968       1520       1072        912          0       1312       1824       1200
  8.75   848 (                J_hi)    720 (    b_lo*J_hi*tau6+h10)    720    633 |        928        928       1592       1096        816          0       1376       1912       1216
  9.00   864 (                J_hi)    728 (    b_lo*J_hi*tau6+h10)    728    640 |        888        888       1664       1128        728          0       1432       2000       1224
  9.25   872 (                J_hi)    736 (    b_lo*J_hi*tau6+h10)    736    647 |        856        856       1736       1152        664          0       1496       2088       1240
  9.50   880 (                J_hi)    744 (    b_lo*J_hi*tau6+h10)    744    654 |        816        816       1800       1184        608          0       1560       2176       1256
  9.75   888 (                J_hi)    736 (         J1.0*tau6+h10)    736    647 |        784        784       1872       1208        560          0       1616       2272       1272
 10.00   896 (                J_hi)    632 (        b/1.9*J_hi+h10)    632    555 |        744        744       1944       1240        512          0       1296       2360       1288
 10.25   904 (                J_hi)    632 (    b_lo*J_hi*tau6+h10)    632    555 |        712        712       2016       1272        480          0       1344       2456       1296
 10.50   912 (                J_hi)    640 (        b/1.9*J_hi+h10)    640    562 |        680        680       2088       1296        448          0       1392       2544       1312
 10.75   920 (                J_hi)    648 (        b/1.9*J_hi+h10)    648    570 |        648        648       2160       1328        424          0       1440       2640       1328
 11.00   928 (                J_hi)    632 (         J1.0*tau6+h10)    632    555 |        616        616       2232       1352        400          0       1488       2736       1344
 11.25   936 (                J_hi)    616 (         J1.0*tau6+h10)    616    541 |        584        584       2304       1384        376          0       1528       2824       1352
 11.50   944 (                J_hi)    592 (         J1.0*tau6+h10)    592    520 |        552        552       2376       1416        360          0       1576       2920       1368
 11.75   944 (                J_hi)    576 (         J1.0*tau6+h10)    576    506 |        520        520       2448       1440        344          0       1624       3016       1384
 11.90   952 (                J_hi)    568 (         J1.0*tau6+h10)    568    499 |        504        504       2488       1456        336          0       1656       3072       1392
 12.00   992 (                J_hi)    592 (         J1.0*tau6+h10)    592    520 |        528        528       2552       1496        352          0       1696       3160       1448
 12.25  1088 (                J_hi)    664 (         J1.0*tau6+h10)    664    584 |        592        592       2720       1592        400          0       1808       3368       1576
 12.50  1184 (                J_hi)    408 (          b_q*J1.0+h10)    408    359 |        664        368       2888       1696        456          0       1920       1000          0
 12.75  1288 (                J_hi)    424 (          b_q*J1.0+h10)    424    373 |        736        384       3056       1792        512          0       2040       1056        568
 13.00  1384 (                J_hi)    440 (          b_q*J1.0+h10)    440    387 |        816        392       3224       1896        568          0       2152       1104        600
 13.25  1488 (                J_hi)    448 (          b_q*J1.0+h10)    448    394 |        888        408       3392       1992        632          0       2272       1160        632
 13.50  1600 (                J_hi)    464 (          b_q*J1.0+h10)    464    408 |        968        424       3560       2096        696          0       2392       1216        664
 13.75  1704 (                J_hi)    472 (          b_q*J1.0+h10)    472    415 |       1056        432       3736       2200        768          0       2520       1280        696
 14.00  1816 (                J_hi)    488 (          b_q*J1.0+h10)    488    429 |       1136        448       3904       2312        832          0       2640       1336        736
 14.25  1920 (                J_hi)    496 (          b_q*J1.0+h10)    496    436 |       1224        456       4080       2416        912          0       2768       1392        768
 14.50  2032 (                J_hi)    504 (          b_q*J1.0+h10)    504    443 |       1312        464       4256       2520        992          0       2896       1456        800
 14.75  2144 (                J_hi)    520 (          b_q*J1.0+h10)    520    457 |       1400        480       4432       2632       1072          0       3024       1520        840
 15.00  2264 (                J_hi)    528 (          b_q*J1.0+h10)    528    464 |       1496        488       4608       2744       1160          0       3152       1584        872
 15.25  2376 (                J_hi)    536 (          b_q*J1.0+h10)    536    471 |       1592        496       4784       2848       1248          0       3288       1640        912
 15.50  2496 (                J_hi)    544 (          b_q*J1.0+h10)    544    478 |       1688        504       4968       2960       1336          0       3416       1712        944
 15.75  2616 (                J_hi)    568 (          b_q*J1.0+h10)    568    499 |       1784        520       5144       3072       1432          0       3552       1776        984
 16.00  2736 (                J_hi)    592 (          b_q*J1.0+h10)    592    520 |       1888        544       5320       3184       1536          0       3688       1840       1024
 16.25  2856 (                J_hi)    616 (          b_q*J1.0+h10)    616    541 |       1984        560       5504       3304       1632          0       3824       1912       1064
 16.50  2976 (                J_hi)    640 (          b_q*J1.0+h10)    640    562 |       2088        584       5680       3416       1744          0       3968       1976       1104
 16.75  3096 (                J_hi)    664 (          b_q*J1.0+h10)    664    584 |       2200        608       5864       3528       1848          0       4104       2048       1144
 17.00  3224 (                J_hi)    688 (          b_q*J1.0+h10)    688    605 |       2304        632       6000       3648       1960          0       4248       2120       1184
 17.25  3248 (                J_hi)    696 (          b_q*J1.0+h10)    696    612 |       2368        648       6000       3656       2024          0       4264       2128       1192
 17.50  3280 (                J_hi)    704 (          b_q*J1.0+h10)    704    619 |       2432        656       6000       3672       2088          0       4288       2136       1200
 17.75  3312 (                J_hi)    720 (          b_q*J1.0+h10)    720    633 |       2504        664       6000       3688       2152          0       4304       2144       1216
 18.00  3344 (                J_hi)    728 (          b_q*J1.0+h10)    728    640 |       2568        680       6000       3704       2216          0       4320       2152       1224
 18.25  3368 (                J_hi)    736 (          b_q*J1.0+h10)    736    647 |       2632        688       6000       3720       2288          0       4344       2160       1240
 18.50  3392 (                b_lo)    744 (          b_q*J1.0+h10)    744    654 |       2704        704       6000       3728       2352          0       4360       2168       1248
 18.75  3400 (                b_lo)    760 (          b_q*J1.0+h10)    760    668 |       2768        712       6000       3744       2424          0       4384       2184       1256
 19.00  3408 (                b_lo)    768 (          b_q*J1.0+h10)    768    675 |       2840        720       6000       3760       2504          0       4400       2192       1272
 19.25  3416 (                b_lo)    776 (          b_q*J1.0+h10)    776    682 |       2904        736       6000       3768       2584          0       4416       2200       1280
 19.50  3424 (                b_lo)    784 (          b_q*J1.0+h10)    784    689 |       2976        744       6000       3784       2664          0       4440       2208       1288
 19.75  3432 (                b_lo)    792 (          b_q*J1.0+h10)    792    696 |       3040        752       6000       3800       2744          0       4456       2216       1304
 20.00  3440 (                b_lo)    808 (          b_q*J1.0+h10)    808    710 |       3112        768       6000       3816       2832          0       4480       2224       1312
 20.25  3448 (                b_lo)    816 (          b_q*J1.0+h10)    816    717 |       3184        776       6000       3824       2920          0       4496       2232       1320
 20.50  3456 (                b_lo)    824 (          b_q*J1.0+h10)    824    724 |       3256        792       6000       3840       3016          0       4512       2240       1336
 20.75  3464 (                b_lo)    832 (          b_q*J1.0+h10)    832    731 |       3328        800       6000       3856       3104          0       4528       2248       1344
 21.00  3472 (                b_lo)    840 (          b_q*J1.0+h10)    840    738 |       3400        808       6000       3864       3208          0       4552       2256       1352
 21.25  3480 (                b_lo)    856 (          b_q*J1.0+h10)    856    752 |       3472        824       6000       3880       3312          0       4568       2264       1368
 21.50  3488 (                b_lo)    864 (          b_q*J1.0+h10)    864    759 |       3544        832       6000       3888       3416          0       4584       2272       1376
 21.75  3496 (                b_lo)    872 (          b_q*J1.0+h10)    872    766 |       3616        840       6000       3904       3528          0       4608       2280       1384
 22.00  3496 (                b_lo)    880 (          b_q*J1.0+h10)    880    773 |       3688        856       6000       3920       3640          0       4624       2288       1392
 22.25  3504 (                b_lo)    888 (          b_q*J1.0+h10)    888    780 |       3760        864       6000       3928       3760          0       4640       2296       1408
 22.50  3512 (                b_lo)    896 (          b_q*J1.0+h10)    896    788 |       3840        872       6000       3944       3880          0       4656       2304       1416
 22.75  3520 (                b_lo)    912 (          b_q*J1.0+h10)    912    802 |       3912        888       6000       3952       4016          0       4680       2312       1424
 23.00  3528 (                b_lo)    920 (          b_q*J1.0+h10)    920    809 |       3984        896       6000       3968       4144          0       4696       2320       1432
 23.25  3536 (                b_lo)    928 (          b_q*J1.0+h10)    928    816 |       4064        904       6000       3976       4288          0       4712       2328       1448
 23.50  3536 (                b_lo)    936 (          b_q*J1.0+h10)    936    823 |       4136        920       6000       3992       4432          0       4728       2336       1456
 23.75  3544 (                b_lo)    944 (          b_q*J1.0+h10)    944    830 |       4216        928       6000       4000       4576          0       4744       2344       1464
 24.00  3552 (                b_lo)    952 (          b_q*J1.0+h10)    952    837 |       4288        936       6000       4016       4736          0       4768       2352       1472
 24.25  3560 (                b_lo)    960 (          b_q*J1.0+h10)    960    844 |       4368        952       6000       4024       4896          0       4784       2352       1488
 24.50  3560 (                b_lo)    968 (          b_q*J1.0+h10)    968    851 |       4448        960       6000       4040       5072          0       4800       2360       1496
 24.75  3568 (                b_lo)    984 (          b_q*J1.0+h10)    984    865 |       4520        968       6000       4048       5248          0       4816       2368       1504
 25.00  3576 (                b_lo)    992 (          b_q*J1.0+h10)    992    872 |       4600        976       6000       4064       5432          0       4832       2376       1512
 25.25  3576 (                b_lo)   1000 (          b_q*J1.0+h10)   1000    879 |       4680        992       6000       4072       5632          0       4848       2384       1528
 25.50  3584 (                b_lo)   1008 (          b_q*J1.0+h10)   1008    886 |       4760       1000       6000       4088       5832          0       4864       2392       1536
 25.75  3592 (                b_lo)   1016 (          b_q*J1.0+h10)   1016    893 |       4840       1008       6000       4096       6000          0       4880       2400       1544
 26.00  3592 (                b_lo)   1024 (          b_q*J1.0+h10)   1024    900 |       4920       1024       6000       4112       6000          0       4904       2408       1552
 26.25  3600 (                b_lo)   1032 (          b_q*J1.0+h10)   1032    907 |       5000       1032       6000       4120       6000          0       4920       2408       1560
 26.50  3600 (                b_lo)   1040 (          b_q*J1.0+h10)   1040    914 |       5080       1040       6000       4128       6000          0       4936       2416       1576
 26.75  3608 (                b_lo)   1048 (          b_q*J1.0+h10)   1048    921 |       5160       1048       6000       4144       6000          0       4952       2424       1584
 26.90  3608 (                b_lo)   1056 (          b_q*J1.0+h10)   1056    928 |       5208       1056       6000       4152       6000          0       4960       2432       1592
 27.00  3608 (                b_lo)   1056 (          b_q*J1.0+h10)   1056    928 |       5208       1056       6000       4152       6000          0       4960       2432       1592
 27.25  3608 (                b_lo)   1056 (          b_q*J1.0+h10)   1056    928 |       5208       1056       6000       4152       6000          0       4960       2432       1592
 27.50  3608 (                b_lo)   1056 (          b_q*J1.0+h10)   1056    928 |       5208       1056       6000       4152       6000          0       4960       2432       1592
 27.75  3608 (                b_lo)   1056 (          b_q*J1.0+h10)   1056    928 |       5208       1056       6000       4152       6000          0       4960       2432       1592
 28.00  3608 (                b_lo)   1056 (          b_q*J1.0+h10)   1056    928 |       5208       1056       6000       4152       6000          0       4960       2432       1592
 28.25  3608 (                b_lo)   1056 (          b_q*J1.0+h10)   1056    928 |       5208       1056       6000       4152       6000          0       4960       2432       1592
 28.50  3608 (                b_lo)   1056 (          b_q*J1.0+h10)   1056    928 |       5208       1056       6000       4152       6000          0       4960       2432       1592
 28.75  3608 (                b_lo)   1056 (          b_q*J1.0+h10)   1056    928 |       5208       1056       6000       4152       6000          0       4960       2432       1592
 29.00  3608 (                b_lo)   1056 (          b_q*J1.0+h10)   1056    928 |       5208       1056       6000       4152       6000          0       4960       2432       1592
 29.25  3608 (                b_lo)   1056 (          b_q*J1.0+h10)   1056    928 |       5208       1056       6000       4152       6000          0       4960       2432       1592
 29.50  3608 (                b_lo)   1056 (          b_q*J1.0+h10)   1056    928 |       5208       1056       6000       4152       6000          0       4960       2432       1592
 29.75  3608 (                b_lo)   1056 (          b_q*J1.0+h10)   1056    928 |       5208       1056       6000       4152       6000          0       4960       2432       1592
 30.00  3608 (                b_lo)   1056 (          b_q*J1.0+h10)   1056    928 |       5208       1056       6000       4152       6000          0       4960       2432       1592
 30.25  3608 (                b_lo)   1056 (          b_q*J1.0+h10)   1056    928 |       5208       1056       6000       4152       6000          0       4960       2432       1592
 30.50  3608 (                b_lo)   1056 (          b_q*J1.0+h10)   1056    928 |       5208       1056       6000       4152       6000          0       4960       2432       1592
 30.75  3608 (                b_lo)   1056 (          b_q*J1.0+h10)   1056    928 |       5208       1056       6000       4152       6000          0       4960       2432       1592
 31.00  3608 (                b_lo)   1056 (          b_q*J1.0+h10)   1056    928 |       5208       1056       6000       4152       6000          0       4960       2432       1592
 31.25  3608 (                b_lo)   1056 (          b_q*J1.0+h10)   1056    928 |       5208       1056       6000       4152       6000          0       4960       2432       1592
 31.50  3608 (                b_lo)   1056 (          b_q*J1.0+h10)   1056    928 |       5208       1056       6000       4152       6000          0       4960       2432       1592
 31.75  3608 (                b_lo)   1056 (          b_q*J1.0+h10)   1056    928 |       5208       1056       6000       4152       6000          0       4960       2432       1592
 32.00  3608 (                b_lo)   1056 (          b_q*J1.0+h10)   1056    928 |       5208       1056       6000       4152       6000          0       4960       2432       1592
 32.25  3608 (                b_lo)   1056 (          b_q*J1.0+h10)   1056    928 |       5208       1056       6000       4152       6000          0       4960       2432       1592
 32.50  3608 (                b_lo)   1056 (          b_q*J1.0+h10)   1056    928 |       5208       1056       6000       4152       6000          0       4960       2432       1592
 32.75  3608 (                b_lo)   1056 (          b_q*J1.0+h10)   1056    928 |       5208       1056       6000       4152       6000          0       4960       2432       1592
 33.00  3608 (                b_lo)   1056 (          b_q*J1.0+h10)   1056    928 |       5208       1056       6000       4152       6000          0       4960       2432       1592
 33.25  3608 (                b_lo)   1056 (          b_q*J1.0+h10)   1056    928 |       5208       1056       6000       4152       6000          0       4960       2432       1592
 33.50  3608 (                b_lo)   1056 (          b_q*J1.0+h10)   1056    928 |       5208       1056       6000       4152       6000          0       4960       2432       1592
 33.75  3608 (                b_lo)   1056 (          b_q*J1.0+h10)   1056    928 |       5208       1056       6000       4152       6000          0       4960       2432       1592
 34.00  3608 (                b_lo)   1056 (          b_q*J1.0+h10)   1056    928 |       5208       1056       6000       4152       6000          0       4960       2432       1592
 34.25  3608 (                b_lo)   1056 (          b_q*J1.0+h10)   1056    928 |       5208       1056       6000       4152       6000          0       4960       2432       1592
 34.50  3608 (                b_lo)   1056 (          b_q*J1.0+h10)   1056    928 |       5208       1056       6000       4152       6000          0       4960       2432       1592
 34.75  3608 (                b_lo)   1056 (          b_q*J1.0+h10)   1056    928 |       5208       1056       6000       4152       6000          0       4960       2432       1592
 35.00  3608 (                b_lo)   1056 (          b_q*J1.0+h10)   1056    928 |       5208       1056       6000       4152       6000          0       4960       2432       1592