# c1r2_design_G.py kd 20 ki_base 56 kp_base 112: G_max per member (Kp_eff = 225*G/256); tier A PM >= 45, tier B PM >= 30 (incl. every +h10); 0 = fails at the first grid point
    v    envA (binding)                envB (binding)                env  Kp_eff |       J1.3  b_lo*J1.3   b_q*J1.3 b_q*J1.3+h      tau10 b_lo*tau10    ms_free    light_b       b_q0  b_q0*J_hi  bq10*J1.0 bq10*J1.0+ bq10*J1.0*
  1.00  1272 (                J_hi)   1000 (   b/1.9*J1.0*tau6+h10)   1000    438 |       1760       1136       1760       1504       2440       1792       2608          0       2928       2080       1800       1528       1448
  1.25  1272 (                J_hi)   1000 (   b/1.9*J1.0*tau6+h10)   1000    438 |       1760       1136       1760       1504       2440       1792       2608          0       2928       2080       1800       1528       1448
  1.50  1272 (                J_hi)   1000 (   b/1.9*J1.0*tau6+h10)   1000    438 |       1760       1136       1760       1504       2440       1792       2608          0       2928       2080       1800       1528       1448
  1.75  1272 (                J_hi)   1000 (   b/1.9*J1.0*tau6+h10)   1000    438 |       1760       1136       1760       1504       2440       1792       2608          0       2928       2080       1800       1528       1448
  2.00  1272 (                J_hi)   1000 (   b/1.9*J1.0*tau6+h10)   1000    438 |       1760       1136       1760       1504       2440       1792       2608          0       2928       2080       1800       1528       1448
  2.25  1272 (                J_hi)   1000 (   b/1.9*J1.0*tau6+h10)   1000    438 |       1760       1136       1760       1504       2440       1792       2608          0       2928       2080       1800       1528       1448
  2.50  1272 (                J_hi)   1000 (   b/1.9*J1.0*tau6+h10)   1000    438 |       1760       1136       1760       1504       2440       1792       2608          0       2928       2080       1800       1528       1448
  2.75  1272 (                J_hi)   1000 (   b/1.9*J1.0*tau6+h10)   1000    438 |       1760       1136       1760       1504       2440       1792       2608          0       2928       2080       1800       1528       1448
  3.00  1272 (                J_hi)   1000 (   b/1.9*J1.0*tau6+h10)   1000    438 |       1760       1136       1760       1504       2440       1792       2608          0       2928       2080       1800       1528       1448
  3.10  1272 (                J_hi)   1000 (   b/1.9*J1.0*tau6+h10)   1000    438 |       1760       1136       1760       1504       2440       1792       2608          0       2928       2080       1800       1528       1448
  3.25  1296 (                J_hi)   1024 (   b/1.9*J1.0*tau6+h10)   1024    448 |       1784       1160       1784       1536       2456       1800       2600          0       2944       2096       1824       1552       1472
  3.50  1328 (                J_hi)   1048 (   b/1.9*J1.0*tau6+h10)   1048    458 |       1832       1200       1832       1584       2480       1816       2584          0       2968       2120       1856       1592       1504
  3.75  1360 (                J_hi)   1080 (   b/1.9*J1.0*tau6+h10)   1080    472 |       1872       1232       1872       1624       2496       1832       2568          0       2992       2144       1888       1624       1544
  4.00  1392 (                J_hi)   1104 (   b/1.9*J1.0*tau6+h10)   1104    483 |       1912       1264       1912       1664       2520       1848       2560          0       3016       2160       1920       1656       1576
  4.25  1416 (                J_hi)   1128 (   b/1.9*J1.0*tau6+h10)   1128    494 |       1944       1296       1944       1696       2536       1856       2552          0       3040       2184       1952       1688       1600
  4.50  1448 (                J_hi)   1152 (   b/1.9*J1.0*tau6+h10)   1152    504 |       1976       1320       1976       1736       2560       1872       2536          0       3056       2208       1976       1720       1632
  4.75  1472 (                J_hi)   1176 (   b/1.9*J1.0*tau6+h10)   1176    514 |       2008       1352       2008       1760       2576       1888       2528          0       3080       2224       2008       1744       1656
  5.00  1496 (                J_hi)   1192 (   b/1.9*J1.0*tau6+h10)   1192    522 |       2040       1376       2040       1792       2600       1904       2528          0       3104       2248       2032       1768       1688
  5.25  1528 (                J_hi)   1216 (   b/1.9*J1.0*tau6+h10)   1216    532 |       2064       1400       2064       1824       2616       1920       2520          0       3128       2264       2056       1792       1712
  5.50  1552 (                J_hi)   1232 (   b/1.9*J1.0*tau6+h10)   1232    539 |       2088       1416       2088       1848       2640       1928       2512          0       3152       2288       2080       1816       1728
  5.75  1568 (                J_hi)   1248 (   b/1.9*J1.0*tau6+h10)   1248    546 |       2112       1440       2112       1872       2656       1944       2512          0       3176       2304       2096       1840       1752
  6.00  1592 (                J_hi)   1264 (   b/1.9*J1.0*tau6+h10)   1264    553 |       2136       1464       2136       1896       2680       1960       2504          0       3200       2328       2120       1856       1776
  6.25  1616 (                J_hi)   1280 (   b/1.9*J1.0*tau6+h10)   1280    560 |       2160       1480       2160       1920       2696       1976       2504          0       3224       2344       2136       1880       1792
  6.50  1640 (                J_hi)   1296 (   b/1.9*J1.0*tau6+h10)   1296    567 |       2176       1496       2176       1936       2720       1984       2504          0       3240       2360       2160       1896       1816
  6.75  1656 (                J_hi)   1312 (   b/1.9*J1.0*tau6+h10)   1312    574 |       2200       1512       2200       1960       2736       2000       2504          0       3264       2376       2176       1912       1832
  7.00  1680 (                J_hi)   1328 (   b/1.9*J1.0*tau6+h10)   1328    581 |       2216       1528       2216       1976       2752       2016       2504          0       3288       2400       2192       1936       1848
  7.25  1696 (                J_hi)   1344 (   b/1.9*J1.0*tau6+h10)   1344    588 |       2232       1544       2232       1992       2776       2024       2504          0       3312       2416       2208       1952       1864
  7.50  1720 (                J_hi)   1352 (   b/1.9*J1.0*tau6+h10)   1352    592 |       2248       1560       2248       2008       2792       2040       2504          0       3336       2432       2224       1968       1880
  7.75  1736 (                J_hi)   1368 (   b/1.9*J1.0*tau6+h10)   1368    598 |       2264       1576       2264       2024       2816       2056       2504          0       3360       2448       2240       1984       1896
  8.00  1752 (                J_hi)   1376 (   b/1.9*J1.0*tau6+h10)   1376    602 |       2280       1592       2280       2040       2832       2072       2504          0       3384       2464       2256       1992       1912
  8.25  1776 (                J_hi)   1344 (   b/1.9*J1.0*tau6+h10)   1344    588 |       2200       1536       2200       1968       2976       2128       2200          0       3560       2496       2200       1944       1864
  8.50  1792 (                J_hi)   1320 (   b/1.9*J1.0*tau6+h10)   1320    578 |       2112       1480       2112       1896       3128       2184       1952          0       3744       2528       2144       1896       1816
  8.75  1808 (                J_hi)   1288 (   b/1.9*J1.0*tau6+h10)   1288    564 |       2032       1424       2032       1824       3272       2240       1752          0       3928       2552       2088       1848       1776
  9.00  1832 (                J_hi)   1256 (   b/1.9*J1.0*tau6+h10)   1256    550 |       1952       1376       1952       1752       3416       2304       1584          0       4112       2584       2032       1800       1728
  9.25  1848 (                J_hi)   1224 (   b/1.9*J1.0*tau6+h10)   1224    536 |       1872       1320       1872       1688       3568       2360       1440          0       4296       2616       1976       1752       1680
  9.50  1864 (                J_hi)   1192 (   b/1.9*J1.0*tau6+h10)   1192    522 |       1792       1272       1792       1616       3712       2416       1328          0       4488       2648       1920       1704       1640
  9.75  1880 (                J_hi)   1160 (   b/1.9*J1.0*tau6+h10)   1160    508 |       1712       1224       1712       1552       3864       2480       1224          0       4672       2680       1864       1664       1592
 10.00  1904 (                J_hi)    904 (   b/1.9*J1.0*tau6+h10)    904    396 |       1640        968       1640       1488       4008       2536       1136          0       4864       2704        936        856        832
 10.25  1920 (                J_hi)    888 (   b/1.9*J1.0*tau6+h10)    888    388 |       1568        928       1568       1424       4160       2600       1056          0       5056       2736        928        848        824
 10.50  1936 (                J_hi)    864 (   b/1.9*J1.0*tau6+h10)    864    378 |       1496        888       1496       1360       4304       2656        992          0       5248       2768        920        840        816
 10.75  1952 (                J_hi)    840 (   b/1.9*J1.0*tau6+h10)    840    368 |       1424        856       1424       1296       4456       2712        936          0       5440       2800        912        832        808
 11.00  1976 (                J_hi)    816 (   b/1.9*J1.0*tau6+h10)    816    357 |       1352        816       1352       1232       4600       2776        888          0       5632       2832        904        832        800
 11.25  1992 (                J_hi)    800 (   b/1.9*J1.0*tau6+h10)    800    350 |       1280        784       1280       1176       4752       2832        840          0       5832       2856        896        824        800
 11.50  2008 (                J_hi)    776 (   b/1.9*J1.0*tau6+h10)    776    340 |       1216        752       1216       1112       4904       2896        800          0       6000       2888        888        816        792
 11.75  2024 (                J_hi)    752 (   b/1.9*J1.0*tau6+h10)    752    329 |       1152        712       1152       1056       5056       2952        768          0       6000       2920        880        808        784
 11.90  2040 (                J_hi)    744 (   b/1.9*J1.0*tau6+h10)    744    326 |       1112        696       1112       1024       5144       2992        744          0       6000       2936        872        800        776
 12.00  2120 (                J_hi)    776 (   b/1.9*J1.0*tau6+h10)    776    340 |       1168        728       1168       1072       5280       3072        784          0       6000       3048        888        816        792
 12.25  2320 (                J_hi)    848 (   b/1.9*J1.0*tau6+h10)    848    371 |       1312        800       1312       1200       5616       3264        896          0       6000       3320        920        848        824
 12.50  2520 (                J_hi)    848 (     b_q*J1.0*tau6+h10)    848    371 |       1456        880        792        736       5960       3464       1008          0       2040          0        952        880        848
 12.75  2728 (                J_hi)    880 (     b_q*J1.0*tau6+h10)    880    385 |       1616        960        824        768       6000       3672       1128          0       2144          0        984        904        880
 13.00  2944 (                J_hi)    904 (     b_q*J1.0*tau6+h10)    904    396 |       1768       1048        848        792       6000       3880       1248          0       2256          0       1016        928        904
 13.25  3160 (                J_hi)    928 (     b_q*J1.0*tau6+h10)    928    406 |       1936       1128        872        816       6000       4088       1384          0       2368          0       1048        952        928
 13.50  3376 (                J_hi)    944 (     b_q*J1.0*tau6+h10)    944    413 |       2104       1216        896        832       6000       4296       1528          0       2480       1376       1072        976        944
 13.75  3600 (                J_hi)    968 (     b_q*J1.0*tau6+h10)    968    424 |       2280       1312        920        856       6000       4512       1672          0       2600       1448       1096       1000        968
 14.00  3824 (                J_hi)    992 (     b_q*J1.0*tau6+h10)    992    434 |       2456       1400        944        880       6000       4728       1824          0       2720       1512       1120       1024        992
 14.25  4056 (                J_hi)   1008 (     b_q*J1.0*tau6+h10)   1008    441 |       2640       1496        968        896       6000       4944       1984          0       2840       1584       1144       1048       1008
 14.50  4288 (                J_hi)   1024 (     b_q*J1.0*tau6+h10)   1024    448 |       2824       1592        992        920       6000       5160       2152          0       2960       1656       1168       1064       1024
 14.75  4520 (                J_hi)   1048 (     b_q*J1.0*tau6+h10)   1048    458 |       3016       1688       1008        936       6000       5384       2328          0       3088       1728       1192       1080       1048
 15.00  4760 (                J_hi)   1064 (     b_q*J1.0*tau6+h10)   1064    466 |       3208       1784       1032        952       6000       5608       2512          0       3216       1800       1216       1104       1064
 15.25  5000 (                J_hi)   1080 (     b_q*J1.0*tau6+h10)   1080    472 |       3408       1888       1048        968       6000       5832       2696          0       3344       1872       1232       1120       1080
 15.50  5240 (                J_hi)   1096 (     b_q*J1.0*tau6+h10)   1096    480 |       3608       1992       1072        984       6000       6000       2888          0       3472       1952       1256       1136       1096
 15.75  5488 (                J_hi)   1136 (     b_q*J1.0*tau6+h10)   1136    497 |       3816       2096       1088       1008       6000       6000       3096          0       3608       2024       1304       1176       1136
 16.00  5736 (                J_hi)   1184 (     b_q*J1.0*tau6+h10)   1184    518 |       4024       2200       1136       1048       6000       6000       3304          0       3744       2104       1352       1224       1184
 16.25  5992 (                J_hi)   1232 (     b_q*J1.0*tau6+h10)   1232    539 |       4232       2304       1184       1088       6000       6000       3520          0       3880       2184       1408       1272       1232
 16.50  6000 (                J_hi)   1280 (     b_q*J1.0*tau6+h10)   1280    560 |       4448       2416       1232       1136       6000       6000       3736          0       4016       2264       1464       1328       1280
 16.75  6000 (                J_hi)   1328 (     b_q*J1.0*tau6+h10)   1328    581 |       4672       2528       1280       1176       6000       6000       3968          0       4160       2344       1520       1376       1328
 17.00  6000 (                J_hi)   1376 (     b_q*J1.0*tau6+h10)   1376    602 |       4896       2640       1328       1216       6000       6000       4200          0       4304       2424       1576       1424       1376
 17.25  6000 (                J_hi)   1392 (     b_q*J1.0*tau6+h10)   1392    609 |       5032       2704       1352       1240       6000       6000       4328          0       4320       2448       1600       1448       1392
 17.50  6000 (                J_hi)   1416 (     b_q*J1.0*tau6+h10)   1416    620 |       5176       2768       1376       1264       6000       6000       4464          0       4344       2472       1624       1472       1416
 17.75  6000 (                J_hi)   1440 (     b_q*J1.0*tau6+h10)   1440    630 |       5320       2832       1400       1288       6000       6000       4600          0       4360       2496       1648       1488       1440
 18.00  6000 (                J_hi)   1456 (     b_q*J1.0*tau6+h10)   1456    637 |       5464       2896       1424       1304       6000       6000       4736          0       4376       2520       1672       1512       1456
 18.25  6000 (                J_hi)   1480 (     b_q*J1.0*tau6+h10)   1480    648 |       5608       2960       1448       1328       6000       6000       4888          0       4400       2536       1696       1528       1480
 18.50  6000 (                J_hi)   1496 (     b_q*J1.0*tau6+h10)   1496    654 |       5752       3024       1472       1352       6000       6000       5032          0       4416       2560       1720       1552       1496
 18.75  6000 (                J_hi)   1520 (     b_q*J1.0*tau6+h10)   1520    665 |       5896       3088       1496       1376       6000       6000       5184          0       4432       2584       1744       1576       1520
 19.00  6000 (                J_hi)   1536 (     b_q*J1.0*tau6+h10)   1536    672 |       6000       3160       1520       1392       6000       6000       5344          0       4448       2608       1768       1592       1536
 19.25  6000 (                J_hi)   1560 (     b_q*J1.0*tau6+h10)   1560    682 |       6000       3224       1544       1416       6000       6000       5512          0       4472       2632       1792       1616       1560
 19.50  6000 (                J_hi)   1576 (     b_q*J1.0*tau6+h10)   1576    690 |       6000       3288       1568       1440       6000       6000       5680          0       4488       2656       1808       1632       1576
 19.75  6000 (                J_hi)   1600 (     b_q*J1.0*tau6+h10)   1600    700 |       6000       3352       1592       1456       6000       6000       5856          0       4504       2672       1832       1656       1600
 20.00  6000 (                J_hi)   1616 (     b_q*J1.0*tau6+h10)   1616    707 |       6000       3416       1616       1480       6000       6000       6000          0       4520       2696       1856       1680       1616
 20.25  6000 (                J_hi)   1640 (     b_q*J1.0*tau6+h10)   1640    718 |       6000       3488       1640       1504       6000       6000       6000          0       4544       2720       1880       1696       1640
 20.50  6000 (                J_hi)   1656 (     b_q*J1.0*tau6+h10)   1656    724 |       6000       3552       1664       1520       6000       6000       6000          0       4560       2744       1904       1720       1656
 20.75  6000 (                J_hi)   1672 (     b_q*J1.0*tau6+h10)   1672    732 |       6000       3616       1688       1544       6000       6000       6000          0       4576       2768       1928       1736       1672
 21.00  6000 (                J_hi)   1696 (     b_q*J1.0*tau6+h10)   1696    742 |       6000       3688       1704       1560       6000       6000       6000          0       4592       2784       1952       1760       1696
 21.25  6000 (                J_hi)   1712 (     b_q*J1.0*tau6+h10)   1712    749 |       6000       3752       1728       1584       6000       6000       6000          0       4608       2808       1968       1776       1712
 21.50  6000 (                J_hi)   1736 (     b_q*J1.0*tau6+h10)   1736    760 |       6000       3824       1752       1608       6000       6000       6000          0       4624       2832       1992       1800       1736
 21.75  6000 (                J_hi)   1752 (     b_q*J1.0*tau6+h10)   1752    766 |       6000       3888       1776       1624       6000       6000       6000          0       4640       2848       2016       1816       1752
 22.00  6000 (                J_hi)   1768 (     b_q*J1.0*tau6+h10)   1768    774 |       6000       3960       1800       1648       6000       6000       6000          0       4656       2872       2040       1840       1768
 22.25  6000 (                J_hi)   1792 (     b_q*J1.0*tau6+h10)   1792    784 |       6000       4024       1824       1664       6000       6000       6000          0       4680       2896       2064       1856       1792
 22.50  6000 (                J_hi)   1808 (     b_q*J1.0*tau6+h10)   1808    791 |       6000       4096       1848       1688       6000       6000       6000          0       4696       2920       2088       1880       1808
 22.75  6000 (                J_hi)   1832 (     b_q*J1.0*tau6+h10)   1832    802 |       6000       4160       1872       1712       6000       6000       6000          0       4712       2936       2104       1896       1832
 23.00  6000 (                J_hi)   1848 (     b_q*J1.0*tau6+h10)   1848    808 |       6000       4232       1896       1728       6000       6000       6000          0       4728       2960       2128       1920       1848
 23.25  6000 (                J_hi)   1864 (     b_q*J1.0*tau6+h10)   1864    816 |       6000       4304       1920       1752       6000       6000       6000          0       4744       2984       2152       1936       1864
 23.50  6000 (                J_hi)   1888 (     b_q*J1.0*tau6+h10)   1888    826 |       6000       4368       1936       1768       6000       6000       6000          0       4760       3000       2176       1960       1888
 23.75  6000 (                J_hi)   1904 (     b_q*J1.0*tau6+h10)   1904    833 |       6000       4440       1960       1792       6000       6000       6000          0       4776       3024       2192       1976       1904
 24.00  6000 (                J_hi)   1920 (     b_q*J1.0*tau6+h10)   1920    840 |       6000       4512       1984       1808       6000       6000       6000          0       4784       3048       2216       1992       1920
 24.25  6000 (                J_hi)   1944 (     b_q*J1.0*tau6+h10)   1944    850 |       6000       4584       2008       1832       6000       6000       6000          0       4800       3064       2240       2016       1944
 24.50  6000 (                J_hi)   1960 (     b_q*J1.0*tau6+h10)   1960    858 |       6000       4648       2032       1848       6000       6000       6000          0       4816       3088       2264       2032       1960
 24.75  6000 (                J_hi)   1976 (     b_q*J1.0*tau6+h10)   1976    864 |       6000       4720       2056       1872       6000       6000       6000          0       4832       3104       2288       2056       1976
 25.00  6000 (                J_hi)   1992 (     b_q*J1.0*tau6+h10)   1992    872 |       6000       4792       2080       1888       6000       6000       6000          0       4848       3128       2304       2072       1992
 25.25  6000 (                J_hi)   2016 (     b_q*J1.0*tau6+h10)   2016    882 |       6000       4864       2096       1912       6000       6000       6000          0       4864       3152       2328       2088       2016
 25.50  6000 (                J_hi)   2032 (     b_q*J1.0*tau6+h10)   2032    889 |       6000       4936       2120       1928       6000       6000       6000          0       4880       3168       2352       2112       2032
 25.75  6000 (                J_hi)   2048 (     b_q*J1.0*tau6+h10)   2048    896 |       6000       5008       2144       1952       6000       6000       6000          0       4896       3192       2376       2128       2048
 26.00  6000 (                J_hi)   2064 (     b_q*J1.0*tau6+h10)   2064    903 |       6000       5080       2168       1968       6000       6000       6000          0       4904       3208       2392       2144       2064
 26.25  6000 (                J_hi)   2080 (     b_q*J1.0*tau6+h10)   2080    910 |       6000       5152       2192       1992       6000       6000       6000          0       4920       3232       2416       2168       2080
 26.50  6000 (                J_hi)   2104 (     b_q*J1.0*tau6+h10)   2104    920 |       6000       5224       2216       2008       6000       6000       6000          0       4936       3256       2440       2184       2104
 26.75  6000 (                J_hi)   2120 (     b_q*J1.0*tau6+h10)   2120    928 |       6000       5296       2232       2032       6000       6000       6000          0       4952       3272       2464       2200       2120
 26.90  6000 (                J_hi)   2128 (     b_q*J1.0*tau6+h10)   2128    931 |       6000       5344       2248       2040       6000       6000       6000          0       4960       3288       2472       2216       2128
 27.00  6000 (                J_hi)   2128 (     b_q*J1.0*tau6+h10)   2128    931 |       6000       5344       2248       2040       6000       6000       6000          0       4960       3288       2472       2216       2128
 27.25  6000 (                J_hi)   2128 (     b_q*J1.0*tau6+h10)   2128    931 |       6000       5344       2248       2040       6000       6000       6000          0       4960       3288       2472       2216       2128
 27.50  6000 (                J_hi)   2128 (     b_q*J1.0*tau6+h10)   2128    931 |       6000       5344       2248       2040       6000       6000       6000          0       4960       3288       2472       2216       2128
 27.75  6000 (                J_hi)   2128 (     b_q*J1.0*tau6+h10)   2128    931 |       6000       5344       2248       2040       6000       6000       6000          0       4960       3288       2472       2216       2128
 28.00  6000 (                J_hi)   2128 (     b_q*J1.0*tau6+h10)   2128    931 |       6000       5344       2248       2040       6000       6000       6000          0       4960       3288       2472       2216       2128
 28.25  6000 (                J_hi)   2128 (     b_q*J1.0*tau6+h10)   2128    931 |       6000       5344       2248       2040       6000       6000       6000          0       4960       3288       2472       2216       2128
 28.50  6000 (                J_hi)   2128 (     b_q*J1.0*tau6+h10)   2128    931 |       6000       5344       2248       2040       6000       6000       6000          0       4960       3288       2472       2216       2128
 28.75  6000 (                J_hi)   2128 (     b_q*J1.0*tau6+h10)   2128    931 |       6000       5344       2248       2040       6000       6000       6000          0       4960       3288       2472       2216       2128
 29.00  6000 (                J_hi)   2128 (     b_q*J1.0*tau6+h10)   2128    931 |       6000       5344       2248       2040       6000       6000       6000          0       4960       3288       2472       2216       2128
 29.25  6000 (                J_hi)   2128 (     b_q*J1.0*tau6+h10)   2128    931 |       6000       5344       2248       2040       6000       6000       6000          0       4960       3288       2472       2216       2128
 29.50  6000 (                J_hi)   2128 (     b_q*J1.0*tau6+h10)   2128    931 |       6000       5344       2248       2040       6000       6000       6000          0       4960       3288       2472       2216       2128
 29.75  6000 (                J_hi)   2128 (     b_q*J1.0*tau6+h10)   2128    931 |       6000       5344       2248       2040       6000       6000       6000          0       4960       3288       2472       2216       2128
 30.00  6000 (                J_hi)   2128 (     b_q*J1.0*tau6+h10)   2128    931 |       6000       5344       2248       2040       6000       6000       6000          0       4960       3288       2472       2216       2128
 30.25  6000 (                J_hi)   2128 (     b_q*J1.0*tau6+h10)   2128    931 |       6000       5344       2248       2040       6000       6000       6000          0       4960       3288       2472       2216       2128
 30.50  6000 (                J_hi)   2128 (     b_q*J1.0*tau6+h10)   2128    931 |       6000       5344       2248       2040       6000       6000       6000          0       4960       3288       2472       2216       2128
 30.75  6000 (                J_hi)   2128 (     b_q*J1.0*tau6+h10)   2128    931 |       6000       5344       2248       2040       6000       6000       6000          0       4960       3288       2472       2216       2128
 31.00  6000 (                J_hi)   2128 (     b_q*J1.0*tau6+h10)   2128    931 |       6000       5344       2248       2040       6000       6000       6000          0       4960       3288       2472       2216       2128
 31.25  6000 (                J_hi)   2128 (     b_q*J1.0*tau6+h10)   2128    931 |       6000       5344       2248       2040       6000       6000       6000          0       4960       3288       2472       2216       2128
 31.50  6000 (                J_hi)   2128 (     b_q*J1.0*tau6+h10)   2128    931 |       6000       5344       2248       2040       6000       6000       6000          0       4960       3288       2472       2216       2128
 31.75  6000 (                J_hi)   2128 (     b_q*J1.0*tau6+h10)   2128    931 |       6000       5344       2248       2040       6000       6000       6000          0       4960       3288       2472       2216       2128
 32.00  6000 (                J_hi)   2128 (     b_q*J1.0*tau6+h10)   2128    931 |       6000       5344       2248       2040       6000       6000       6000          0       4960       3288       2472       2216       2128
 32.25  6000 (                J_hi)   2128 (     b_q*J1.0*tau6+h10)   2128    931 |       6000       5344       2248       2040       6000       6000       6000          0       4960       3288       2472       2216       2128
 32.50  6000 (                J_hi)   2128 (     b_q*J1.0*tau6+h10)   2128    931 |       6000       5344       2248       2040       6000       6000       6000          0       4960       3288       2472       2216       2128
 32.75  6000 (                J_hi)   2128 (     b_q*J1.0*tau6+h10)   2128    931 |       6000       5344       2248       2040       6000       6000       6000          0       4960       3288       2472       2216       2128
 33.00  6000 (                J_hi)   2128 (     b_q*J1.0*tau6+h10)   2128    931 |       6000       5344       2248       2040       6000       6000       6000          0       4960       3288       2472       2216       2128
 33.25  6000 (                J_hi)   2128 (     b_q*J1.0*tau6+h10)   2128    931 |       6000       5344       2248       2040       6000       6000       6000          0       4960       3288       2472       2216       2128
 33.50  6000 (                J_hi)   2128 (     b_q*J1.0*tau6+h10)   2128    931 |       6000       5344       2248       2040       6000       6000       6000          0       4960       3288       2472       2216       2128
 33.75  6000 (                J_hi)   2128 (     b_q*J1.0*tau6+h10)   2128    931 |       6000       5344       2248       2040       6000       6000       6000          0       4960       3288       2472       2216       2128
 34.00  6000 (                J_hi)   2128 (     b_q*J1.0*tau6+h10)   2128    931 |       6000       5344       2248       2040       6000       6000       6000          0       4960       3288       2472       2216       2128
 34.25  6000 (                J_hi)   2128 (     b_q*J1.0*tau6+h10)   2128    931 |       6000       5344       2248       2040       6000       6000       6000          0       4960       3288       2472       2216       2128
 34.50  6000 (                J_hi)   2128 (     b_q*J1.0*tau6+h10)   2128    931 |       6000       5344       2248       2040       6000       6000       6000          0       4960       3288       2472       2216       2128
 34.75  6000 (                J_hi)   2128 (     b_q*J1.0*tau6+h10)   2128    931 |       6000       5344       2248       2040       6000       6000       6000          0       4960       3288       2472       2216       2128
 35.00  6000 (                J_hi)   2128 (     b_q*J1.0*tau6+h10)   2128    931 |       6000       5344       2248       2040       6000       6000       6000          0       4960       3288       2472       2216       2128