# c1r2_design_G.py kd 20 ki_base 175 kp_base 225: G_max per member (Kp_eff = 225*G/256); tier A PM >= 45, tier B PM >= 30 (incl. every +h10); 0 = fails at the first grid point
    v    envA (binding)                envB (binding)                env  Kp_eff |       J1.3   b_q*J1.3      tau10 b_lo*tau10    ms_free    light_b b/1.9 (G3a       b_q0  b_q0*J_hi
  1.00     0 (                b_hi)    256 (         J1.0*tau6+h10)      0      0 |        296        296       1032        784       1048        520        920       1248        632
  1.25     0 (                b_hi)    256 (         J1.0*tau6+h10)      0      0 |        296        296       1032        784       1048        520        920       1248        632
  1.50     0 (                b_hi)    256 (         J1.0*tau6+h10)      0      0 |        296        296       1032        784       1048        520        920       1248        632
  1.75     0 (                b_hi)    256 (         J1.0*tau6+h10)      0      0 |        296        296       1032        784       1048        520        920       1248        632
  2.00     0 (                b_hi)    256 (         J1.0*tau6+h10)      0      0 |        296        296       1032        784       1048        520        920       1248        632
  2.25     0 (                b_hi)    256 (         J1.0*tau6+h10)      0      0 |        296        296       1032        784       1048        520        920       1248        632
  2.50     0 (                b_hi)    256 (         J1.0*tau6+h10)      0      0 |        296        296       1032        784       1048        520        920       1248        632
  2.75     0 (                b_hi)    256 (         J1.0*tau6+h10)      0      0 |        296        296       1032        784       1048        520        920       1248        632
  3.00     0 (                b_hi)    256 (         J1.0*tau6+h10)      0      0 |        296        296       1032        784       1048        520        920       1248        632
  3.10     0 (                b_hi)    256 (         J1.0*tau6+h10)      0      0 |        296        296       1032        784       1048        520        920       1248        632
  3.25     0 (                b_hi)    272 (         J1.0*tau6+h10)      0      0 |        320        320       1040        784       1040        520        928       1256        648
  3.50    80 (                b_hi)    304 (         J1.0*tau6+h10)     80     70 |        352        352       1056        800       1032        528        936       1264        672
  3.75   256 (                J_hi)    336 (         J1.0*tau6+h10)    256    225 |        384        384       1064        808       1024        528        952       1280        696
  4.00   304 (                J_hi)    360 (         J1.0*tau6+h10)    304    267 |        416        416       1080        816       1016        528        960       1296        712
  4.25   336 (                J_hi)    392 (         J1.0*tau6+h10)    336    295 |        448        448       1088        824       1008        528        968       1304        736
  4.50   368 (                J_hi)    416 (         J1.0*tau6+h10)    368    323 |        472        472       1104        832       1000        536        976       1320        752
  4.75   400 (                J_hi)    440 (         J1.0*tau6+h10)    400    352 |        504        504       1112        840       1000        536        992       1336        768
  5.00   424 (                J_hi)    456 (         J1.0*tau6+h10)    424    373 |        528        528       1128        848        992        536       1000       1344        784
  5.25   448 (                J_hi)    480 (         J1.0*tau6+h10)    448    394 |        544        544       1136        856        984        536       1008       1360        800
  5.50   472 (                J_hi)    496 (         J1.0*tau6+h10)    472    415 |        568        568       1152        864        984        544       1016       1376        816
  5.75   496 (                J_hi)    512 (    b_lo*J_hi*tau6+h10)    496    436 |        592        592       1160        872        984        544       1024       1384        832
  6.00   512 (                J_hi)    520 (    b_lo*J_hi*tau6+h10)    512    450 |        608        608       1168        880        976        544       1032       1400        848
  6.25   528 (                J_hi)    528 (    b_lo*J_hi*tau6+h10)    528    464 |        632        632       1184        888        976        544       1040       1408        864
  6.50   544 (                J_hi)    536 (    b_lo*J_hi*tau6+h10)    536    471 |        648        648       1192        896        976        544       1056       1424        872
  6.75   560 (                J_hi)    544 (    b_lo*J_hi*tau6+h10)    544    478 |        664        664       1208        904        976        552       1064       1432        888
  7.00   576 (                J_hi)    560 (    b_lo*J_hi*tau6+h10)    560    492 |        680        680       1216        912        968        552       1072       1448        896
  7.25   592 (                J_hi)    568 (    b_lo*J_hi*tau6+h10)    568    499 |        696        696       1224        920        968        552       1080       1456        912
  7.50   608 (                J_hi)    576 (    b_lo*J_hi*tau6+h10)    576    506 |        712        712       1240        928        968          0       1088       1472        928
  7.75   624 (                J_hi)    584 (    b_lo*J_hi*tau6+h10)    584    513 |        728        728       1248        936        968          0       1096       1488        936
  8.00   640 (                J_hi)    592 (    b_lo*J_hi*tau6+h10)    592    520 |        736        736       1256        944        968          0       1104       1496        952
  8.25   640 (                J_hi)    592 (    b_lo*J_hi*tau6+h10)    592    520 |        712        712       1320        968        816          0       1160       1576        960
  8.50   648 (                J_hi)    600 (    b_lo*J_hi*tau6+h10)    600    527 |        680        680       1376        992        696          0       1208       1648        968
  8.75   648 (                J_hi)    600 (         J1.0*tau6+h10)    600    527 |        656        656       1440       1016        600          0       1264       1728        976
  9.00   656 (                J_hi)    584 (         J1.0*tau6+h10)    584    513 |        624        624       1496       1040        536          0       1320       1800        992
  9.25   656 (                J_hi)    568 (         J1.0*tau6+h10)    568    499 |        600        600       1552       1072        472          0       1368       1880       1000
  9.50   656 (                J_hi)    552 (         J1.0*tau6+h10)    552    485 |        576        576       1616       1096        432          0       1424       1960       1008
  9.75   664 (                J_hi)    536 (         J1.0*tau6+h10)    536    471 |        544        544       1672       1120        392          0       1480       2040       1024
 10.00   664 (                J_hi)    520 (         J1.0*tau6+h10)    520    457 |        520        520       1736       1144        360          0       1200       2112       1032
 10.25   672 (                J_hi)    504 (         J1.0*tau6+h10)    504    443 |        496        496       1792       1168        336          0       1240       2192       1040
 10.50   672 (                J_hi)    488 (         J1.0*tau6+h10)    488    429 |        472        472       1848       1192        320          0       1280       2272       1048
 10.75   672 (                J_hi)    472 (         J1.0*tau6+h10)    472    415 |        448        448       1912       1224        296          0       1320       2352       1064
 11.00   680 (                J_hi)    456 (         J1.0*tau6+h10)    456    401 |        424        424       1968       1248        280          0       1368       2432       1072
 11.25   680 (                J_hi)    440 (         J1.0*tau6+h10)    440    387 |        400        400       2032       1272        272          0       1408       2512       1080
 11.50   680 (                J_hi)    424 (         J1.0*tau6+h10)    424    373 |        384        384       2088       1296        256          0       1448       2592       1096
 11.75   688 (                J_hi)    408 (         J1.0*tau6+h10)    408    359 |        360        360       2144       1320        248          0       1488       2672       1104
 11.90   688 (                J_hi)    400 (         J1.0*tau6+h10)    400    352 |        352        352       2184       1336        240          0       1512       2720       1112
 12.00   720 (                J_hi)    424 (         J1.0*tau6+h10)    424    373 |        368        368       2240       1376        256          0       1560       2800       1160
 12.25   800 (                J_hi)    480 (         J1.0*tau6+h10)    480    422 |        416        416       2384       1464        288          0       1664       2992       1272
 12.50   888 (                J_hi)    328 (          b_q*J1.0+h10)    328    288 |        472        280       2536       1552        328          0       1768        944        464
 12.75   976 (                J_hi)    344 (          b_q*J1.0+h10)    344    302 |        528        296       2688       1648        368          0       1872       1000        496
 13.00  1056 (                J_hi)    360 (          b_q*J1.0+h10)    360    316 |        584        312       2840       1744        408          0       1984       1048        528
 13.25  1144 (                J_hi)    368 (          b_q*J1.0+h10)    368    323 |        648        320       2992       1840        456          0       2096       1104        560
 13.50  1240 (                J_hi)    384 (          b_q*J1.0+h10)    384    338 |        712        336       3144       1936        504          0       2208       1160        592
 13.75  1328 (                J_hi)    400 (          b_q*J1.0+h10)    400    352 |        776        352       3296       2032        552          0       2320       1216        624
 14.00  1424 (                J_hi)    408 (          b_q*J1.0+h10)    408    359 |        840        360       3448       2128        608          0       2440       1272        656
 14.25  1512 (                J_hi)    424 (          b_q*J1.0+h10)    424    373 |        912        376       3608       2224        664          0       2552       1328        688
 14.50  1608 (                J_hi)    432 (          b_q*J1.0+h10)    432    380 |        984        384       3760       2328        728          0       2672       1384        720
 14.75  1704 (                J_hi)    448 (          b_q*J1.0+h10)    448    394 |       1056        392       3920       2424        792          0       2792       1448        760
 15.00  1800 (                J_hi)    456 (          b_q*J1.0+h10)    456    401 |       1136        408       4072       2528        856          0       2912       1504        792
 15.25  1896 (                J_hi)    464 (          b_q*J1.0+h10)    464    408 |       1208        416       4232       2632        928          0       3040       1568        824
 15.50  2000 (                J_hi)    472 (          b_q*J1.0+h10)    472    415 |       1288        424       4392       2736       1000          0       3160       1632        864
 15.75  2096 (                J_hi)    496 (          b_q*J1.0+h10)    496    436 |       1376        440       4552       2840       1072          0       3288       1696        896
 16.00  2200 (                J_hi)    520 (          b_q*J1.0+h10)    520    457 |       1456        456       4704       2944       1152          0       3416       1760        936
 16.25  2304 (                J_hi)    536 (          b_q*J1.0+h10)    536    471 |       1544        480       4864       3048       1232          0       3544       1824        976
 16.50  2408 (                J_hi)    560 (          b_q*J1.0+h10)    560    492 |       1632        496       5024       3152       1320          0       3672       1888       1008
 16.75  2512 (                J_hi)    584 (          b_q*J1.0+h10)    584    513 |       1720        520       5184       3256       1408          0       3800       1960       1048
 17.00  2616 (                J_hi)    608 (          b_q*J1.0+h10)    608    534 |       1808        544       5352       3360       1504          0       3928       2024       1088
 17.25  2624 (                J_hi)    616 (          b_q*J1.0+h10)    616    541 |       1848        552       5368       3376       1544          0       3944       2032       1096
 17.50  2640 (                J_hi)    624 (          b_q*J1.0+h10)    624    548 |       1896        560       5384       3384       1592          0       3960       2040       1104
 17.75  2656 (                J_hi)    632 (          b_q*J1.0+h10)    632    555 |       1944        568       5400       3392       1640          0       3976       2048       1112
 18.00  2664 (                J_hi)    640 (          b_q*J1.0+h10)    640    562 |       1984        576       5416       3408       1688          0       3992       2056       1120
 18.25  2680 (                J_hi)    648 (          b_q*J1.0+h10)    648    570 |       2032        584       5432       3416       1736          0       4008       2064       1136
 18.50  2688 (                J_hi)    656 (          b_q*J1.0+h10)    656    577 |       2072        592       5456       3424       1792          0       4024       2072       1144
 18.75  2704 (                J_hi)    664 (          b_q*J1.0+h10)    664    584 |       2120        600       5472       3432       1848          0       4040       2080       1152
 19.00  2712 (                J_hi)    672 (          b_q*J1.0+h10)    672    591 |       2168        608       5488       3448       1904          0       4056       2088       1160
 19.25  2720 (                J_hi)    680 (          b_q*J1.0+h10)    680    598 |       2208        616       5504       3456       1960          0       4064       2096       1168
 19.50  2728 (                J_hi)    688 (          b_q*J1.0+h10)    688    605 |       2256        624       5520       3464       2024          0       4080       2096       1176
 19.75  2736 (                J_hi)    696 (          b_q*J1.0+h10)    696    612 |       2304        632       5536       3472       2088          0       4096       2104       1184
 20.00  2744 (                J_hi)    704 (          b_q*J1.0+h10)    704    619 |       2344        640       5552       3480       2152          0       4112       2112       1192
 20.25  2752 (                J_hi)    712 (          b_q*J1.0+h10)    712    626 |       2392        648       5568       3488       2224          0       4128       2120       1200
 20.50  2760 (                J_hi)    720 (          b_q*J1.0+h10)    720    633 |       2440        656       5584       3504       2296          0       4136       2128       1208
 20.75  2768 (                J_hi)    720 (          b_q*J1.0+h10)    720    633 |       2480        664       5600       3512       2368          0       4152       2136       1216
 21.00  2768 (                J_hi)    728 (          b_q*J1.0+h10)    728    640 |       2528        672       5616       3520       2448          0       4168       2136       1224
 21.25  2776 (                J_hi)    736 (          b_q*J1.0+h10)    736    647 |       2576        680       5632       3528       2536          0       4184       2144       1240
 21.50  2776 (                J_hi)    744 (          b_q*J1.0+h10)    744    654 |       2616        688       5640       3536       2616          0       4192       2152       1248
 21.75  2776 (                J_hi)    752 (          b_q*J1.0+h10)    752    661 |       2664        696       5656       3544       2712          0       4208       2160       1256
 22.00  2784 (                J_hi)    760 (          b_q*J1.0+h10)    760    668 |       2712        704       5672       3552       2808          0       4224       2168       1264
 22.25  2784 (                J_hi)    768 (          b_q*J1.0+h10)    768    675 |       2760        712       5688       3560       2904          0       4232       2168       1272
 22.50  2784 (                J_hi)    776 (          b_q*J1.0+h10)    776    682 |       2800        720       5704       3568       3008          0       4248       2176       1280
 22.75  2784 (                J_hi)    776 (          b_q*J1.0+h10)    776    682 |       2848        728       5720       3576       3112          0       4264       2184       1288
 23.00  2776 (                J_hi)    784 (          b_q*J1.0+h10)    784    689 |       2896        736       5728       3584       3232          0       4272       2192       1296
 23.25  2776 (                J_hi)    792 (          b_q*J1.0+h10)    792    696 |       2944        744       5744       3592       3344          0       4288       2192       1304
 23.50  2776 (                J_hi)    800 (          b_q*J1.0+h10)    800    703 |       2984        752       5760       3600       3472          0       4296       2200       1312
 23.75  2768 (                J_hi)    808 (          b_q*J1.0+h10)    808    710 |       3032        760       5776       3608       3600          0       4312       2208       1312
 24.00  2760 (                J_hi)    808 (          b_q*J1.0+h10)    808    710 |       3080        768       5784       3616       3744          0       4328       2216       1320
 24.25  2752 (                J_hi)    816 (          b_q*J1.0+h10)    816    717 |       3128        776       5800       3624       3888          0       4336       2216       1328
 24.50  2744 (                J_hi)    824 (          b_q*J1.0+h10)    824    724 |       3176        776       5816       3624       4032          0       4352       2224       1336
 24.75  2736 (                J_hi)    832 (          b_q*J1.0+h10)    832    731 |       3216        784       5824       3632       4192          0       4360       2232       1344
 25.00  2728 (                J_hi)    832 (          b_q*J1.0+h10)    832    731 |       3264        792       5840       3640       4360          0       4376       2232       1352
 25.25  2712 (                J_hi)    840 (          b_q*J1.0+h10)    840    738 |       3312        800       5856       3648       4536          0       4384       2240       1360
 25.50  2704 (                J_hi)    848 (          b_q*J1.0+h10)    848    745 |       3360        808       5864       3656       4720          0       4400       2240       1368
 25.75  2688 (                J_hi)    856 (          b_q*J1.0+h10)    856    752 |       3408        816       5880       3664       4912          0       4408       2248       1376
 26.00  2664 (                J_hi)    856 (          b_q*J1.0+h10)    856    752 |       3456        824       5888       3664       5120          0       4424       2256       1384
 26.25  2648 (                J_hi)    864 (          b_q*J1.0+h10)    864    759 |       3504        824       5904       3672       5336          0       4432       2256       1392
 26.50  2632 (                J_hi)    872 (          b_q*J1.0+h10)    872    766 |       3552        832       5912       3680       5560          0       4448       2264       1392
 26.75  2608 (                J_hi)    872 (          b_q*J1.0+h10)    872    766 |       3600        840       5928       3688       5800          0       4456       2272       1400
 26.90  2592 (                J_hi)    880 (          b_q*J1.0+h10)    880    773 |       3624        840       5936       3688       5952          0       4464       2272       1408
 27.00  2592 (                J_hi)    880 (          b_q*J1.0+h10)    880    773 |       3624        840       5936       3688       5952          0       4464       2272       1408
 27.25  2592 (                J_hi)    880 (          b_q*J1.0+h10)    880    773 |       3624        840       5936       3688       5952          0       4464       2272       1408
 27.50  2592 (                J_hi)    880 (          b_q*J1.0+h10)    880    773 |       3624        840       5936       3688       5952          0       4464       2272       1408
 27.75  2592 (                J_hi)    880 (          b_q*J1.0+h10)    880    773 |       3624        840       5936       3688       5952          0       4464       2272       1408
 28.00  2592 (                J_hi)    880 (          b_q*J1.0+h10)    880    773 |       3624        840       5936       3688       5952          0       4464       2272       1408
 28.25  2592 (                J_hi)    880 (          b_q*J1.0+h10)    880    773 |       3624        840       5936       3688       5952          0       4464       2272       1408
 28.50  2592 (                J_hi)    880 (          b_q*J1.0+h10)    880    773 |       3624        840       5936       3688       5952          0       4464       2272       1408
 28.75  2592 (                J_hi)    880 (          b_q*J1.0+h10)    880    773 |       3624        840       5936       3688       5952          0       4464       2272       1408
 29.00  2592 (                J_hi)    880 (          b_q*J1.0+h10)    880    773 |       3624        840       5936       3688       5952          0       4464       2272       1408
 29.25  2592 (                J_hi)    880 (          b_q*J1.0+h10)    880    773 |       3624        840       5936       3688       5952          0       4464       2272       1408
 29.50  2592 (                J_hi)    880 (          b_q*J1.0+h10)    880    773 |       3624        840       5936       3688       5952          0       4464       2272       1408
 29.75  2592 (                J_hi)    880 (          b_q*J1.0+h10)    880    773 |       3624        840       5936       3688       5952          0       4464       2272       1408
 30.00  2592 (                J_hi)    880 (          b_q*J1.0+h10)    880    773 |       3624        840       5936       3688       5952          0       4464       2272       1408
 30.25  2592 (                J_hi)    880 (          b_q*J1.0+h10)    880    773 |       3624        840       5936       3688       5952          0       4464       2272       1408
 30.50  2592 (                J_hi)    880 (          b_q*J1.0+h10)    880    773 |       3624        840       5936       3688       5952          0       4464       2272       1408
 30.75  2592 (                J_hi)    880 (          b_q*J1.0+h10)    880    773 |       3624        840       5936       3688       5952          0       4464       2272       1408
 31.00  2592 (                J_hi)    880 (          b_q*J1.0+h10)    880    773 |       3624        840       5936       3688       5952          0       4464       2272       1408
 31.25  2592 (                J_hi)    880 (          b_q*J1.0+h10)    880    773 |       3624        840       5936       3688       5952          0       4464       2272       1408
 31.50  2592 (                J_hi)    880 (          b_q*J1.0+h10)    880    773 |       3624        840       5936       3688       5952          0       4464       2272       1408
 31.75  2592 (                J_hi)    880 (          b_q*J1.0+h10)    880    773 |       3624        840       5936       3688       5952          0       4464       2272       1408
 32.00  2592 (                J_hi)    880 (          b_q*J1.0+h10)    880    773 |       3624        840       5936       3688       5952          0       4464       2272       1408
 32.25  2592 (                J_hi)    880 (          b_q*J1.0+h10)    880    773 |       3624        840       5936       3688       5952          0       4464       2272       1408
 32.50  2592 (                J_hi)    880 (          b_q*J1.0+h10)    880    773 |       3624        840       5936       3688       5952          0       4464       2272       1408
 32.75  2592 (                J_hi)    880 (          b_q*J1.0+h10)    880    773 |       3624        840       5936       3688       5952          0       4464       2272       1408
 33.00  2592 (                J_hi)    880 (          b_q*J1.0+h10)    880    773 |       3624        840       5936       3688       5952          0       4464       2272       1408
 33.25  2592 (                J_hi)    880 (          b_q*J1.0+h10)    880    773 |       3624        840       5936       3688       5952          0       4464       2272       1408
 33.50  2592 (                J_hi)    880 (          b_q*J1.0+h10)    880    773 |       3624        840       5936       3688       5952          0       4464       2272       1408
 33.75  2592 (                J_hi)    880 (          b_q*J1.0+h10)    880    773 |       3624        840       5936       3688       5952          0       4464       2272       1408
 34.00  2592 (                J_hi)    880 (          b_q*J1.0+h10)    880    773 |       3624        840       5936       3688       5952          0       4464       2272       1408
 34.25  2592 (                J_hi)    880 (          b_q*J1.0+h10)    880    773 |       3624        840       5936       3688       5952          0       4464       2272       1408
 34.50  2592 (                J_hi)    880 (          b_q*J1.0+h10)    880    773 |       3624        840       5936       3688       5952          0       4464       2272       1408
 34.75  2592 (                J_hi)    880 (          b_q*J1.0+h10)    880    773 |       3624        840       5936       3688       5952          0       4464       2272       1408
 35.00  2592 (                J_hi)    880 (          b_q*J1.0+h10)    880    773 |       3624        840       5936       3688       5952          0       4464       2272       1408