# c1r2_design_G.py kd 20 ki_base 100 kp_base 225: G_max per member (Kp_eff = 225*G/256); tier A PM >= 45, tier B PM >= 30 (incl. every +h10); 0 = fails at the first grid point
    v    envA (binding)                envB (binding)                env  Kp_eff |       J1.3   b_q*J1.3      tau10 b_lo*tau10    ms_free    light_b b/1.9 (G3a       b_q0  b_q0*J_hi
  1.00   704 (                J_hi)    632 (    b_lo*J_hi*tau6+h10)    632    555 |       1024       1024       1248        912       1336        592       1080       1496       1104
  1.25   704 (                J_hi)    632 (    b_lo*J_hi*tau6+h10)    632    555 |       1024       1024       1248        912       1336        592       1080       1496       1104
  1.50   704 (                J_hi)    632 (    b_lo*J_hi*tau6+h10)    632    555 |       1024       1024       1248        912       1336        592       1080       1496       1104
  1.75   704 (                J_hi)    632 (    b_lo*J_hi*tau6+h10)    632    555 |       1024       1024       1248        912       1336        592       1080       1496       1104
  2.00   704 (                J_hi)    632 (    b_lo*J_hi*tau6+h10)    632    555 |       1024       1024       1248        912       1336        592       1080       1496       1104
  2.25   704 (                J_hi)    632 (    b_lo*J_hi*tau6+h10)    632    555 |       1024       1024       1248        912       1336        592       1080       1496       1104
  2.50   704 (                J_hi)    632 (    b_lo*J_hi*tau6+h10)    632    555 |       1024       1024       1248        912       1336        592       1080       1496       1104
  2.75   704 (                J_hi)    632 (    b_lo*J_hi*tau6+h10)    632    555 |       1024       1024       1248        912       1336        592       1080       1496       1104
  3.00   704 (                J_hi)    632 (    b_lo*J_hi*tau6+h10)    632    555 |       1024       1024       1248        912       1336        592       1080       1496       1104
  3.10   704 (                J_hi)    632 (    b_lo*J_hi*tau6+h10)    632    555 |       1024       1024       1248        912       1336        592       1080       1496       1104
  3.25   712 (                J_hi)    632 (    b_lo*J_hi*tau6+h10)    632    555 |       1032       1032       1248        912       1336        592       1088       1496       1112
  3.50   728 (                J_hi)    640 (    b_lo*J_hi*tau6+h10)    640    562 |       1048       1048       1264        920       1328        592       1096       1512       1120
  3.75   736 (                J_hi)    648 (    b_lo*J_hi*tau6+h10)    648    570 |       1064       1064       1272        928       1320        592       1104       1520       1128
  4.00   752 (                J_hi)    656 (    b_lo*J_hi*tau6+h10)    656    577 |       1080       1080       1280        936       1320        600       1112       1536       1136
  4.25   760 (                J_hi)    664 (    b_lo*J_hi*tau6+h10)    664    584 |       1096       1096       1288        944       1312        600       1120       1544       1152
  4.50   776 (                J_hi)    672 (    b_lo*J_hi*tau6+h10)    672    591 |       1104       1104       1304        952       1312        600       1128       1560       1160
  4.75   784 (                J_hi)    680 (    b_lo*J_hi*tau6+h10)    680    598 |       1120       1120       1312        952       1304        600       1136       1568       1168
  5.00   800 (                J_hi)    688 (    b_lo*J_hi*tau6+h10)    688    605 |       1128       1128       1320        960       1304        600       1144       1576       1176
  5.25   808 (                J_hi)    696 (    b_lo*J_hi*tau6+h10)    696    612 |       1136       1136       1328        968       1296          0       1152       1592       1184
  5.50   824 (                J_hi)    696 (    b_lo*J_hi*tau6+h10)    696    612 |       1152       1152       1336        976       1296          0       1160       1600       1192
  5.75   832 (                J_hi)    704 (    b_lo*J_hi*tau6+h10)    704    619 |       1160       1160       1352        984       1296          0       1168       1616       1208
  6.00   840 (                J_hi)    712 (    b_lo*J_hi*tau6+h10)    712    626 |       1168       1168       1360        992       1296          0       1176       1624       1216
  6.25   848 (                J_hi)    720 (    b_lo*J_hi*tau6+h10)    720    633 |       1176       1176       1368        992       1296          0       1184       1640       1224
  6.50   864 (                J_hi)    720 (    b_lo*J_hi*tau6+h10)    720    633 |       1184       1184       1376       1000       1296          0       1192       1648       1232
  6.75   872 (                J_hi)    728 (    b_lo*J_hi*tau6+h10)    728    640 |       1192       1192       1384       1008       1296          0       1200       1656       1240
  7.00   880 (                J_hi)    736 (    b_lo*J_hi*tau6+h10)    736    647 |       1200       1200       1400       1016       1296          0       1208       1672       1248
  7.25   888 (                J_hi)    736 (    b_lo*J_hi*tau6+h10)    736    647 |       1208       1208       1408       1024       1296          0       1216       1680       1256
  7.50   896 (                J_hi)    744 (    b_lo*J_hi*tau6+h10)    744    654 |       1216       1216       1416       1032       1296          0       1224       1696       1264
  7.75   904 (                J_hi)    752 (    b_lo*J_hi*tau6+h10)    752    661 |       1216       1216       1424       1032       1296          0       1232       1704       1272
  8.00   912 (                J_hi)    752 (    b_lo*J_hi*tau6+h10)    752    661 |       1224       1224       1432       1040       1296          0       1240       1712       1280
  8.25   928 (                J_hi)    760 (    b_lo*J_hi*tau6+h10)    760    668 |       1176       1176       1512       1072       1144          0       1304       1808       1296
  8.50   936 (                J_hi)    768 (    b_lo*J_hi*tau6+h10)    768    675 |       1136       1136       1584       1104       1024          0       1360       1904       1312
  8.75   944 (                J_hi)    776 (    b_lo*J_hi*tau6+h10)    776    682 |       1096       1096       1664       1128        928          0       1424       1992       1328
  9.00   952 (                J_hi)    784 (    b_lo*J_hi*tau6+h10)    784    689 |       1048       1048       1736       1160        840          0       1488       2088       1344
  9.25   968 (                J_hi)    792 (    b_lo*J_hi*tau6+h10)    792    696 |       1008       1008       1808       1192        776          0       1552       2184       1360
  9.50   976 (                J_hi)    800 (    b_lo*J_hi*tau6+h10)    800    703 |        968        968       1888       1224        712          0       1616       2280       1376
  9.75   984 (                J_hi)    808 (    b_lo*J_hi*tau6+h10)    808    710 |        928        928       1960       1248        656          0       1680       2376       1392
 10.00   992 (                J_hi)    672 (    b_lo*J_hi*tau6+h10)    672    591 |        888        888       2040       1280        616          0       1344       2472       1408
 10.25  1008 (                J_hi)    680 (    b_lo*J_hi*tau6+h10)    680    598 |        848        848       2120       1312        576          0       1392       2576       1424
 10.50  1016 (                J_hi)    688 (    b_lo*J_hi*tau6+h10)    688    605 |        808        808       2192       1344        544          0       1440       2672       1440
 10.75  1024 (                J_hi)    696 (        b/1.9*J_hi+h10)    696    612 |        768        768       2272       1376        512          0       1488       2768       1456
 11.00  1032 (                J_hi)    696 (    b_lo*J_hi*tau6+h10)    696    612 |        736        736       2344       1400        480          0       1536       2872       1472
 11.25  1048 (                J_hi)    704 (    b_lo*J_hi*tau6+h10)    704    619 |        696        696       2424       1432        456          0       1592       2968       1488
 11.50  1056 (                J_hi)    688 (         J1.0*tau6+h10)    688    605 |        656        656       2504       1464        440          0       1640       3072       1504
 11.75  1064 (                J_hi)    672 (         J1.0*tau6+h10)    672    591 |        624        624       2576       1496        416          0       1688       3176       1520
 11.90  1072 (                J_hi)    656 (         J1.0*tau6+h10)    656    577 |        600        600       2624       1512        408          0       1720       3232       1528
 12.00  1112 (                J_hi)    688 (         J1.0*tau6+h10)    688    605 |        632        632       2696       1552        432          0       1760       3320       1584
 12.25  1216 (                J_hi)    760 (         J1.0*tau6+h10)    760    668 |        712        712       2864       1656        488          0       1880       3544       1720
 12.50  1320 (                J_hi)    456 (          b_q*J1.0+h10)    456    401 |        784        424       3040       1752        544          0       1992       1024          0
 12.75  1424 (                J_hi)    472 (          b_q*J1.0+h10)    472    415 |        864        432       3216       1856        608          0       2112       1080          0
 13.00  1536 (                J_hi)    488 (          b_q*J1.0+h10)    488    429 |        952        448       3392       1960        680          0       2232       1136        632
 13.25  1648 (                J_hi)    496 (          b_q*J1.0+h10)    496    436 |       1032        464       3576       2064        752          0       2360       1192        672
 13.50  1760 (                J_hi)    512 (          b_q*J1.0+h10)    512    450 |       1120        472       3752       2176        824          0       2480       1248        704
 13.75  1872 (                J_hi)    520 (          b_q*J1.0+h10)    520    457 |       1216        488       3936       2280        904          0       2608       1304        736
 14.00  1984 (                J_hi)    528 (          b_q*J1.0+h10)    528    464 |       1304        496       4112       2392        984          0       2736       1368        768
 14.25  2104 (                J_hi)    536 (          b_q*J1.0+h10)    536    471 |       1400        504       4296       2504       1064          0       2864       1424        808
 14.50  2224 (                J_hi)    552 (          b_q*J1.0+h10)    552    485 |       1496        520       4480       2616       1152          0       3000       1488        840
 14.75  2344 (                J_hi)    560 (          b_q*J1.0+h10)    560    492 |       1592        528       4664       2728       1248          0       3128       1552        880
 15.00  2464 (                J_hi)    568 (          b_q*J1.0+h10)    568    499 |       1696        536       4856       2840       1344          0       3264       1616        912
 15.25  2592 (                J_hi)    576 (          b_q*J1.0+h10)    576    506 |       1800        544       5040       2952       1440          0       3400       1680        952
 15.50  2720 (                J_hi)    584 (          b_q*J1.0+h10)    584    513 |       1904        552       5224       3064       1544          0       3536       1744        992
 15.75  2840 (                J_hi)    600 (          b_q*J1.0+h10)    600    527 |       2008        568       5416       3184       1648          0       3680       1816       1032
 16.00  2968 (                J_hi)    632 (          b_q*J1.0+h10)    632    555 |       2112        592       5608       3304       1752          0       3816       1880       1064
 16.25  3104 (                J_hi)    656 (          b_q*J1.0+h10)    656    577 |       2224        616       5792       3416       1864          0       3960       1952       1104
 16.50  3232 (                J_hi)    680 (          b_q*J1.0+h10)    680    598 |       2336        640       5984       3536       1976          0       4104       2016       1144
 16.75  3360 (                J_hi)    704 (          b_q*J1.0+h10)    704    619 |       2448        664       6000       3656       2096          0       4248       2088       1184
 17.00  3480 (                b_lo)    728 (          b_q*J1.0+h10)    728    640 |       2568        688       6000       3776       2216          0       4392       2160       1232
 17.25  3488 (                b_lo)    736 (          b_q*J1.0+h10)    736    647 |       2640        704       6000       3792       2288          0       4416       2168       1240
 17.50  3504 (                b_lo)    752 (          b_q*J1.0+h10)    752    661 |       2712        712       6000       3808       2360          0       4440       2184       1256
 17.75  3512 (                b_lo)    760 (          b_q*J1.0+h10)    760    668 |       2792        728       6000       3824       2424          0       4456       2192       1264
 18.00  3528 (                b_lo)    776 (          b_q*J1.0+h10)    776    682 |       2864        736       6000       3840       2504          0       4480       2200       1280
 18.25  3536 (                b_lo)    784 (          b_q*J1.0+h10)    784    689 |       2944        752       6000       3856       2576          0       4504       2208       1288
 18.50  3544 (                b_lo)    792 (          b_q*J1.0+h10)    792    696 |       3016        760       6000       3872       2656          0       4520       2216       1296
 18.75  3560 (                b_lo)    808 (          b_q*J1.0+h10)    808    710 |       3096        776       6000       3888       2736          0       4544       2232       1312
 19.00  3568 (                b_lo)    816 (          b_q*J1.0+h10)    816    717 |       3176        784       6000       3904       2816          0       4568       2240       1320
 19.25  3576 (                b_lo)    824 (          b_q*J1.0+h10)    824    724 |       3256        800       6000       3920       2904          0       4584       2248       1336
 19.50  3592 (                b_lo)    840 (          b_q*J1.0+h10)    840    738 |       3336        816       6000       3936       2992          0       4608       2256       1344
 19.75  3600 (                b_lo)    848 (          b_q*J1.0+h10)    848    745 |       3416        824       6000       3952       3080          0       4632       2264       1360
 20.00  3608 (                b_lo)    864 (          b_q*J1.0+h10)    864    759 |       3496        840       6000       3968       3176          0       4648       2272       1368
 20.25  3624 (                b_lo)    872 (          b_q*J1.0+h10)    872    766 |       3576        848       6000       3976       3272          0       4672       2288       1384
 20.50  3632 (                b_lo)    880 (          b_q*J1.0+h10)    880    773 |       3656        864       6000       3992       3368          0       4688       2296       1392
 20.75  3640 (                b_lo)    896 (          b_q*J1.0+h10)    896    788 |       3744        872       6000       4008       3472          0       4712       2304       1408
 21.00  3656 (                b_lo)    904 (          b_q*J1.0+h10)    904    795 |       3824        888       6000       4024       3576          0       4728       2312       1416
 21.25  3664 (                b_lo)    912 (          b_q*J1.0+h10)    912    802 |       3904        896       6000       4040       3688          0       4752       2320       1424
 21.50  3672 (                b_lo)    928 (          b_q*J1.0+h10)    928    816 |       3992        912       6000       4056       3800          0       4776       2328       1440
 21.75  3680 (                b_lo)    936 (          b_q*J1.0+h10)    936    823 |       4072        928       6000       4072       3920          0       4792       2336       1448
 22.00  3688 (                b_lo)    944 (          b_q*J1.0+h10)    944    830 |       4160        936       6000       4088       4040          0       4816       2344       1464
 22.25  3704 (                b_lo)    960 (          b_q*J1.0+h10)    960    844 |       4248        952       6000       4096       4168          0       4832       2352       1472
 22.50  3712 (                b_lo)    968 (          b_q*J1.0+h10)    968    851 |       4328        960       6000       4112       4296          0       4856       2360       1488
 22.75  3720 (                b_lo)    976 (          b_q*J1.0+h10)    976    858 |       4416        976       6000       4128       4432          0       4872       2368       1496
 23.00  3728 (                b_lo)    984 (          b_q*J1.0+h10)    984    865 |       4504        984       6000       4144       4576          0       4896       2384       1504
 23.25  3736 (                b_lo)   1000 (          b_q*J1.0+h10)   1000    879 |       4592       1000       6000       4160       4720          0       4912       2392       1520
 23.50  3744 (                b_lo)   1008 (          b_q*J1.0+h10)   1008    886 |       4680       1008       6000       4168       4872          0       4936       2400       1528
 23.75  3752 (                b_lo)   1016 (          b_q*J1.0+h10)   1016    893 |       4768       1024       6000       4184       5032          0       4952       2408       1544
 24.00  3760 (                b_lo)   1032 (          b_q*J1.0+h10)   1032    907 |       4856       1040       6000       4200       5192          0       4968       2416       1552
 24.25  3768 (                b_lo)   1040 (          b_q*J1.0+h10)   1040    914 |       4944       1048       6000       4216       5368          0       4992       2424       1560
 24.50  3776 (                b_lo)   1048 (          b_q*J1.0+h10)   1048    921 |       5032       1064       6000       4224       5544          0       5008       2432       1576
 24.75  3784 (                b_lo)   1056 (          b_q*J1.0+h10)   1056    928 |       5128       1072       6000       4240       5728          0       5032       2440       1584
 25.00  3792 (                b_lo)   1072 (          b_q*J1.0+h10)   1072    942 |       5216       1088       6000       4256       5920          0       5048       2448       1592
 25.25  3800 (                b_lo)   1080 (          b_q*J1.0+h10)   1080    949 |       5304       1096       6000       4272       6000          0       5072       2456       1608
 25.50  3808 (                b_lo)   1088 (          b_q*J1.0+h10)   1088    956 |       5400       1112       6000       4280       6000          0       5088       2464       1616
 25.75  3816 (                b_lo)   1104 (          b_q*J1.0+h10)   1104    970 |       5488       1120       6000       4296       6000          0       5104       2472       1624
 26.00  3824 (                b_lo)   1112 (          b_q*J1.0+h10)   1112    977 |       5584       1136       6000       4312       6000          0       5128       2480       1640
 26.25  3832 (                b_lo)   1120 (          b_q*J1.0+h10)   1120    984 |       5680       1144       6000       4320       6000          0       5144       2480       1648
 26.50  3840 (                b_lo)   1128 (          b_q*J1.0+h10)   1128    991 |       5768       1160       6000       4336       6000          0       5160       2488       1664
 26.75  3848 (                b_lo)   1144 (          b_q*J1.0+h10)   1144   1005 |       5864       1176       6000       4352       6000          0       5184       2496       1672
 26.90  3856 (                b_lo)   1144 (          b_q*J1.0+h10)   1144   1005 |       5920       1176       6000       4360       6000          0       5192       2504       1680
 27.00  3856 (                b_lo)   1144 (          b_q*J1.0+h10)   1144   1005 |       5920       1176       6000       4360       6000          0       5192       2504       1680
 27.25  3856 (                b_lo)   1144 (          b_q*J1.0+h10)   1144   1005 |       5920       1176       6000       4360       6000          0       5192       2504       1680
 27.50  3856 (                b_lo)   1144 (          b_q*J1.0+h10)   1144   1005 |       5920       1176       6000       4360       6000          0       5192       2504       1680
 27.75  3856 (                b_lo)   1144 (          b_q*J1.0+h10)   1144   1005 |       5920       1176       6000       4360       6000          0       5192       2504       1680
 28.00  3856 (                b_lo)   1144 (          b_q*J1.0+h10)   1144   1005 |       5920       1176       6000       4360       6000          0       5192       2504       1680
 28.25  3856 (                b_lo)   1144 (          b_q*J1.0+h10)   1144   1005 |       5920       1176       6000       4360       6000          0       5192       2504       1680
 28.50  3856 (                b_lo)   1144 (          b_q*J1.0+h10)   1144   1005 |       5920       1176       6000       4360       6000          0       5192       2504       1680
 28.75  3856 (                b_lo)   1144 (          b_q*J1.0+h10)   1144   1005 |       5920       1176       6000       4360       6000          0       5192       2504       1680
 29.00  3856 (                b_lo)   1144 (          b_q*J1.0+h10)   1144   1005 |       5920       1176       6000       4360       6000          0       5192       2504       1680
 29.25  3856 (                b_lo)   1144 (          b_q*J1.0+h10)   1144   1005 |       5920       1176       6000       4360       6000          0       5192       2504       1680
 29.50  3856 (                b_lo)   1144 (          b_q*J1.0+h10)   1144   1005 |       5920       1176       6000       4360       6000          0       5192       2504       1680
 29.75  3856 (                b_lo)   1144 (          b_q*J1.0+h10)   1144   1005 |       5920       1176       6000       4360       6000          0       5192       2504       1680
 30.00  3856 (                b_lo)   1144 (          b_q*J1.0+h10)   1144   1005 |       5920       1176       6000       4360       6000          0       5192       2504       1680
 30.25  3856 (                b_lo)   1144 (          b_q*J1.0+h10)   1144   1005 |       5920       1176       6000       4360       6000          0       5192       2504       1680
 30.50  3856 (                b_lo)   1144 (          b_q*J1.0+h10)   1144   1005 |       5920       1176       6000       4360       6000          0       5192       2504       1680
 30.75  3856 (                b_lo)   1144 (          b_q*J1.0+h10)   1144   1005 |       5920       1176       6000       4360       6000          0       5192       2504       1680
 31.00  3856 (                b_lo)   1144 (          b_q*J1.0+h10)   1144   1005 |       5920       1176       6000       4360       6000          0       5192       2504       1680
 31.25  3856 (                b_lo)   1144 (          b_q*J1.0+h10)   1144   1005 |       5920       1176       6000       4360       6000          0       5192       2504       1680
 31.50  3856 (                b_lo)   1144 (          b_q*J1.0+h10)   1144   1005 |       5920       1176       6000       4360       6000          0       5192       2504       1680
 31.75  3856 (                b_lo)   1144 (          b_q*J1.0+h10)   1144   1005 |       5920       1176       6000       4360       6000          0       5192       2504       1680
 32.00  3856 (                b_lo)   1144 (          b_q*J1.0+h10)   1144   1005 |       5920       1176       6000       4360       6000          0       5192       2504       1680
 32.25  3856 (                b_lo)   1144 (          b_q*J1.0+h10)   1144   1005 |       5920       1176       6000       4360       6000          0       5192       2504       1680
 32.50  3856 (                b_lo)   1144 (          b_q*J1.0+h10)   1144   1005 |       5920       1176       6000       4360       6000          0       5192       2504       1680
 32.75  3856 (                b_lo)   1144 (          b_q*J1.0+h10)   1144   1005 |       5920       1176       6000       4360       6000          0       5192       2504       1680
 33.00  3856 (                b_lo)   1144 (          b_q*J1.0+h10)   1144   1005 |       5920       1176       6000       4360       6000          0       5192       2504       1680
 33.25  3856 (                b_lo)   1144 (          b_q*J1.0+h10)   1144   1005 |       5920       1176       6000       4360       6000          0       5192       2504       1680
 33.50  3856 (                b_lo)   1144 (          b_q*J1.0+h10)   1144   1005 |       5920       1176       6000       4360       6000          0       5192       2504       1680
 33.75  3856 (                b_lo)   1144 (          b_q*J1.0+h10)   1144   1005 |       5920       1176       6000       4360       6000          0       5192       2504       1680
 34.00  3856 (                b_lo)   1144 (          b_q*J1.0+h10)   1144   1005 |       5920       1176       6000       4360       6000          0       5192       2504       1680
 34.25  3856 (                b_lo)   1144 (          b_q*J1.0+h10)   1144   1005 |       5920       1176       6000       4360       6000          0       5192       2504       1680
 34.50  3856 (                b_lo)   1144 (          b_q*J1.0+h10)   1144   1005 |       5920       1176       6000       4360       6000          0       5192       2504       1680
 34.75  3856 (                b_lo)   1144 (          b_q*J1.0+h10)   1144   1005 |       5920       1176       6000       4360       6000          0       5192       2504       1680
 35.00  3856 (                b_lo)   1144 (          b_q*J1.0+h10)   1144   1005 |       5920       1176       6000       4360       6000          0       5192       2504       1680