# c1r2_design_G.py kd 22 ki_base 56 kp_base 112: G_max per member (Kp_eff = 225*G/256); tier A PM >= 45, tier B PM >= 30 (incl. every +h10); 0 = fails at the first grid point
    v    envA (binding)                envB (binding)                env  Kp_eff |       J1.3  b_lo*J1.3   b_q*J1.3 b_q*J1.3+h      tau10 b_lo*tau10    ms_free    light_b       b_q0  b_q0*J_hi  bq10*J1.0 bq10*J1.0+ bq10*J1.0*
  1.00  1392 (                J_hi)   1080 (   b/1.9*J1.0*tau6+h10)   1080    472 |       1872       1224       1872       1600       2568       1888       2752          0       3080       2224       1920       1640       1544
  1.25  1392 (                J_hi)   1080 (   b/1.9*J1.0*tau6+h10)   1080    472 |       1872       1224       1872       1600       2568       1888       2752          0       3080       2224       1920       1640       1544
  1.50  1392 (                J_hi)   1080 (   b/1.9*J1.0*tau6+h10)   1080    472 |       1872       1224       1872       1600       2568       1888       2752          0       3080       2224       1920       1640       1544
  1.75  1392 (                J_hi)   1080 (   b/1.9*J1.0*tau6+h10)   1080    472 |       1872       1224       1872       1600       2568       1888       2752          0       3080       2224       1920       1640       1544
  2.00  1392 (                J_hi)   1080 (   b/1.9*J1.0*tau6+h10)   1080    472 |       1872       1224       1872       1600       2568       1888       2752          0       3080       2224       1920       1640       1544
  2.25  1392 (                J_hi)   1080 (   b/1.9*J1.0*tau6+h10)   1080    472 |       1872       1224       1872       1600       2568       1888       2752          0       3080       2224       1920       1640       1544
  2.50  1392 (                J_hi)   1080 (   b/1.9*J1.0*tau6+h10)   1080    472 |       1872       1224       1872       1600       2568       1888       2752          0       3080       2224       1920       1640       1544
  2.75  1392 (                J_hi)   1080 (   b/1.9*J1.0*tau6+h10)   1080    472 |       1872       1224       1872       1600       2568       1888       2752          0       3080       2224       1920       1640       1544
  3.00  1392 (                J_hi)   1080 (   b/1.9*J1.0*tau6+h10)   1080    472 |       1872       1224       1872       1600       2568       1888       2752          0       3080       2224       1920       1640       1544
  3.10  1392 (                J_hi)   1080 (   b/1.9*J1.0*tau6+h10)   1080    472 |       1872       1224       1872       1600       2568       1888       2752          0       3080       2224       1920       1640       1544
  3.25  1416 (                J_hi)   1096 (   b/1.9*J1.0*tau6+h10)   1096    480 |       1896       1248       1896       1632       2576       1896       2744          0       3096       2232       1944       1656       1568
  3.50  1448 (                J_hi)   1128 (   b/1.9*J1.0*tau6+h10)   1128    494 |       1944       1280       1944       1672       2600       1912       2728          0       3120       2256       1976       1696       1600
  3.75  1472 (                J_hi)   1152 (   b/1.9*J1.0*tau6+h10)   1152    504 |       1984       1312       1984       1712       2616       1928       2712          0       3144       2280       2008       1728       1632
  4.00  1504 (                J_hi)   1176 (   b/1.9*J1.0*tau6+h10)   1176    514 |       2016       1344       2016       1752       2640       1936       2704          0       3168       2296       2040       1760       1664
  4.25  1528 (                J_hi)   1200 (   b/1.9*J1.0*tau6+h10)   1200    525 |       2048       1376       2048       1792       2656       1952       2688          0       3192       2320       2064       1784       1696
  4.50  1552 (                J_hi)   1224 (   b/1.9*J1.0*tau6+h10)   1224    536 |       2080       1400       2080       1824       2672       1968       2680          0       3208       2336       2096       1816       1720
  4.75  1584 (                J_hi)   1248 (   b/1.9*J1.0*tau6+h10)   1248    546 |       2112       1432       2112       1848       2696       1984       2672          0       3232       2360       2120       1840       1752
  5.00  1608 (                J_hi)   1264 (   b/1.9*J1.0*tau6+h10)   1264    553 |       2136       1456       2136       1880       2712       1992       2664          0       3256       2376       2144       1864       1776
  5.25  1624 (                J_hi)   1288 (   b/1.9*J1.0*tau6+h10)   1288    564 |       2168       1480       2168       1904       2736       2008       2656          0       3280       2400       2160       1888       1800
  5.50  1648 (                J_hi)   1304 (   b/1.9*J1.0*tau6+h10)   1304    570 |       2192       1496       2192       1936       2752       2024       2648          0       3304       2416       2184       1912       1816
  5.75  1672 (                J_hi)   1320 (   b/1.9*J1.0*tau6+h10)   1320    578 |       2216       1520       2216       1952       2776       2032       2640          0       3328       2432       2208       1928       1840
  6.00  1696 (                J_hi)   1336 (   b/1.9*J1.0*tau6+h10)   1336    584 |       2240       1536       2240       1976       2792       2048       2640          0       3344       2456       2224       1952       1856
  6.25  1712 (                J_hi)   1352 (   b/1.9*J1.0*tau6+h10)   1352    592 |       2256       1560       2256       2000       2808       2064       2632          0       3368       2472       2248       1968       1880
  6.50  1736 (                J_hi)   1368 (   b/1.9*J1.0*tau6+h10)   1368    598 |       2280       1576       2280       2016       2832       2072       2632          0       3392       2488       2264       1984       1896
  6.75  1752 (                J_hi)   1384 (   b/1.9*J1.0*tau6+h10)   1384    606 |       2296       1592       2296       2040       2848       2088       2632          0       3416       2504       2280       2008       1912
  7.00  1776 (                J_hi)   1400 (   b/1.9*J1.0*tau6+h10)   1400    612 |       2312       1608       2312       2056       2872       2104       2632          0       3440       2520       2296       2024       1928
  7.25  1792 (                J_hi)   1408 (   b/1.9*J1.0*tau6+h10)   1408    616 |       2328       1624       2328       2072       2888       2112       2624          0       3464       2536       2312       2040       1944
  7.50  1816 (                J_hi)   1424 (   b/1.9*J1.0*tau6+h10)   1424    623 |       2344       1640       2344       2088       2904       2128       2624          0       3480       2560       2328       2056       1960
  7.75  1832 (                J_hi)   1432 (   b/1.9*J1.0*tau6+h10)   1432    626 |       2360       1648       2360       2104       2928       2144       2624          0       3504       2576       2344       2064       1976
  8.00  1848 (                J_hi)   1448 (   b/1.9*J1.0*tau6+h10)   1448    634 |       2376       1664       2376       2120       2944       2152       2632          0       3528       2592       2360       2080       1992
  8.25  1872 (                J_hi)   1416 (   b/1.9*J1.0*tau6+h10)   1416    620 |       2288       1608       2288       2048       3096       2216       2312          0       3712       2616       2296       2032       1944
  8.50  1888 (                J_hi)   1384 (   b/1.9*J1.0*tau6+h10)   1384    606 |       2200       1552       2200       1976       3248       2272       2056          0       3904       2648       2240       1984       1896
  8.75  1904 (                J_hi)   1352 (   b/1.9*J1.0*tau6+h10)   1352    592 |       2120       1496       2120       1904       3400       2336       1848          0       4088       2680       2184       1936       1848
  9.00  1928 (                J_hi)   1320 (   b/1.9*J1.0*tau6+h10)   1320    578 |       2040       1448       2040       1832       3544       2392       1680          0       4280       2712       2128       1888       1808
  9.25  1944 (                J_hi)   1288 (   b/1.9*J1.0*tau6+h10)   1288    564 |       1960       1392       1960       1760       3696       2456       1528          0       4464       2744       2072       1832       1760
  9.50  1968 (                J_hi)   1256 (   b/1.9*J1.0*tau6+h10)   1256    550 |       1880       1344       1880       1688       3848       2512       1400          0       4656       2776       2016       1792       1712
  9.75  1984 (                J_hi)   1224 (   b/1.9*J1.0*tau6+h10)   1224    536 |       1800       1288       1800       1624       4000       2576       1296          0       4856       2808       1960       1744       1672
 10.00  2000 (                J_hi)    960 (   b/1.9*J1.0*tau6+h10)    960    420 |       1720       1024       1720       1552       4152       2640       1200          0       5048       2832       1000        912        880
 10.25  2024 (                J_hi)    936 (   b/1.9*J1.0*tau6+h10)    936    410 |       1648        984       1648       1488       4304       2696       1120          0       5240       2864        992        904        880
 10.50  2040 (                J_hi)    920 (   b/1.9*J1.0*tau6+h10)    920    402 |       1568        952       1568       1424       4456       2760       1056          0       5440       2896        984        896        872
 10.75  2056 (                J_hi)    896 (   b/1.9*J1.0*tau6+h10)    896    392 |       1496        912       1496       1360       4608       2824        992          0       5632       2928        976        896        864
 11.00  2080 (                J_hi)    872 (   b/1.9*J1.0*tau6+h10)    872    382 |       1424        872       1424       1296       4760       2880        936          0       5832       2960        968        888        856
 11.25  2096 (                J_hi)    848 (   b/1.9*J1.0*tau6+h10)    848    371 |       1352        840       1352       1240       4912       2944        888          0       6000       2992        960        880        848
 11.50  2112 (                J_hi)    832 (   b/1.9*J1.0*tau6+h10)    832    364 |       1288        800       1288       1176       5064       3008        848          0       6000       3024        952        872        840
 11.75  2136 (                J_hi)    808 (   b/1.9*J1.0*tau6+h10)    808    354 |       1216        768       1216       1120       5216       3064        808          0       6000       3056        944        864        832
 11.90  2144 (                J_hi)    792 (   b/1.9*J1.0*tau6+h10)    792    346 |       1176        744       1176       1080       5304       3104        792          0       6000       3072        936        856        832
 12.00  2224 (                J_hi)    824 (   b/1.9*J1.0*tau6+h10)    824    360 |       1240        776       1240       1136       5440       3184        832          0       6000       3184        952        872        840
 12.25  2424 (                J_hi)    904 (   b/1.9*J1.0*tau6+h10)    904    396 |       1384        856       1384       1264       5784       3384        936          0       6000       3456        984        904        872
 12.50  2632 (                J_hi)    904 (     b_q*J1.0*tau6+h10)    904    396 |       1536        936        848        784       6000       3584       1056          0          0          0       1024        936        904
 12.75  2840 (                J_hi)    928 (     b_q*J1.0*tau6+h10)    928    406 |       1688       1024        872        808       6000       3792       1176          0          0          0       1056        960        928
 13.00  3056 (                J_hi)    952 (     b_q*J1.0*tau6+h10)    952    416 |       1856       1104        904        840       6000       4000       1304          0       2352          0       1080        984        952
 13.25  3272 (                J_hi)    976 (     b_q*J1.0*tau6+h10)    976    427 |       2016       1192        928        864       6000       4208       1440          0       2464          0       1112       1016        976
 13.50  3496 (                J_hi)   1000 (     b_q*J1.0*tau6+h10)   1000    438 |       2192       1280        952        880       6000       4424       1584          0       2576          0       1136       1032       1000
 13.75  3720 (                J_hi)   1024 (     b_q*J1.0*tau6+h10)   1024    448 |       2368       1376        976        904       6000       4640       1736          0       2696          0       1168       1056       1024
 14.00  3952 (                J_hi)   1040 (     b_q*J1.0*tau6+h10)   1040    455 |       2544       1464       1000        928       6000       4856       1896          0       2816          0       1192       1080       1040
 14.25  4184 (                J_hi)   1064 (     b_q*J1.0*tau6+h10)   1064    466 |       2728       1560       1024        944       6000       5080       2056          0       2944       1672       1216       1104       1064
 14.50  4416 (                J_hi)   1080 (     b_q*J1.0*tau6+h10)   1080    472 |       2920       1664       1048        968       6000       5296       2224          0       3064       1744       1240       1120       1080
 14.75  4656 (                J_hi)   1096 (     b_q*J1.0*tau6+h10)   1096    480 |       3112       1760       1072        984       6000       5520       2408          0       3192       1816       1256       1136       1096
 15.00  4896 (                J_hi)   1112 (     b_q*J1.0*tau6+h10)   1112    486 |       3312       1856       1088       1000       6000       5752       2592          0       3320       1888       1280       1160       1112
 15.25  5136 (                J_hi)   1128 (     b_q*J1.0*tau6+h10)   1128    494 |       3512       1960       1112       1016       6000       5976       2776          0       3448       1960       1304       1176       1128
 15.50  5384 (                J_hi)   1144 (     b_q*J1.0*tau6+h10)   1144    500 |       3712       2064       1128       1040       6000       6000       2976          0       3584       2040       1320       1192       1144
 15.75  5632 (                J_hi)   1184 (     b_q*J1.0*tau6+h10)   1184    518 |       3920       2176       1152       1056       6000       6000       3184          0       3720       2112       1368       1232       1184
 16.00  5880 (                J_hi)   1232 (     b_q*J1.0*tau6+h10)   1232    539 |       4128       2280       1200       1096       6000       6000       3392          0       3856       2192       1424       1280       1232
 16.25  6000 (                J_hi)   1280 (     b_q*J1.0*tau6+h10)   1280    560 |       4344       2392       1248       1144       6000       6000       3608          0       3992       2272       1480       1336       1280
 16.50  6000 (                J_hi)   1328 (     b_q*J1.0*tau6+h10)   1328    581 |       4560       2496       1296       1184       6000       6000       3832          0       4136       2352       1536       1384       1328
 16.75  6000 (                J_hi)   1376 (     b_q*J1.0*tau6+h10)   1376    602 |       4784       2616       1344       1232       6000       6000       4064          0       4280       2432       1592       1432       1376
 17.00  6000 (                J_hi)   1424 (     b_q*J1.0*tau6+h10)   1424    623 |       5008       2728       1392       1272       6000       6000       4304          0       4424       2512       1648       1488       1424
 17.25  6000 (                J_hi)   1448 (     b_q*J1.0*tau6+h10)   1448    634 |       5152       2792       1416       1296       6000       6000       4432          0       4440       2536       1672       1504       1448
 17.50  6000 (                J_hi)   1472 (     b_q*J1.0*tau6+h10)   1472    644 |       5296       2856       1440       1320       6000       6000       4568          0       4464       2560       1696       1528       1472
 17.75  6000 (                J_hi)   1488 (     b_q*J1.0*tau6+h10)   1488    651 |       5440       2920       1464       1336       6000       6000       4704          0       4480       2584       1720       1552       1488
 18.00  6000 (                J_hi)   1512 (     b_q*J1.0*tau6+h10)   1512    662 |       5584       2984       1488       1360       6000       6000       4848          0       4504       2608       1744       1568       1512
 18.25  6000 (                J_hi)   1536 (     b_q*J1.0*tau6+h10)   1536    672 |       5728       3048       1512       1384       6000       6000       5000          0       4520       2632       1768       1592       1536
 18.50  6000 (                J_hi)   1552 (     b_q*J1.0*tau6+h10)   1552    679 |       5880       3120       1536       1408       6000       6000       5152          0       4544       2656       1792       1616       1552
 18.75  6000 (                J_hi)   1576 (     b_q*J1.0*tau6+h10)   1576    690 |       6000       3184       1560       1424       6000       6000       5304          0       4560       2680       1816       1632       1576
 19.00  6000 (                J_hi)   1592 (     b_q*J1.0*tau6+h10)   1592    696 |       6000       3248       1584       1448       6000       6000       5464          0       4576       2704       1840       1656       1592
 19.25  6000 (                J_hi)   1616 (     b_q*J1.0*tau6+h10)   1616    707 |       6000       3320       1608       1472       6000       6000       5632          0       4600       2728       1864       1680       1616
 19.50  6000 (                J_hi)   1632 (     b_q*J1.0*tau6+h10)   1632    714 |       6000       3384       1632       1496       6000       6000       5808          0       4616       2752       1888       1696       1632
 19.75  6000 (                J_hi)   1656 (     b_q*J1.0*tau6+h10)   1656    724 |       6000       3448       1656       1512       6000       6000       5984          0       4632       2776       1912       1720       1656
 20.00  6000 (                J_hi)   1672 (     b_q*J1.0*tau6+h10)   1672    732 |       6000       3520       1680       1536       6000       6000       6000          0       4656       2800       1936       1736       1672
 20.25  6000 (                J_hi)   1696 (     b_q*J1.0*tau6+h10)   1696    742 |       6000       3584       1704       1560       6000       6000       6000          0       4672       2816       1960       1760       1696
 20.50  6000 (                J_hi)   1712 (     b_q*J1.0*tau6+h10)   1712    749 |       6000       3656       1728       1584       6000       6000       6000          0       4688       2840       1984       1784       1712
 20.75  6000 (                J_hi)   1736 (     b_q*J1.0*tau6+h10)   1736    760 |       6000       3720       1752       1600       6000       6000       6000          0       4704       2864       2008       1800       1736
 21.00  6000 (                J_hi)   1752 (     b_q*J1.0*tau6+h10)   1752    766 |       6000       3792       1776       1624       6000       6000       6000          0       4728       2888       2024       1824       1752
 21.25  6000 (                J_hi)   1776 (     b_q*J1.0*tau6+h10)   1776    777 |       6000       3856       1800       1648       6000       6000       6000          0       4744       2912       2048       1840       1776
 21.50  6000 (                J_hi)   1792 (     b_q*J1.0*tau6+h10)   1792    784 |       6000       3928       1824       1664       6000       6000       6000          0       4760       2936       2072       1864       1792
 21.75  6000 (                J_hi)   1816 (     b_q*J1.0*tau6+h10)   1816    794 |       6000       3992       1848       1688       6000       6000       6000          0       4776       2952       2096       1888       1816
 22.00  6000 (                J_hi)   1832 (     b_q*J1.0*tau6+h10)   1832    802 |       6000       4064       1872       1712       6000       6000       6000          0       4800       2976       2120       1904       1832
 22.25  6000 (                J_hi)   1856 (     b_q*J1.0*tau6+h10)   1856    812 |       6000       4136       1896       1728       6000       6000       6000          0       4816       3000       2144       1928       1856
 22.50  6000 (                J_hi)   1872 (     b_q*J1.0*tau6+h10)   1872    819 |       6000       4200       1920       1752       6000       6000       6000          0       4832       3024       2168       1944       1872
 22.75  6000 (                J_hi)   1896 (     b_q*J1.0*tau6+h10)   1896    830 |       6000       4272       1944       1768       6000       6000       6000          0       4848       3040       2192       1968       1896
 23.00  6000 (                J_hi)   1912 (     b_q*J1.0*tau6+h10)   1912    836 |       6000       4344       1968       1792       6000       6000       6000          0       4864       3064       2216       1984       1912
 23.25  6000 (                J_hi)   1928 (     b_q*J1.0*tau6+h10)   1928    844 |       6000       4416       1992       1816       6000       6000       6000          0       4880       3088       2232       2008       1928
 23.50  6000 (                J_hi)   1952 (     b_q*J1.0*tau6+h10)   1952    854 |       6000       4488       2016       1832       6000       6000       6000          0       4896       3112       2256       2024       1952
 23.75  6000 (                J_hi)   1968 (     b_q*J1.0*tau6+h10)   1968    861 |       6000       4552       2040       1856       6000       6000       6000          0       4912       3128       2280       2048       1968
 24.00  6000 (                J_hi)   1984 (     b_q*J1.0*tau6+h10)   1984    868 |       6000       4624       2064       1872       6000       6000       6000          0       4928       3152       2304       2064       1984
 24.25  6000 (                J_hi)   2008 (     b_q*J1.0*tau6+h10)   2008    878 |       6000       4696       2088       1896       6000       6000       6000          0       4944       3176       2328       2088       2008
 24.50  6000 (                J_hi)   2024 (     b_q*J1.0*tau6+h10)   2024    886 |       6000       4768       2112       1920       6000       6000       6000          0       4960       3200       2352       2104       2024
 24.75  6000 (                J_hi)   2040 (     b_q*J1.0*tau6+h10)   2040    892 |       6000       4840       2128       1936       6000       6000       6000          0       4976       3216       2376       2128       2040
 25.00  6000 (                J_hi)   2064 (     b_q*J1.0*tau6+h10)   2064    903 |       6000       4912       2152       1960       6000       6000       6000          0       4992       3240       2392       2144       2064
 25.25  6000 (                J_hi)   2080 (     b_q*J1.0*tau6+h10)   2080    910 |       6000       4984       2176       1976       6000       6000       6000          0       5008       3264       2416       2160       2080
 25.50  6000 (                J_hi)   2096 (     b_q*J1.0*tau6+h10)   2096    917 |       6000       5056       2200       2000       6000       6000       6000          0       5024       3280       2440       2184       2096
 25.75  6000 (                J_hi)   2120 (     b_q*J1.0*tau6+h10)   2120    928 |       6000       5128       2224       2016       6000       6000       6000          0       5040       3304       2464       2200       2120
 26.00  6000 (                J_hi)   2136 (     b_q*J1.0*tau6+h10)   2136    934 |       6000       5200       2248       2040       6000       6000       6000          0       5056       3328       2488       2224       2136
 26.25  6000 (                J_hi)   2152 (     b_q*J1.0*tau6+h10)   2152    942 |       6000       5280       2272       2056       6000       6000       6000          0       5072       3344       2504       2240       2152
 26.50  6000 (                J_hi)   2168 (     b_q*J1.0*tau6+h10)   2168    948 |       6000       5352       2296       2080       6000       6000       6000          0       5088       3368       2528       2256       2168
 26.75  6000 (                J_hi)   2192 (     b_q*J1.0*tau6+h10)   2192    959 |       6000       5424       2320       2096       6000       6000       6000          0       5104       3384       2552       2280       2192
 26.90  6000 (                J_hi)   2200 (     b_q*J1.0*tau6+h10)   2200    962 |       6000       5472       2328       2112       6000       6000       6000          0       5112       3400       2568       2288       2200
 27.00  6000 (                J_hi)   2200 (     b_q*J1.0*tau6+h10)   2200    962 |       6000       5472       2328       2112       6000       6000       6000          0       5112       3400       2568       2288       2200
 27.25  6000 (                J_hi)   2200 (     b_q*J1.0*tau6+h10)   2200    962 |       6000       5472       2328       2112       6000       6000       6000          0       5112       3400       2568       2288       2200
 27.50  6000 (                J_hi)   2200 (     b_q*J1.0*tau6+h10)   2200    962 |       6000       5472       2328       2112       6000       6000       6000          0       5112       3400       2568       2288       2200
 27.75  6000 (                J_hi)   2200 (     b_q*J1.0*tau6+h10)   2200    962 |       6000       5472       2328       2112       6000       6000       6000          0       5112       3400       2568       2288       2200
 28.00  6000 (                J_hi)   2200 (     b_q*J1.0*tau6+h10)   2200    962 |       6000       5472       2328       2112       6000       6000       6000          0       5112       3400       2568       2288       2200
 28.25  6000 (                J_hi)   2200 (     b_q*J1.0*tau6+h10)   2200    962 |       6000       5472       2328       2112       6000       6000       6000          0       5112       3400       2568       2288       2200
 28.50  6000 (                J_hi)   2200 (     b_q*J1.0*tau6+h10)   2200    962 |       6000       5472       2328       2112       6000       6000       6000          0       5112       3400       2568       2288       2200
 28.75  6000 (                J_hi)   2200 (     b_q*J1.0*tau6+h10)   2200    962 |       6000       5472       2328       2112       6000       6000       6000          0       5112       3400       2568       2288       2200
 29.00  6000 (                J_hi)   2200 (     b_q*J1.0*tau6+h10)   2200    962 |       6000       5472       2328       2112       6000       6000       6000          0       5112       3400       2568       2288       2200
 29.25  6000 (                J_hi)   2200 (     b_q*J1.0*tau6+h10)   2200    962 |       6000       5472       2328       2112       6000       6000       6000          0       5112       3400       2568       2288       2200
 29.50  6000 (                J_hi)   2200 (     b_q*J1.0*tau6+h10)   2200    962 |       6000       5472       2328       2112       6000       6000       6000          0       5112       3400       2568       2288       2200
 29.75  6000 (                J_hi)   2200 (     b_q*J1.0*tau6+h10)   2200    962 |       6000       5472       2328       2112       6000       6000       6000          0       5112       3400       2568       2288       2200
 30.00  6000 (                J_hi)   2200 (     b_q*J1.0*tau6+h10)   2200    962 |       6000       5472       2328       2112       6000       6000       6000          0       5112       3400       2568       2288       2200
 30.25  6000 (                J_hi)   2200 (     b_q*J1.0*tau6+h10)   2200    962 |       6000       5472       2328       2112       6000       6000       6000          0       5112       3400       2568       2288       2200
 30.50  6000 (                J_hi)   2200 (     b_q*J1.0*tau6+h10)   2200    962 |       6000       5472       2328       2112       6000       6000       6000          0       5112       3400       2568       2288       2200
 30.75  6000 (                J_hi)   2200 (     b_q*J1.0*tau6+h10)   2200    962 |       6000       5472       2328       2112       6000       6000       6000          0       5112       3400       2568       2288       2200
 31.00  6000 (                J_hi)   2200 (     b_q*J1.0*tau6+h10)   2200    962 |       6000       5472       2328       2112       6000       6000       6000          0       5112       3400       2568       2288       2200
 31.25  6000 (                J_hi)   2200 (     b_q*J1.0*tau6+h10)   2200    962 |       6000       5472       2328       2112       6000       6000       6000          0       5112       3400       2568       2288       2200
 31.50  6000 (                J_hi)   2200 (     b_q*J1.0*tau6+h10)   2200    962 |       6000       5472       2328       2112       6000       6000       6000          0       5112       3400       2568       2288       2200
 31.75  6000 (                J_hi)   2200 (     b_q*J1.0*tau6+h10)   2200    962 |       6000       5472       2328       2112       6000       6000       6000          0       5112       3400       2568       2288       2200
 32.00  6000 (                J_hi)   2200 (     b_q*J1.0*tau6+h10)   2200    962 |       6000       5472       2328       2112       6000       6000       6000          0       5112       3400       2568       2288       2200
 32.25  6000 (                J_hi)   2200 (     b_q*J1.0*tau6+h10)   2200    962 |       6000       5472       2328       2112       6000       6000       6000          0       5112       3400       2568       2288       2200
 32.50  6000 (                J_hi)   2200 (     b_q*J1.0*tau6+h10)   2200    962 |       6000       5472       2328       2112       6000       6000       6000          0       5112       3400       2568       2288       2200
 32.75  6000 (                J_hi)   2200 (     b_q*J1.0*tau6+h10)   2200    962 |       6000       5472       2328       2112       6000       6000       6000          0       5112       3400       2568       2288       2200
 33.00  6000 (                J_hi)   2200 (     b_q*J1.0*tau6+h10)   2200    962 |       6000       5472       2328       2112       6000       6000       6000          0       5112       3400       2568       2288       2200
 33.25  6000 (                J_hi)   2200 (     b_q*J1.0*tau6+h10)   2200    962 |       6000       5472       2328       2112       6000       6000       6000          0       5112       3400       2568       2288       2200
 33.50  6000 (                J_hi)   2200 (     b_q*J1.0*tau6+h10)   2200    962 |       6000       5472       2328       2112       6000       6000       6000          0       5112       3400       2568       2288       2200
 33.75  6000 (                J_hi)   2200 (     b_q*J1.0*tau6+h10)   2200    962 |       6000       5472       2328       2112       6000       6000       6000          0       5112       3400       2568       2288       2200
 34.00  6000 (                J_hi)   2200 (     b_q*J1.0*tau6+h10)   2200    962 |       6000       5472       2328       2112       6000       6000       6000          0       5112       3400       2568       2288       2200
 34.25  6000 (                J_hi)   2200 (     b_q*J1.0*tau6+h10)   2200    962 |       6000       5472       2328       2112       6000       6000       6000          0       5112       3400       2568       2288       2200
 34.50  6000 (                J_hi)   2200 (     b_q*J1.0*tau6+h10)   2200    962 |       6000       5472       2328       2112       6000       6000       6000          0       5112       3400       2568       2288       2200
 34.75  6000 (                J_hi)   2200 (     b_q*J1.0*tau6+h10)   2200    962 |       6000       5472       2328       2112       6000       6000       6000          0       5112       3400       2568       2288       2200
 35.00  6000 (                J_hi)   2200 (     b_q*J1.0*tau6+h10)   2200    962 |       6000       5472       2328       2112       6000       6000       6000          0       5112       3400       2568       2288       2200