# c1r2_design_G.py kd 20 ki_base 50 kp_base 112: G_max per member (Kp_eff = 225*G/256); tier A PM >= 45, tier B PM >= 30 (incl. every +h10); 0 = fails at the first grid point
    v    envA (binding)                envB (binding)                env  Kp_eff |       J1.3  b_lo*J1.3   b_q*J1.3 b_q*J1.3+h      tau10 b_lo*tau10    ms_free    light_b       b_q0  b_q0*J_hi  bq10*J1.0 bq10*J1.0+ bq10*J1.0*
  1.00  1408 (                J_hi)   1128 (   b/1.9*J1.0*tau6+h10)   1128    494 |       2040       1312       2040       1760       2504       1832       2688          0       3000       2216       2032       1744       1648
  1.25  1408 (                J_hi)   1128 (   b/1.9*J1.0*tau6+h10)   1128    494 |       2040       1312       2040       1760       2504       1832       2688          0       3000       2216       2032       1744       1648
  1.50  1408 (                J_hi)   1128 (   b/1.9*J1.0*tau6+h10)   1128    494 |       2040       1312       2040       1760       2504       1832       2688          0       3000       2216       2032       1744       1648
  1.75  1408 (                J_hi)   1128 (   b/1.9*J1.0*tau6+h10)   1128    494 |       2040       1312       2040       1760       2504       1832       2688          0       3000       2216       2032       1744       1648
  2.00  1408 (                J_hi)   1128 (   b/1.9*J1.0*tau6+h10)   1128    494 |       2040       1312       2040       1760       2504       1832       2688          0       3000       2216       2032       1744       1648
  2.25  1408 (                J_hi)   1128 (   b/1.9*J1.0*tau6+h10)   1128    494 |       2040       1312       2040       1760       2504       1832       2688          0       3000       2216       2032       1744       1648
  2.50  1408 (                J_hi)   1128 (   b/1.9*J1.0*tau6+h10)   1128    494 |       2040       1312       2040       1760       2504       1832       2688          0       3000       2216       2032       1744       1648
  2.75  1408 (                J_hi)   1128 (   b/1.9*J1.0*tau6+h10)   1128    494 |       2040       1312       2040       1760       2504       1832       2688          0       3000       2216       2032       1744       1648
  3.00  1408 (                J_hi)   1128 (   b/1.9*J1.0*tau6+h10)   1128    494 |       2040       1312       2040       1760       2504       1832       2688          0       3000       2216       2032       1744       1648
  3.10  1408 (                J_hi)   1128 (   b/1.9*J1.0*tau6+h10)   1128    494 |       2040       1312       2040       1760       2504       1832       2688          0       3000       2216       2032       1744       1648
  3.25  1424 (                J_hi)   1144 (   b/1.9*J1.0*tau6+h10)   1144    500 |       2064       1328       2064       1784       2512       1840       2680          0       3016       2224       2056       1760       1664
  3.50  1456 (                J_hi)   1168 (   b/1.9*J1.0*tau6+h10)   1168    511 |       2096       1360       2096       1816       2536       1848       2672          0       3040       2248       2080       1792       1696
  3.75  1480 (                J_hi)   1192 (   b/1.9*J1.0*tau6+h10)   1192    522 |       2128       1392       2128       1856       2552       1864       2656          0       3064       2272       2104       1816       1728
  4.00  1512 (                J_hi)   1216 (   b/1.9*J1.0*tau6+h10)   1216    532 |       2160       1424       2160       1888       2576       1880       2648          0       3080       2288       2136       1848       1752
  4.25  1536 (                J_hi)   1240 (   b/1.9*J1.0*tau6+h10)   1240    542 |       2192       1448       2192       1912       2592       1896       2640          0       3104       2312       2160       1872       1776
  4.50  1560 (                J_hi)   1256 (   b/1.9*J1.0*tau6+h10)   1256    550 |       2216       1472       2216       1944       2616       1904       2632          0       3128       2328       2176       1896       1800
  4.75  1584 (                J_hi)   1280 (   b/1.9*J1.0*tau6+h10)   1280    560 |       2240       1496       2240       1968       2632       1920       2624          0       3152       2344       2200       1912       1824
  5.00  1608 (                J_hi)   1296 (   b/1.9*J1.0*tau6+h10)   1296    567 |       2264       1512       2264       1992       2656       1936       2616          0       3176       2368       2224       1936       1848
  5.25  1624 (                J_hi)   1312 (   b/1.9*J1.0*tau6+h10)   1312    574 |       2288       1536       2288       2016       2672       1952       2608          0       3200       2384       2240       1960       1864
  5.50  1648 (                J_hi)   1328 (   b/1.9*J1.0*tau6+h10)   1328    581 |       2304       1552       2304       2032       2688       1960       2608          0       3224       2400       2256       1976       1880
  5.75  1672 (                J_hi)   1344 (   b/1.9*J1.0*tau6+h10)   1344    588 |       2328       1576       2328       2056       2712       1976       2608          0       3240       2416       2280       1992       1904
  6.00  1688 (                J_hi)   1360 (   b/1.9*J1.0*tau6+h10)   1360    595 |       2344       1592       2344       2072       2728       1992       2600          0       3264       2440       2296       2008       1920
  6.25  1712 (                J_hi)   1376 (   b/1.9*J1.0*tau6+h10)   1376    602 |       2360       1608       2360       2088       2752       2000       2600          0       3288       2456       2312       2024       1936
  6.50  1728 (                J_hi)   1384 (  b/1.9*J_hi2*tau6+h10)   1384    606 |       2376       1624       2376       2112       2768       2016       2600          0       3312       2472       2328       2040       1952
  6.75  1752 (                J_hi)   1400 (   b/1.9*J1.0*tau6+h10)   1400    612 |       2392       1640       2392       2128       2792       2032       2600          0       3336       2488       2344       2056       1968
  7.00  1768 (                J_hi)   1408 (  b/1.9*J_hi2*tau6+h10)   1408    616 |       2408       1656       2408       2136       2808       2040       2600          0       3360       2504       2360       2072       1984
  7.25  1784 (                J_hi)   1424 (   b/1.9*J1.0*tau6+h10)   1424    623 |       2424       1664       2424       2152       2824       2056       2600          0       3376       2520       2368       2088       2000
  7.50  1808 (                J_hi)   1432 (  b/1.9*J_hi2*tau6+h10)   1432    626 |       2432       1680       2432       2168       2848       2072       2600          0       3400       2536       2384       2104       2008
  7.75  1824 (                J_hi)   1440 (  b/1.9*J_hi2*tau6+h10)   1440    630 |       2448       1688       2448       2184       2864       2080       2600          0       3424       2552       2400       2112       2024
  8.00  1840 (                J_hi)   1456 (   b/1.9*J1.0*tau6+h10)   1456    637 |       2456       1704       2456       2192       2888       2096       2608          0       3448       2568       2408       2128       2032
  8.25  1856 (                J_hi)   1424 (   b/1.9*J1.0*tau6+h10)   1424    623 |       2368       1648       2368       2112       3032       2160       2304          0       3632       2600       2352       2072       1984
  8.50  1880 (                J_hi)   1392 (   b/1.9*J1.0*tau6+h10)   1392    609 |       2280       1592       2280       2040       3184       2216       2064          0       3816       2632       2288       2024       1936
  8.75  1896 (                J_hi)   1360 (   b/1.9*J1.0*tau6+h10)   1360    595 |       2192       1528       2192       1968       3336       2272       1864          0       4008       2664       2232       1976       1888
  9.00  1920 (                J_hi)   1328 (   b/1.9*J1.0*tau6+h10)   1328    581 |       2104       1480       2104       1888       3488       2336       1696          0       4200       2696       2168       1920       1840
  9.25  1936 (                J_hi)   1296 (   b/1.9*J1.0*tau6+h10)   1296    567 |       2024       1424       2024       1816       3640       2392       1552          0       4392       2728       2112       1872       1800
  9.50  1960 (                J_hi)   1264 (   b/1.9*J1.0*tau6+h10)   1264    553 |       1936       1368       1936       1744       3792       2456       1432          0       4584       2760       2056       1824       1752
  9.75  1976 (                J_hi)   1232 (   b/1.9*J1.0*tau6+h10)   1232    539 |       1856       1312       1856       1672       3944       2520       1328          0       4776       2792       2000       1776       1704
 10.00  2000 (                J_hi)    960 (   b/1.9*J1.0*tau6+h10)    960    420 |       1776       1040       1776       1608       4096       2576       1232          0       4976       2824        992        904        880
 10.25  2016 (                J_hi)    936 (   b/1.9*J1.0*tau6+h10)    936    410 |       1696       1000       1696       1536       4248       2640       1152          0       5168       2856        984        896        872
 10.50  2040 (                J_hi)    912 (   b/1.9*J1.0*tau6+h10)    912    399 |       1624        960       1624       1472       4408       2696       1088          0       5368       2888        976        896        864
 10.75  2056 (                J_hi)    888 (   b/1.9*J1.0*tau6+h10)    888    388 |       1544        920       1544       1400       4560       2760       1024          0       5568       2920        968        888        856
 11.00  2080 (                J_hi)    872 (   b/1.9*J1.0*tau6+h10)    872    382 |       1472        880       1472       1336       4712       2824        968          0       5768       2952        960        880        848
 11.25  2096 (                J_hi)    848 (   b/1.9*J1.0*tau6+h10)    848    371 |       1400        840       1400       1272       4872       2880        920          0       5968       2984        952        872        848
 11.50  2120 (                J_hi)    824 (   b/1.9*J1.0*tau6+h10)    824    360 |       1328        808       1328       1208       5024       2944        880          0       6000       3016        944        864        840
 11.75  2136 (                J_hi)    800 (   b/1.9*J1.0*tau6+h10)    800    350 |       1256        768       1256       1144       5176       3008        840          0       6000       3048        936        856        832
 11.90  2152 (                J_hi)    792 (   b/1.9*J1.0*tau6+h10)    792    346 |       1216        752       1216       1112       5272       3040        824          0       6000       3064        936        856        824
 12.00  2232 (                J_hi)    824 (   b/1.9*J1.0*tau6+h10)    824    360 |       1272        784       1272       1160       5408       3120        864          0       6000       3176        952        864        840
 12.25  2440 (                J_hi)    896 (   b/1.9*J1.0*tau6+h10)    896    392 |       1424        864       1424       1296       5752       3320        976          0       6000       3456        984        896        864
 12.50  2648 (                J_hi)    896 (     b_q*J1.0*tau6+h10)    896    392 |       1576        944        848        784       6000       3528       1096          0       2064          0       1016        928        896
 12.75  2864 (                J_hi)    920 (     b_q*J1.0*tau6+h10)    920    402 |       1744       1032        872        808       6000       3728       1224          0       2168          0       1048        952        920
 13.00  3080 (                J_hi)    944 (     b_q*J1.0*tau6+h10)    944    413 |       1904       1112        904        832       6000       3944       1360          0       2280          0       1072        976        944
 13.25  3304 (                J_hi)    968 (     b_q*J1.0*tau6+h10)    968    424 |       2080       1208        928        856       6000       4152       1504          0       2392          0       1104       1000        968
 13.50  3528 (                J_hi)    992 (     b_q*J1.0*tau6+h10)    992    434 |       2256       1296        952        880       6000       4368       1656          0       2512          0       1128       1024        992
 13.75  3760 (                J_hi)   1008 (     b_q*J1.0*tau6+h10)   1008    441 |       2432       1392        976        904       6000       4584       1808          0       2624       1480       1152       1048       1008
 14.00  3992 (                J_hi)   1032 (     b_q*J1.0*tau6+h10)   1032    452 |       2624       1480       1000        920       6000       4800       1976          0       2744       1552       1176       1064       1032
 14.25  4224 (                J_hi)   1048 (     b_q*J1.0*tau6+h10)   1048    458 |       2808       1584       1024        936       6000       5024       2144          0       2864       1624       1200       1088       1048
 14.50  4464 (                J_hi)   1064 (     b_q*J1.0*tau6+h10)   1064    466 |       3000       1680       1040        960       6000       5248       2320          0       2992       1696       1224       1104       1064
 14.75  4712 (                J_hi)   1080 (     b_q*J1.0*tau6+h10)   1080    472 |       3200       1776       1064        976       6000       5472       2504          0       3120       1768       1240       1120       1080
 15.00  4952 (                J_hi)   1096 (     b_q*J1.0*tau6+h10)   1096    480 |       3400       1880       1080        992       6000       5704       2688          0       3248       1840       1264       1144       1096
 15.25  5200 (                J_hi)   1112 (     b_q*J1.0*tau6+h10)   1112    486 |       3608       1984       1104       1008       6000       5928       2888          0       3376       1920       1280       1160       1112
 15.50  5456 (                J_hi)   1128 (     b_q*J1.0*tau6+h10)   1128    494 |       3816       2088       1120       1024       6000       6000       3088          0       3512       1992       1304       1176       1128
 15.75  5712 (                J_hi)   1168 (     b_q*J1.0*tau6+h10)   1168    511 |       4032       2200       1136       1040       6000       6000       3304          0       3640       2072       1352       1216       1168
 16.00  5968 (                J_hi)   1216 (     b_q*J1.0*tau6+h10)   1216    532 |       4248       2312       1184       1088       6000       6000       3520          0       3776       2144       1400       1264       1216
 16.25  6000 (                J_hi)   1264 (     b_q*J1.0*tau6+h10)   1264    553 |       4464       2416       1232       1128       6000       6000       3744          0       3920       2224       1456       1312       1264
 16.50  6000 (                J_hi)   1312 (     b_q*J1.0*tau6+h10)   1312    574 |       4688       2536       1288       1176       6000       6000       3976          0       4056       2304       1520       1368       1312
 16.75  6000 (                J_hi)   1360 (     b_q*J1.0*tau6+h10)   1360    595 |       4912       2648       1336       1216       6000       6000       4208          0       4200       2392       1576       1416       1360
 17.00  6000 (                J_hi)   1408 (     b_q*J1.0*tau6+h10)   1408    616 |       5144       2760       1384       1264       6000       6000       4456          0       4344       2472       1632       1464       1408
 17.25  6000 (                J_hi)   1432 (     b_q*J1.0*tau6+h10)   1432    626 |       5296       2832       1408       1288       6000       6000       4592          0       4368       2496       1656       1488       1432
 17.50  6000 (                J_hi)   1456 (     b_q*J1.0*tau6+h10)   1456    637 |       5448       2896       1432       1312       6000       6000       4728          0       4384       2520       1680       1512       1456
 17.75  6000 (                J_hi)   1472 (     b_q*J1.0*tau6+h10)   1472    644 |       5600       2968       1456       1328       6000       6000       4872          0       4400       2544       1704       1536       1472
 18.00  6000 (                J_hi)   1496 (     b_q*J1.0*tau6+h10)   1496    654 |       5752       3032       1480       1352       6000       6000       5016          0       4424       2568       1728       1552       1496
 18.25  6000 (                J_hi)   1520 (     b_q*J1.0*tau6+h10)   1520    665 |       5904       3104       1512       1376       6000       6000       5168          0       4440       2592       1752       1576       1520
 18.50  6000 (                J_hi)   1536 (     b_q*J1.0*tau6+h10)   1536    672 |       6000       3176       1536       1400       6000       6000       5328          0       4464       2616       1776       1600       1536
 18.75  6000 (                J_hi)   1560 (     b_q*J1.0*tau6+h10)   1560    682 |       6000       3240       1560       1424       6000       6000       5488          0       4480       2640       1800       1624       1560
 19.00  6000 (                J_hi)   1584 (     b_q*J1.0*tau6+h10)   1584    693 |       6000       3312       1584       1448       6000       6000       5648          0       4496       2664       1824       1640       1584
 19.25  6000 (                J_hi)   1600 (     b_q*J1.0*tau6+h10)   1600    700 |       6000       3384       1608       1472       6000       6000       5824          0       4520       2688       1848       1664       1600
 19.50  6000 (                J_hi)   1624 (     b_q*J1.0*tau6+h10)   1624    710 |       6000       3456       1632       1488       6000       6000       6000          0       4536       2704       1872       1688       1624
 19.75  6000 (                J_hi)   1648 (     b_q*J1.0*tau6+h10)   1648    721 |       6000       3520       1656       1512       6000       6000       6000          0       4552       2728       1904       1712       1648
 20.00  6000 (                J_hi)   1664 (     b_q*J1.0*tau6+h10)   1664    728 |       6000       3592       1688       1536       6000       6000       6000          0       4576       2752       1928       1728       1664
 20.25  6000 (                J_hi)   1688 (     b_q*J1.0*tau6+h10)   1688    738 |       6000       3664       1712       1560       6000       6000       6000          0       4592       2776       1952       1752       1688
 20.50  6000 (                J_hi)   1704 (     b_q*J1.0*tau6+h10)   1704    746 |       6000       3736       1736       1584       6000       6000       6000          0       4608       2800       1976       1776       1704
 20.75  6000 (                J_hi)   1728 (     b_q*J1.0*tau6+h10)   1728    756 |       6000       3808       1760       1608       6000       6000       6000          0       4624       2824       2000       1792       1728
 21.00  6000 (                J_hi)   1752 (     b_q*J1.0*tau6+h10)   1752    766 |       6000       3880       1784       1624       6000       6000       6000          0       4648       2848       2024       1816       1752
 21.25  6000 (                J_hi)   1768 (     b_q*J1.0*tau6+h10)   1768    774 |       6000       3952       1808       1648       6000       6000       6000          0       4664       2872       2048       1840       1768
 21.50  6000 (                J_hi)   1792 (     b_q*J1.0*tau6+h10)   1792    784 |       6000       4024       1832       1672       6000       6000       6000          0       4680       2896       2072       1856       1792
 21.75  6000 (                J_hi)   1808 (     b_q*J1.0*tau6+h10)   1808    791 |       6000       4096       1856       1696       6000       6000       6000          0       4696       2912       2096       1880       1808
 22.00  6000 (                J_hi)   1832 (     b_q*J1.0*tau6+h10)   1832    802 |       6000       4168       1880       1712       6000       6000       6000          0       4712       2936       2120       1904       1832
 22.25  6000 (                J_hi)   1848 (     b_q*J1.0*tau6+h10)   1848    808 |       6000       4248       1912       1736       6000       6000       6000          0       4736       2960       2144       1920       1848
 22.50  6000 (                J_hi)   1872 (     b_q*J1.0*tau6+h10)   1872    819 |       6000       4320       1936       1760       6000       6000       6000          0       4752       2984       2168       1944       1872
 22.75  6000 (                J_hi)   1888 (     b_q*J1.0*tau6+h10)   1888    826 |       6000       4392       1960       1784       6000       6000       6000          0       4768       3008       2192       1968       1888
 23.00  6000 (                J_hi)   1912 (     b_q*J1.0*tau6+h10)   1912    836 |       6000       4464       1984       1808       6000       6000       6000          0       4784       3032       2216       1984       1912
 23.25  6000 (                J_hi)   1928 (     b_q*J1.0*tau6+h10)   1928    844 |       6000       4544       2008       1824       6000       6000       6000          0       4800       3048       2240       2008       1928
 23.50  6000 (                J_hi)   1952 (     b_q*J1.0*tau6+h10)   1952    854 |       6000       4616       2032       1848       6000       6000       6000          0       4816       3072       2264       2024       1952
 23.75  6000 (                J_hi)   1968 (     b_q*J1.0*tau6+h10)   1968    861 |       6000       4696       2056       1872       6000       6000       6000          0       4832       3096       2288       2048       1968
 24.00  6000 (                J_hi)   1992 (     b_q*J1.0*tau6+h10)   1992    872 |       6000       4768       2080       1888       6000       6000       6000          0       4848       3120       2312       2072       1992
 24.25  6000 (                J_hi)   2008 (     b_q*J1.0*tau6+h10)   2008    878 |       6000       4840       2104       1912       6000       6000       6000          0       4864       3136       2336       2088       2008
 24.50  6000 (                J_hi)   2032 (     b_q*J1.0*tau6+h10)   2032    889 |       6000       4920       2128       1936       6000       6000       6000          0       4880       3160       2360       2112       2032
 24.75  6000 (                J_hi)   2048 (     b_q*J1.0*tau6+h10)   2048    896 |       6000       5000       2160       1960       6000       6000       6000          0       4896       3184       2384       2128       2048
 25.00  6000 (                J_hi)   2072 (     b_q*J1.0*tau6+h10)   2072    906 |       6000       5072       2184       1976       6000       6000       6000          0       4912       3208       2408       2152       2072
 25.25  6000 (                J_hi)   2088 (     b_q*J1.0*tau6+h10)   2088    914 |       6000       5152       2208       2000       6000       6000       6000          0       4928       3224       2424       2168       2088
 25.50  6000 (                J_hi)   2104 (     b_q*J1.0*tau6+h10)   2104    920 |       6000       5224       2232       2024       6000       6000       6000          0       4944       3248       2448       2192       2104
 25.75  6000 (                J_hi)   2128 (     b_q*J1.0*tau6+h10)   2128    931 |       6000       5304       2256       2040       6000       6000       6000          0       4960       3272       2472       2208       2128
 26.00  6000 (                J_hi)   2144 (     b_q*J1.0*tau6+h10)   2144    938 |       6000       5384       2280       2064       6000       6000       6000          0       4976       3296       2496       2232       2144
 26.25  6000 (                J_hi)   2168 (     b_q*J1.0*tau6+h10)   2168    948 |       6000       5464       2304       2088       6000       6000       6000          0       4992       3312       2520       2248       2168
 26.50  6000 (                J_hi)   2184 (     b_q*J1.0*tau6+h10)   2184    956 |       6000       5536       2328       2104       6000       6000       6000          0       5008       3336       2544       2272       2184
 26.75  6000 (                J_hi)   2200 (     b_q*J1.0*tau6+h10)   2200    962 |       6000       5616       2352       2128       6000       6000       6000          0       5024       3360       2568       2288       2200
 26.90  6000 (                J_hi)   2216 (     b_q*J1.0*tau6+h10)   2216    970 |       6000       5664       2368       2144       6000       6000       6000          0       5032       3368       2584       2304       2216
 27.00  6000 (                J_hi)   2216 (     b_q*J1.0*tau6+h10)   2216    970 |       6000       5664       2368       2144       6000       6000       6000          0       5032       3368       2584       2304       2216
 27.25  6000 (                J_hi)   2216 (     b_q*J1.0*tau6+h10)   2216    970 |       6000       5664       2368       2144       6000       6000       6000          0       5032       3368       2584       2304       2216
 27.50  6000 (                J_hi)   2216 (     b_q*J1.0*tau6+h10)   2216    970 |       6000       5664       2368       2144       6000       6000       6000          0       5032       3368       2584       2304       2216
 27.75  6000 (                J_hi)   2216 (     b_q*J1.0*tau6+h10)   2216    970 |       6000       5664       2368       2144       6000       6000       6000          0       5032       3368       2584       2304       2216
 28.00  6000 (                J_hi)   2216 (     b_q*J1.0*tau6+h10)   2216    970 |       6000       5664       2368       2144       6000       6000       6000          0       5032       3368       2584       2304       2216
 28.25  6000 (                J_hi)   2216 (     b_q*J1.0*tau6+h10)   2216    970 |       6000       5664       2368       2144       6000       6000       6000          0       5032       3368       2584       2304       2216
 28.50  6000 (                J_hi)   2216 (     b_q*J1.0*tau6+h10)   2216    970 |       6000       5664       2368       2144       6000       6000       6000          0       5032       3368       2584       2304       2216
 28.75  6000 (                J_hi)   2216 (     b_q*J1.0*tau6+h10)   2216    970 |       6000       5664       2368       2144       6000       6000       6000          0       5032       3368       2584       2304       2216
 29.00  6000 (                J_hi)   2216 (     b_q*J1.0*tau6+h10)   2216    970 |       6000       5664       2368       2144       6000       6000       6000          0       5032       3368       2584       2304       2216
 29.25  6000 (                J_hi)   2216 (     b_q*J1.0*tau6+h10)   2216    970 |       6000       5664       2368       2144       6000       6000       6000          0       5032       3368       2584       2304       2216
 29.50  6000 (                J_hi)   2216 (     b_q*J1.0*tau6+h10)   2216    970 |       6000       5664       2368       2144       6000       6000       6000          0       5032       3368       2584       2304       2216
 29.75  6000 (                J_hi)   2216 (     b_q*J1.0*tau6+h10)   2216    970 |       6000       5664       2368       2144       6000       6000       6000          0       5032       3368       2584       2304       2216
 30.00  6000 (                J_hi)   2216 (     b_q*J1.0*tau6+h10)   2216    970 |       6000       5664       2368       2144       6000       6000       6000          0       5032       3368       2584       2304       2216
 30.25  6000 (                J_hi)   2216 (     b_q*J1.0*tau6+h10)   2216    970 |       6000       5664       2368       2144       6000       6000       6000          0       5032       3368       2584       2304       2216
 30.50  6000 (                J_hi)   2216 (     b_q*J1.0*tau6+h10)   2216    970 |       6000       5664       2368       2144       6000       6000       6000          0       5032       3368       2584       2304       2216
 30.75  6000 (                J_hi)   2216 (     b_q*J1.0*tau6+h10)   2216    970 |       6000       5664       2368       2144       6000       6000       6000          0       5032       3368       2584       2304       2216
 31.00  6000 (                J_hi)   2216 (     b_q*J1.0*tau6+h10)   2216    970 |       6000       5664       2368       2144       6000       6000       6000          0       5032       3368       2584       2304       2216
 31.25  6000 (                J_hi)   2216 (     b_q*J1.0*tau6+h10)   2216    970 |       6000       5664       2368       2144       6000       6000       6000          0       5032       3368       2584       2304       2216
 31.50  6000 (                J_hi)   2216 (     b_q*J1.0*tau6+h10)   2216    970 |       6000       5664       2368       2144       6000       6000       6000          0       5032       3368       2584       2304       2216
 31.75  6000 (                J_hi)   2216 (     b_q*J1.0*tau6+h10)   2216    970 |       6000       5664       2368       2144       6000       6000       6000          0       5032       3368       2584       2304       2216
 32.00  6000 (                J_hi)   2216 (     b_q*J1.0*tau6+h10)   2216    970 |       6000       5664       2368       2144       6000       6000       6000          0       5032       3368       2584       2304       2216
 32.25  6000 (                J_hi)   2216 (     b_q*J1.0*tau6+h10)   2216    970 |       6000       5664       2368       2144       6000       6000       6000          0       5032       3368       2584       2304       2216
 32.50  6000 (                J_hi)   2216 (     b_q*J1.0*tau6+h10)   2216    970 |       6000       5664       2368       2144       6000       6000       6000          0       5032       3368       2584       2304       2216
 32.75  6000 (                J_hi)   2216 (     b_q*J1.0*tau6+h10)   2216    970 |       6000       5664       2368       2144       6000       6000       6000          0       5032       3368       2584       2304       2216
 33.00  6000 (                J_hi)   2216 (     b_q*J1.0*tau6+h10)   2216    970 |       6000       5664       2368       2144       6000       6000       6000          0       5032       3368       2584       2304       2216
 33.25  6000 (                J_hi)   2216 (     b_q*J1.0*tau6+h10)   2216    970 |       6000       5664       2368       2144       6000       6000       6000          0       5032       3368       2584       2304       2216
 33.50  6000 (                J_hi)   2216 (     b_q*J1.0*tau6+h10)   2216    970 |       6000       5664       2368       2144       6000       6000       6000          0       5032       3368       2584       2304       2216
 33.75  6000 (                J_hi)   2216 (     b_q*J1.0*tau6+h10)   2216    970 |       6000       5664       2368       2144       6000       6000       6000          0       5032       3368       2584       2304       2216
 34.00  6000 (                J_hi)   2216 (     b_q*J1.0*tau6+h10)   2216    970 |       6000       5664       2368       2144       6000       6000       6000          0       5032       3368       2584       2304       2216
 34.25  6000 (                J_hi)   2216 (     b_q*J1.0*tau6+h10)   2216    970 |       6000       5664       2368       2144       6000       6000       6000          0       5032       3368       2584       2304       2216
 34.50  6000 (                J_hi)   2216 (     b_q*J1.0*tau6+h10)   2216    970 |       6000       5664       2368       2144       6000       6000       6000          0       5032       3368       2584       2304       2216
 34.75  6000 (                J_hi)   2216 (     b_q*J1.0*tau6+h10)   2216    970 |       6000       5664       2368       2144       6000       6000       6000          0       5032       3368       2584       2304       2216
 35.00  6000 (                J_hi)   2216 (     b_q*J1.0*tau6+h10)   2216    970 |       6000       5664       2368       2144       6000       6000       6000          0       5032       3368       2584       2304       2216