# c1r2_design_G.py kd 24 ki_base 56 kp_base 112: G_max per member (Kp_eff = 225*G/256); tier A PM >= 45, tier B PM >= 30 (incl. every +h10); 0 = fails at the first grid point
    v    envA (binding)                envB (binding)                env  Kp_eff |       J1.3  b_lo*J1.3   b_q*J1.3 b_q*J1.3+h      tau10 b_lo*tau10    ms_free    light_b       b_q0  b_q0*J_hi  bq10*J1.0 bq10*J1.0+ bq10*J1.0*
  1.00  1512 (                J_hi)   1160 (   b/1.9*J1.0*tau6+h10)   1160    508 |       1992       1312       1992       1704       2680       1984       2904          0       3232       2360       2048       1744       1648
  1.25  1512 (                J_hi)   1160 (   b/1.9*J1.0*tau6+h10)   1160    508 |       1992       1312       1992       1704       2680       1984       2904          0       3232       2360       2048       1744       1648
  1.50  1512 (                J_hi)   1160 (   b/1.9*J1.0*tau6+h10)   1160    508 |       1992       1312       1992       1704       2680       1984       2904          0       3232       2360       2048       1744       1648
  1.75  1512 (                J_hi)   1160 (   b/1.9*J1.0*tau6+h10)   1160    508 |       1992       1312       1992       1704       2680       1984       2904          0       3232       2360       2048       1744       1648
  2.00  1512 (                J_hi)   1160 (   b/1.9*J1.0*tau6+h10)   1160    508 |       1992       1312       1992       1704       2680       1984       2904          0       3232       2360       2048       1744       1648
  2.25  1512 (                J_hi)   1160 (   b/1.9*J1.0*tau6+h10)   1160    508 |       1992       1312       1992       1704       2680       1984       2904          0       3232       2360       2048       1744       1648
  2.50  1512 (                J_hi)   1160 (   b/1.9*J1.0*tau6+h10)   1160    508 |       1992       1312       1992       1704       2680       1984       2904          0       3232       2360       2048       1744       1648
  2.75  1512 (                J_hi)   1160 (   b/1.9*J1.0*tau6+h10)   1160    508 |       1992       1312       1992       1704       2680       1984       2904          0       3232       2360       2048       1744       1648
  3.00  1512 (                J_hi)   1160 (   b/1.9*J1.0*tau6+h10)   1160    508 |       1992       1312       1992       1704       2680       1984       2904          0       3232       2360       2048       1744       1648
  3.10  1512 (                J_hi)   1160 (   b/1.9*J1.0*tau6+h10)   1160    508 |       1992       1312       1992       1704       2680       1984       2904          0       3232       2360       2048       1744       1648
  3.25  1528 (                J_hi)   1176 (   b/1.9*J1.0*tau6+h10)   1176    514 |       2016       1328       2016       1728       2696       1984       2888          0       3248       2368       2064       1768       1664
  3.50  1560 (                J_hi)   1208 (   b/1.9*J1.0*tau6+h10)   1208    528 |       2056       1368       2056       1768       2712       2000       2872          0       3272       2392       2096       1800       1704
  3.75  1584 (                J_hi)   1232 (   b/1.9*J1.0*tau6+h10)   1232    539 |       2088       1400       2088       1808       2728       2016       2856          0       3296       2408       2128       1832       1736
  4.00  1616 (                J_hi)   1256 (   b/1.9*J1.0*tau6+h10)   1256    550 |       2128       1432       2128       1848       2752       2024       2840          0       3312       2432       2152       1856       1760
  4.25  1640 (                J_hi)   1280 (   b/1.9*J1.0*tau6+h10)   1280    560 |       2160       1456       2160       1880       2768       2040       2832          0       3336       2448       2184       1888       1792
  4.50  1664 (                J_hi)   1296 (   b/1.9*J1.0*tau6+h10)   1296    567 |       2192       1488       2192       1912       2792       2056       2816          0       3360       2472       2208       1912       1816
  4.75  1688 (                J_hi)   1320 (   b/1.9*J1.0*tau6+h10)   1320    578 |       2216       1512       2216       1944       2808       2064       2808          0       3384       2488       2232       1936       1840
  5.00  1712 (                J_hi)   1336 (   b/1.9*J1.0*tau6+h10)   1336    584 |       2240       1536       2240       1968       2824       2080       2800          0       3408       2504       2256       1960       1864
  5.25  1728 (                J_hi)   1360 (   b/1.9*J1.0*tau6+h10)   1360    595 |       2272       1560       2272       1992       2848       2096       2792          0       3424       2528       2272       1984       1888
  5.50  1752 (                J_hi)   1376 (   b/1.9*J1.0*tau6+h10)   1376    602 |       2296       1576       2296       2016       2864       2104       2784          0       3448       2544       2296       2000       1904
  5.75  1776 (                J_hi)   1392 (   b/1.9*J1.0*tau6+h10)   1392    609 |       2312       1600       2312       2040       2880       2120       2776          0       3472       2560       2312       2024       1928
  6.00  1792 (                J_hi)   1408 (   b/1.9*J1.0*tau6+h10)   1408    616 |       2336       1616       2336       2064       2904       2128       2768          0       3496       2576       2336       2040       1944
  6.25  1816 (                J_hi)   1424 (   b/1.9*J1.0*tau6+h10)   1424    623 |       2352       1640       2352       2080       2920       2144       2768          0       3520       2600       2352       2056       1968
  6.50  1832 (                J_hi)   1440 (   b/1.9*J1.0*tau6+h10)   1440    630 |       2376       1656       2376       2104       2944       2160       2760          0       3536       2616       2368       2080       1984
  6.75  1856 (                J_hi)   1456 (   b/1.9*J1.0*tau6+h10)   1456    637 |       2392       1672       2392       2120       2960       2168       2760          0       3560       2632       2384       2096       2000
  7.00  1872 (                J_hi)   1464 (   b/1.9*J1.0*tau6+h10)   1464    640 |       2408       1688       2408       2136       2976       2184       2760          0       3584       2648       2400       2112       2016
  7.25  1888 (                J_hi)   1480 (   b/1.9*J1.0*tau6+h10)   1480    648 |       2424       1704       2424       2152       3000       2192       2752          0       3608       2664       2416       2128       2032
  7.50  1904 (                J_hi)   1488 (   b/1.9*J1.0*tau6+h10)   1488    651 |       2440       1712       2440       2168       3016       2208       2752          0       3632       2680       2432       2136       2048
  7.75  1928 (                J_hi)   1504 (   b/1.9*J1.0*tau6+h10)   1504    658 |       2456       1728       2456       2184       3032       2224       2752          0       3648       2696       2448       2152       2056
  8.00  1944 (                J_hi)   1512 (   b/1.9*J1.0*tau6+h10)   1512    662 |       2472       1744       2472       2200       3056       2232       2752          0       3672       2712       2464       2168       2072
  8.25  1960 (                J_hi)   1480 (   b/1.9*J1.0*tau6+h10)   1480    648 |       2384       1688       2384       2128       3208       2296       2432          0       3864       2744       2400       2120       2024
  8.50  1984 (                J_hi)   1448 (   b/1.9*J1.0*tau6+h10)   1448    634 |       2296       1632       2296       2048       3360       2360       2168          0       4056       2776       2344       2064       1976
  8.75  2000 (                J_hi)   1416 (   b/1.9*J1.0*tau6+h10)   1416    620 |       2208       1576       2208       1976       3520       2416       1952          0       4248       2808       2280       2016       1928
  9.00  2024 (                J_hi)   1384 (   b/1.9*J1.0*tau6+h10)   1384    606 |       2128       1520       2128       1904       3672       2480       1768          0       4440       2840       2224       1968       1880
  9.25  2040 (                J_hi)   1352 (   b/1.9*J1.0*tau6+h10)   1352    592 |       2040       1464       2040       1832       3824       2544       1616          0       4632       2872       2168       1920       1840
  9.50  2064 (                J_hi)   1320 (   b/1.9*J1.0*tau6+h10)   1320    578 |       1960       1408       1960       1768       3976       2608       1480          0       4832       2904       2112       1872       1792
  9.75  2080 (                J_hi)   1288 (   b/1.9*J1.0*tau6+h10)   1288    564 |       1880       1360       1880       1696       4136       2672       1368          0       5024       2936       2056       1824       1744
 10.00  2104 (                J_hi)   1016 (   b/1.9*J1.0*tau6+h10)   1016    444 |       1800       1088       1800       1624       4288       2728       1272          0       5224       2968       1064        968        936
 10.25  2120 (                J_hi)    992 (   b/1.9*J1.0*tau6+h10)    992    434 |       1728       1048       1728       1560       4440       2792       1184          0       5424       3000       1056        960        928
 10.50  2144 (                J_hi)    976 (   b/1.9*J1.0*tau6+h10)    976    427 |       1648       1008       1648       1496       4600       2856       1112          0       5624       3032       1048        960        928
 10.75  2160 (                J_hi)    952 (   b/1.9*J1.0*tau6+h10)    952    416 |       1576        968       1576       1424       4752       2920       1048          0       5824       3064       1040        952        920
 11.00  2184 (                J_hi)    928 (   b/1.9*J1.0*tau6+h10)    928    406 |       1504        928       1504       1360       4904       2984        992          0       6000       3096       1032        944        912
 11.25  2200 (                J_hi)    904 (   b/1.9*J1.0*tau6+h10)    904    396 |       1432        896       1432       1304       5064       3048        936          0       6000       3128       1024        936        904
 11.50  2224 (                J_hi)    880 (   b/1.9*J1.0*tau6+h10)    880    385 |       1360        856       1360       1240       5216       3112        896          0       6000       3160       1016        928        896
 11.75  2240 (                J_hi)    864 (   b/1.9*J1.0*tau6+h10)    864    378 |       1288        824       1288       1176       5368       3176        856          0       6000       3192       1008        920        888
 11.90  2256 (                J_hi)    848 (   b/1.9*J1.0*tau6+h10)    848    371 |       1248        800       1248       1144       5464       3208        832          0       6000       3208       1008        912        888
 12.00  2336 (                J_hi)    880 (   b/1.9*J1.0*tau6+h10)    880    385 |       1304        832       1304       1192       5600       3288        872          0       6000       3320       1016        928        896
 12.25  2536 (                J_hi)    960 (   b/1.9*J1.0*tau6+h10)    960    420 |       1456        912       1456       1328       5944       3496        984          0       6000       3592       1056        960        928
 12.50  2744 (                J_hi)    960 (     b_q*J1.0*tau6+h10)    960    420 |       1616       1000        904        832       6000       3696       1104          0          0          0       1088        992        960
 12.75  2960 (                J_hi)    984 (     b_q*J1.0*tau6+h10)    984    430 |       1768       1080        928        864       6000       3904       1232          0          0          0       1120       1016        984
 13.00  3176 (                J_hi)   1008 (     b_q*J1.0*tau6+h10)   1008    441 |       1936       1168        960        888       6000       4120       1360          0          0          0       1152       1048       1008
 13.25  3392 (                J_hi)   1032 (     b_q*J1.0*tau6+h10)   1032    452 |       2104       1256        984        912       6000       4328       1504          0          0          0       1176       1072       1032
 13.50  3616 (                J_hi)   1056 (     b_q*J1.0*tau6+h10)   1056    462 |       2280       1352       1016        936       6000       4544       1648          0       2672          0       1208       1096       1056
 13.75  3848 (                J_hi)   1072 (     b_q*J1.0*tau6+h10)   1072    469 |       2456       1440       1040        952       6000       4768       1800          0       2792          0       1232       1112       1072
 14.00  4072 (                J_hi)   1096 (     b_q*J1.0*tau6+h10)   1096    480 |       2640       1536       1064        976       6000       4984       1960          0       2912          0       1256       1136       1096
 14.25  4312 (                J_hi)   1112 (     b_q*J1.0*tau6+h10)   1112    486 |       2824       1632       1088       1000       6000       5208       2128          0       3040          0       1280       1160       1112
 14.50  4544 (                J_hi)   1136 (     b_q*J1.0*tau6+h10)   1136    497 |       3016       1736       1104       1016       6000       5432       2304          0       3168          0       1304       1176       1136
 14.75  4784 (                J_hi)   1152 (     b_q*J1.0*tau6+h10)   1152    504 |       3208       1832       1128       1032       6000       5656       2480          0       3296       1896       1328       1192       1152
 15.00  5024 (                J_hi)   1168 (     b_q*J1.0*tau6+h10)   1168    511 |       3408       1936       1152       1056       6000       5888       2672          0       3424       1976       1352       1216       1168
 15.25  5272 (                J_hi)   1184 (     b_q*J1.0*tau6+h10)   1184    518 |       3616       2040       1168       1072       6000       6000       2864          0       3560       2048       1368       1232       1184
 15.50  5520 (                J_hi)   1200 (     b_q*J1.0*tau6+h10)   1200    525 |       3816       2144       1192       1088       6000       6000       3064          0       3688       2128       1392       1248       1200
 15.75  5768 (                J_hi)   1240 (     b_q*J1.0*tau6+h10)   1240    542 |       4024       2248       1208       1104       6000       6000       3272          0       3824       2200       1440       1288       1240
 16.00  6000 (                J_hi)   1288 (     b_q*J1.0*tau6+h10)   1288    564 |       4240       2360       1256       1152       6000       6000       3480          0       3968       2280       1496       1336       1288
 16.25  6000 (                J_hi)   1336 (     b_q*J1.0*tau6+h10)   1336    584 |       4456       2472       1312       1192       6000       6000       3704          0       4104       2360       1552       1392       1336
 16.50  6000 (                J_hi)   1384 (     b_q*J1.0*tau6+h10)   1384    606 |       4672       2584       1360       1240       6000       6000       3928          0       4248       2440       1608       1440       1384
 16.75  6000 (                J_hi)   1432 (     b_q*J1.0*tau6+h10)   1432    626 |       4896       2696       1408       1280       6000       6000       4168          0       4392       2520       1664       1488       1432
 17.00  6000 (                J_hi)   1480 (     b_q*J1.0*tau6+h10)   1480    648 |       5128       2808       1456       1328       6000       6000       4408          0       4536       2608       1720       1544       1480
 17.25  6000 (                J_hi)   1504 (     b_q*J1.0*tau6+h10)   1504    658 |       5272       2880       1480       1352       6000       6000       4536          0       4560       2632       1744       1568       1504
 17.50  6000 (                J_hi)   1528 (     b_q*J1.0*tau6+h10)   1528    668 |       5416       2944       1504       1368       6000       6000       4672          0       4584       2656       1776       1584       1528
 17.75  6000 (                J_hi)   1544 (     b_q*J1.0*tau6+h10)   1544    676 |       5560       3008       1528       1392       6000       6000       4816          0       4600       2680       1800       1608       1544
 18.00  6000 (                J_hi)   1568 (     b_q*J1.0*tau6+h10)   1568    686 |       5704       3080       1560       1416       6000       6000       4960          0       4624       2704       1824       1632       1568
 18.25  6000 (                J_hi)   1592 (     b_q*J1.0*tau6+h10)   1592    696 |       5856       3144       1584       1440       6000       6000       5112          0       4640       2728       1848       1656       1592
 18.50  6000 (                J_hi)   1608 (     b_q*J1.0*tau6+h10)   1608    704 |       6000       3208       1608       1464       6000       6000       5264          0       4664       2752       1872       1672       1608
 18.75  6000 (                J_hi)   1632 (     b_q*J1.0*tau6+h10)   1632    714 |       6000       3280       1632       1488       6000       6000       5424          0       4680       2776       1896       1696       1632
 19.00  6000 (                J_hi)   1648 (     b_q*J1.0*tau6+h10)   1648    721 |       6000       3344       1656       1504       6000       6000       5584          0       4704       2800       1920       1720       1648
 19.25  6000 (                J_hi)   1672 (     b_q*J1.0*tau6+h10)   1672    732 |       6000       3416       1680       1528       6000       6000       5752          0       4720       2824       1944       1736       1672
 19.50  6000 (                J_hi)   1696 (     b_q*J1.0*tau6+h10)   1696    742 |       6000       3480       1704       1552       6000       6000       5928          0       4744       2848       1968       1760       1696
 19.75  6000 (                J_hi)   1712 (     b_q*J1.0*tau6+h10)   1712    749 |       6000       3552       1728       1576       6000       6000       6000          0       4760       2872       1992       1784       1712
 20.00  6000 (                J_hi)   1736 (     b_q*J1.0*tau6+h10)   1736    760 |       6000       3616       1752       1592       6000       6000       6000          0       4784       2896       2016       1800       1736
 20.25  6000 (                J_hi)   1752 (     b_q*J1.0*tau6+h10)   1752    766 |       6000       3688       1776       1616       6000       6000       6000          0       4800       2920       2040       1824       1752
 20.50  6000 (                J_hi)   1776 (     b_q*J1.0*tau6+h10)   1776    777 |       6000       3752       1800       1640       6000       6000       6000          0       4816       2944       2064       1848       1776
 20.75  6000 (                J_hi)   1792 (     b_q*J1.0*tau6+h10)   1792    784 |       6000       3824       1824       1664       6000       6000       6000          0       4840       2968       2088       1864       1792
 21.00  6000 (                J_hi)   1816 (     b_q*J1.0*tau6+h10)   1816    794 |       6000       3896       1848       1680       6000       6000       6000          0       4856       2984       2112       1888       1816
 21.25  6000 (                J_hi)   1832 (     b_q*J1.0*tau6+h10)   1832    802 |       6000       3960       1872       1704       6000       6000       6000          0       4872       3008       2136       1912       1832
 21.50  6000 (                J_hi)   1856 (     b_q*J1.0*tau6+h10)   1856    812 |       6000       4032       1896       1728       6000       6000       6000          0       4896       3032       2152       1928       1856
 21.75  6000 (                J_hi)   1880 (     b_q*J1.0*tau6+h10)   1880    822 |       6000       4104       1920       1744       6000       6000       6000          0       4912       3056       2176       1952       1880
 22.00  6000 (                J_hi)   1896 (     b_q*J1.0*tau6+h10)   1896    830 |       6000       4168       1944       1768       6000       6000       6000          0       4928       3080       2200       1968       1896
 22.25  6000 (                J_hi)   1912 (     b_q*J1.0*tau6+h10)   1912    836 |       6000       4240       1968       1792       6000       6000       6000          0       4952       3104       2224       1992       1912
 22.50  6000 (                J_hi)   1936 (     b_q*J1.0*tau6+h10)   1936    847 |       6000       4312       1992       1816       6000       6000       6000          0       4968       3128       2248       2016       1936
 22.75  6000 (                J_hi)   1952 (     b_q*J1.0*tau6+h10)   1952    854 |       6000       4384       2016       1832       6000       6000       6000          0       4984       3152       2272       2032       1952
 23.00  6000 (                J_hi)   1976 (     b_q*J1.0*tau6+h10)   1976    864 |       6000       4456       2040       1856       6000       6000       6000          0       5000       3168       2296       2056       1976
 23.25  6000 (                J_hi)   1992 (     b_q*J1.0*tau6+h10)   1992    872 |       6000       4528       2064       1880       6000       6000       6000          0       5016       3192       2320       2072       1992
 23.50  6000 (                J_hi)   2016 (     b_q*J1.0*tau6+h10)   2016    882 |       6000       4600       2088       1896       6000       6000       6000          0       5040       3216       2344       2096       2016
 23.75  6000 (                J_hi)   2032 (     b_q*J1.0*tau6+h10)   2032    889 |       6000       4672       2112       1920       6000       6000       6000          0       5056       3240       2368       2112       2032
 24.00  6000 (                J_hi)   2056 (     b_q*J1.0*tau6+h10)   2056    900 |       6000       4744       2136       1944       6000       6000       6000          0       5072       3264       2392       2136       2056
 24.25  6000 (                J_hi)   2072 (     b_q*J1.0*tau6+h10)   2072    906 |       6000       4816       2160       1960       6000       6000       6000          0       5088       3280       2416       2160       2072
 24.50  6000 (                J_hi)   2088 (     b_q*J1.0*tau6+h10)   2088    914 |       6000       4888       2184       1984       6000       6000       6000          0       5104       3304       2440       2176       2088
 24.75  6000 (                J_hi)   2112 (     b_q*J1.0*tau6+h10)   2112    924 |       6000       4960       2208       2000       6000       6000       6000          0       5120       3328       2464       2200       2112
 25.00  6000 (                J_hi)   2128 (     b_q*J1.0*tau6+h10)   2128    931 |       6000       5032       2232       2024       6000       6000       6000          0       5136       3352       2480       2216       2128
 25.25  6000 (                J_hi)   2152 (     b_q*J1.0*tau6+h10)   2152    942 |       6000       5104       2256       2048       6000       6000       6000          0       5152       3368       2504       2232       2152
 25.50  6000 (                J_hi)   2168 (     b_q*J1.0*tau6+h10)   2168    948 |       6000       5184       2280       2064       6000       6000       6000          0       5168       3392       2528       2256       2168
 25.75  6000 (                J_hi)   2184 (     b_q*J1.0*tau6+h10)   2184    956 |       6000       5256       2304       2088       6000       6000       6000          0       5192       3416       2552       2272       2184
 26.00  6000 (                J_hi)   2208 (     b_q*J1.0*tau6+h10)   2208    966 |       6000       5328       2328       2104       6000       6000       6000          0       5208       3440       2576       2296       2208
 26.25  6000 (                J_hi)   2224 (     b_q*J1.0*tau6+h10)   2224    973 |       6000       5400       2352       2128       6000       6000       6000          0       5224       3456       2600       2312       2224
 26.50  6000 (                J_hi)   2240 (     b_q*J1.0*tau6+h10)   2240    980 |       6000       5480       2376       2144       6000       6000       6000          0       5240       3480       2624       2336       2240
 26.75  6000 (                J_hi)   2256 (     b_q*J1.0*tau6+h10)   2256    987 |       6000       5552       2400       2168       6000       6000       6000          0       5248       3504       2648       2352       2256
 26.90  6000 (                J_hi)   2272 (     b_q*J1.0*tau6+h10)   2272    994 |       6000       5600       2416       2176       6000       6000       6000          0       5264       3512       2656       2368       2272
 27.00  6000 (                J_hi)   2272 (     b_q*J1.0*tau6+h10)   2272    994 |       6000       5600       2416       2176       6000       6000       6000          0       5264       3512       2656       2368       2272
 27.25  6000 (                J_hi)   2272 (     b_q*J1.0*tau6+h10)   2272    994 |       6000       5600       2416       2176       6000       6000       6000          0       5264       3512       2656       2368       2272
 27.50  6000 (                J_hi)   2272 (     b_q*J1.0*tau6+h10)   2272    994 |       6000       5600       2416       2176       6000       6000       6000          0       5264       3512       2656       2368       2272
 27.75  6000 (                J_hi)   2272 (     b_q*J1.0*tau6+h10)   2272    994 |       6000       5600       2416       2176       6000       6000       6000          0       5264       3512       2656       2368       2272
 28.00  6000 (                J_hi)   2272 (     b_q*J1.0*tau6+h10)   2272    994 |       6000       5600       2416       2176       6000       6000       6000          0       5264       3512       2656       2368       2272
 28.25  6000 (                J_hi)   2272 (     b_q*J1.0*tau6+h10)   2272    994 |       6000       5600       2416       2176       6000       6000       6000          0       5264       3512       2656       2368       2272
 28.50  6000 (                J_hi)   2272 (     b_q*J1.0*tau6+h10)   2272    994 |       6000       5600       2416       2176       6000       6000       6000          0       5264       3512       2656       2368       2272
 28.75  6000 (                J_hi)   2272 (     b_q*J1.0*tau6+h10)   2272    994 |       6000       5600       2416       2176       6000       6000       6000          0       5264       3512       2656       2368       2272
 29.00  6000 (                J_hi)   2272 (     b_q*J1.0*tau6+h10)   2272    994 |       6000       5600       2416       2176       6000       6000       6000          0       5264       3512       2656       2368       2272
 29.25  6000 (                J_hi)   2272 (     b_q*J1.0*tau6+h10)   2272    994 |       6000       5600       2416       2176       6000       6000       6000          0       5264       3512       2656       2368       2272
 29.50  6000 (                J_hi)   2272 (     b_q*J1.0*tau6+h10)   2272    994 |       6000       5600       2416       2176       6000       6000       6000          0       5264       3512       2656       2368       2272
 29.75  6000 (                J_hi)   2272 (     b_q*J1.0*tau6+h10)   2272    994 |       6000       5600       2416       2176       6000       6000       6000          0       5264       3512       2656       2368       2272
 30.00  6000 (                J_hi)   2272 (     b_q*J1.0*tau6+h10)   2272    994 |       6000       5600       2416       2176       6000       6000       6000          0       5264       3512       2656       2368       2272
 30.25  6000 (                J_hi)   2272 (     b_q*J1.0*tau6+h10)   2272    994 |       6000       5600       2416       2176       6000       6000       6000          0       5264       3512       2656       2368       2272
 30.50  6000 (                J_hi)   2272 (     b_q*J1.0*tau6+h10)   2272    994 |       6000       5600       2416       2176       6000       6000       6000          0       5264       3512       2656       2368       2272
 30.75  6000 (                J_hi)   2272 (     b_q*J1.0*tau6+h10)   2272    994 |       6000       5600       2416       2176       6000       6000       6000          0       5264       3512       2656       2368       2272
 31.00  6000 (                J_hi)   2272 (     b_q*J1.0*tau6+h10)   2272    994 |       6000       5600       2416       2176       6000       6000       6000          0       5264       3512       2656       2368       2272
 31.25  6000 (                J_hi)   2272 (     b_q*J1.0*tau6+h10)   2272    994 |       6000       5600       2416       2176       6000       6000       6000          0       5264       3512       2656       2368       2272
 31.50  6000 (                J_hi)   2272 (     b_q*J1.0*tau6+h10)   2272    994 |       6000       5600       2416       2176       6000       6000       6000          0       5264       3512       2656       2368       2272
 31.75  6000 (                J_hi)   2272 (     b_q*J1.0*tau6+h10)   2272    994 |       6000       5600       2416       2176       6000       6000       6000          0       5264       3512       2656       2368       2272
 32.00  6000 (                J_hi)   2272 (     b_q*J1.0*tau6+h10)   2272    994 |       6000       5600       2416       2176       6000       6000       6000          0       5264       3512       2656       2368       2272
 32.25  6000 (                J_hi)   2272 (     b_q*J1.0*tau6+h10)   2272    994 |       6000       5600       2416       2176       6000       6000       6000          0       5264       3512       2656       2368       2272
 32.50  6000 (                J_hi)   2272 (     b_q*J1.0*tau6+h10)   2272    994 |       6000       5600       2416       2176       6000       6000       6000          0       5264       3512       2656       2368       2272
 32.75  6000 (                J_hi)   2272 (     b_q*J1.0*tau6+h10)   2272    994 |       6000       5600       2416       2176       6000       6000       6000          0       5264       3512       2656       2368       2272
 33.00  6000 (                J_hi)   2272 (     b_q*J1.0*tau6+h10)   2272    994 |       6000       5600       2416       2176       6000       6000       6000          0       5264       3512       2656       2368       2272
 33.25  6000 (                J_hi)   2272 (     b_q*J1.0*tau6+h10)   2272    994 |       6000       5600       2416       2176       6000       6000       6000          0       5264       3512       2656       2368       2272
 33.50  6000 (                J_hi)   2272 (     b_q*J1.0*tau6+h10)   2272    994 |       6000       5600       2416       2176       6000       6000       6000          0       5264       3512       2656       2368       2272
 33.75  6000 (                J_hi)   2272 (     b_q*J1.0*tau6+h10)   2272    994 |       6000       5600       2416       2176       6000       6000       6000          0       5264       3512       2656       2368       2272
 34.00  6000 (                J_hi)   2272 (     b_q*J1.0*tau6+h10)   2272    994 |       6000       5600       2416       2176       6000       6000       6000          0       5264       3512       2656       2368       2272
 34.25  6000 (                J_hi)   2272 (     b_q*J1.0*tau6+h10)   2272    994 |       6000       5600       2416       2176       6000       6000       6000          0       5264       3512       2656       2368       2272
 34.50  6000 (                J_hi)   2272 (     b_q*J1.0*tau6+h10)   2272    994 |       6000       5600       2416       2176       6000       6000       6000          0       5264       3512       2656       2368       2272
 34.75  6000 (                J_hi)   2272 (     b_q*J1.0*tau6+h10)   2272    994 |       6000       5600       2416       2176       6000       6000       6000          0       5264       3512       2656       2368       2272
 35.00  6000 (                J_hi)   2272 (     b_q*J1.0*tau6+h10)   2272    994 |       6000       5600       2416       2176       6000       6000       6000          0       5264       3512       2656       2368       2272