# c1r2_design_G.py kd 18 ki_base 150 kp_base 225: G_max per member (Kp_eff = 225*G/256); tier A PM >= 45, tier B PM >= 30 (incl. every +h10); 0 = fails at the first grid point
    v    envA (binding)                envB (binding)                env  Kp_eff |       J1.3   b_q*J1.3      tau10 b_lo*tau10    ms_free    light_b b/1.9 (G3a       b_q0  b_q0*J_hi
  1.00    72 (                b_hi)    368 (         J1.0*tau6+h10)     72     63 |        432        432       1040        776       1072        496        912       1248        736
  1.25    72 (                b_hi)    368 (         J1.0*tau6+h10)     72     63 |        432        432       1040        776       1072        496        912       1248        736
  1.50    72 (                b_hi)    368 (         J1.0*tau6+h10)     72     63 |        432        432       1040        776       1072        496        912       1248        736
  1.75    72 (                b_hi)    368 (         J1.0*tau6+h10)     72     63 |        432        432       1040        776       1072        496        912       1248        736
  2.00    72 (                b_hi)    368 (         J1.0*tau6+h10)     72     63 |        432        432       1040        776       1072        496        912       1248        736
  2.25    72 (                b_hi)    368 (         J1.0*tau6+h10)     72     63 |        432        432       1040        776       1072        496        912       1248        736
  2.50    72 (                b_hi)    368 (         J1.0*tau6+h10)     72     63 |        432        432       1040        776       1072        496        912       1248        736
  2.75    72 (                b_hi)    368 (         J1.0*tau6+h10)     72     63 |        432        432       1040        776       1072        496        912       1248        736
  3.00    72 (                b_hi)    368 (         J1.0*tau6+h10)     72     63 |        432        432       1040        776       1072        496        912       1248        736
  3.10    72 (                b_hi)    368 (         J1.0*tau6+h10)     72     63 |        432        432       1040        776       1072        496        912       1248        736
  3.25   296 (                J_hi)    384 (         J1.0*tau6+h10)    296    260 |        456        456       1048        776       1064        496        912       1256        744
  3.50   344 (                J_hi)    416 (         J1.0*tau6+h10)    344    302 |        488        488       1064        784       1056        504        928       1272        760
  3.75   384 (                J_hi)    448 (         J1.0*tau6+h10)    384    338 |        520        520       1072        792       1056        504        936       1280        776
  4.00   408 (                J_hi)    464 (    b_lo*J_hi*tau6+h10)    408    359 |        552        552       1080        800       1048        504        944       1296        792
  4.25   440 (                J_hi)    472 (    b_lo*J_hi*tau6+h10)    440    387 |        576        576       1096        808       1040        504        952       1312        808
  4.50   464 (                J_hi)    488 (    b_lo*J_hi*tau6+h10)    464    408 |        608        608       1104        824       1040        512        960       1320        824
  4.75   488 (                J_hi)    496 (    b_lo*J_hi*tau6+h10)    488    429 |        632        632       1120        832       1032        512        976       1336        840
  5.00   504 (                J_hi)    504 (    b_lo*J_hi*tau6+h10)    504    443 |        656        656       1128        840       1032        512        984       1344        856
  5.25   528 (                J_hi)    520 (    b_lo*J_hi*tau6+h10)    520    457 |        672        672       1144        848       1024        512        992       1360        872
  5.50   544 (                J_hi)    528 (    b_lo*J_hi*tau6+h10)    528    464 |        696        696       1152        856       1024        520       1000       1376        880
  5.75   560 (                J_hi)    536 (    b_lo*J_hi*tau6+h10)    536    471 |        712        712       1160        864       1024        520       1008       1384        896
  6.00   576 (                J_hi)    544 (    b_lo*J_hi*tau6+h10)    544    478 |        728        728       1176        872       1016        520       1016       1400        912
  6.25   592 (                J_hi)    552 (    b_lo*J_hi*tau6+h10)    552    485 |        744        744       1184        880       1016        520       1024       1408        920
  6.50   608 (                J_hi)    560 (    b_lo*J_hi*tau6+h10)    560    492 |        760        760       1192        880       1016        528       1032       1424        936
  6.75   624 (                J_hi)    568 (    b_lo*J_hi*tau6+h10)    568    499 |        776        776       1208        888       1016        528       1048       1432        944
  7.00   632 (                J_hi)    576 (    b_lo*J_hi*tau6+h10)    576    506 |        792        792       1216        896       1016        528       1056       1448        952
  7.25   648 (                J_hi)    584 (    b_lo*J_hi*tau6+h10)    584    513 |        808        808       1224        904       1016        528       1064       1456        968
  7.50   664 (                J_hi)    592 (    b_lo*J_hi*tau6+h10)    592    520 |        816        816       1240        912       1016        528       1072       1472        976
  7.75   672 (                J_hi)    600 (    b_lo*J_hi*tau6+h10)    600    527 |        832        832       1248        920       1016        536       1080       1480        992
  8.00   688 (                J_hi)    608 (    b_lo*J_hi*tau6+h10)    608    534 |        840        840       1256        928       1016          0       1088       1496       1000
  8.25   696 (                J_hi)    616 (    b_lo*J_hi*tau6+h10)    616    541 |        808        808       1320        952        872          0       1144       1576       1008
  8.50   696 (                J_hi)    616 (    b_lo*J_hi*tau6+h10)    616    541 |        776        776       1384        984        752          0       1200       1656       1024
  8.75   704 (                J_hi)    624 (    b_lo*J_hi*tau6+h10)    624    548 |        744        744       1448       1008        656          0       1248       1736       1032
  9.00   712 (                J_hi)    632 (    b_lo*J_hi*tau6+h10)    632    555 |        712        712       1512       1032        584          0       1304       1816       1048
  9.25   712 (                J_hi)    632 (         J1.0*tau6+h10)    632    555 |        680        680       1576       1056        528          0       1360       1896       1056
  9.50   720 (                J_hi)    616 (         J1.0*tau6+h10)    616    541 |        648        648       1640       1088        480          0       1416       1976       1072
  9.75   728 (                J_hi)    592 (         J1.0*tau6+h10)    592    520 |        624        624       1704       1112        440          0       1472       2064       1080
 10.00   728 (                J_hi)    544 (        b/1.9*J_hi+h10)    544    478 |        592        592       1768       1136        408          0       1184       2144       1096
 10.25   736 (                J_hi)    544 (    b_lo*J_hi*tau6+h10)    544    478 |        560        560       1832       1160        376          0       1224       2232       1104
 10.50   744 (                J_hi)    544 (         J1.0*tau6+h10)    544    478 |        536        536       1896       1192        352          0       1272       2312       1120
 10.75   744 (                J_hi)    528 (         J1.0*tau6+h10)    528    464 |        504        504       1960       1216        336          0       1312       2400       1128
 11.00   752 (                J_hi)    512 (         J1.0*tau6+h10)    512    450 |        480        480       2024       1240        312          0       1352       2480       1144
 11.25   752 (                J_hi)    488 (         J1.0*tau6+h10)    488    429 |        456        456       2088       1272        304          0       1400       2568       1152
 11.50   760 (                J_hi)    472 (         J1.0*tau6+h10)    472    415 |        432        432       2152       1296        288          0       1440       2656       1168
 11.75   768 (                J_hi)    456 (         J1.0*tau6+h10)    456    401 |        408        408       2216       1320        272          0       1480       2744       1176
 11.90   768 (                J_hi)    448 (         J1.0*tau6+h10)    448    394 |        392        392       2256       1336        264          0       1512       2792       1184
 12.00   800 (                J_hi)    472 (         J1.0*tau6+h10)    472    415 |        416        416       2312       1376        280          0       1552       2872       1232
 12.25   896 (                J_hi)    536 (         J1.0*tau6+h10)    536    471 |        472        472       2472       1464        320          0       1656       3072       1360
 12.50   984 (                J_hi)    344 (          b_q*J1.0+h10)    344    302 |        528        296       2624       1560        368          0       1768        920        464
 12.75  1072 (                J_hi)    360 (          b_q*J1.0+h10)    360    316 |        592        312       2784       1656        408          0       1872        976        488
 13.00  1168 (                J_hi)    368 (          b_q*J1.0+h10)    368    323 |        656        328       2944       1752        456          0       1984       1024        520
 13.25  1264 (                J_hi)    384 (          b_q*J1.0+h10)    384    338 |        728        336       3104       1848        512          0       2104       1080        552
 13.50  1360 (                J_hi)    400 (          b_q*J1.0+h10)    400    352 |        792        352       3264       1952        568          0       2216       1136        584
 13.75  1456 (                J_hi)    408 (          b_q*J1.0+h10)    408    359 |        864        360       3424       2048        624          0       2336       1192        616
 14.00  1560 (                J_hi)    424 (          b_q*J1.0+h10)    424    373 |        944        376       3584       2152        688          0       2456       1248        656
 14.25  1656 (                J_hi)    432 (          b_q*J1.0+h10)    432    380 |       1016        384       3752       2248        752          0       2576       1304        688
 14.50  1760 (                J_hi)    440 (          b_q*J1.0+h10)    440    387 |       1096        400       3920       2352        816          0       2696       1368        720
 14.75  1864 (                J_hi)    456 (          b_q*J1.0+h10)    456    401 |       1176        408       4080       2456        888          0       2816       1424        752
 15.00  1968 (                J_hi)    464 (          b_q*J1.0+h10)    464    408 |       1264        416       4248       2560        960          0       2944       1488        792
 15.25  2072 (                J_hi)    472 (          b_q*J1.0+h10)    472    415 |       1344        432       4416       2672       1040          0       3072       1552        824
 15.50  2184 (                J_hi)    480 (          b_q*J1.0+h10)    480    422 |       1432        440       4584       2776       1120          0       3200       1608        864
 15.75  2288 (                J_hi)    504 (          b_q*J1.0+h10)    504    443 |       1520        448       4752       2880       1208          0       3328       1672        896
 16.00  2400 (                J_hi)    528 (          b_q*J1.0+h10)    528    464 |       1616        472       4920       2992       1288          0       3456       1744        936
 16.25  2512 (                J_hi)    552 (          b_q*J1.0+h10)    552    485 |       1704        488       5088       3096       1384          0       3584       1808        976
 16.50  2624 (                J_hi)    568 (          b_q*J1.0+h10)    568    499 |       1800        512       5256       3208       1480          0       3720       1872       1008
 16.75  2736 (                J_hi)    592 (          b_q*J1.0+h10)    592    520 |       1896        536       5424       3312       1576          0       3848       1944       1048
 17.00  2848 (                J_hi)    616 (          b_q*J1.0+h10)    616    541 |       1992        560       5600       3424       1680          0       3984       2008       1088
 17.25  2872 (                J_hi)    632 (          b_q*J1.0+h10)    632    555 |       2048        568       5616       3440       1728          0       4000       2016       1096
 17.50  2896 (                J_hi)    640 (          b_q*J1.0+h10)    640    562 |       2104        576       5640       3448       1784          0       4024       2024       1104
 17.75  2912 (                J_hi)    648 (          b_q*J1.0+h10)    648    570 |       2160        584       5664       3464       1832          0       4040       2032       1120
 18.00  2936 (                J_hi)    656 (          b_q*J1.0+h10)    656    577 |       2216        600       5688       3472       1896          0       4056       2040       1128
 18.25  2960 (                J_hi)    664 (          b_q*J1.0+h10)    664    584 |       2264        608       5704       3488       1952          0       4072       2048       1136
 18.50  2976 (                J_hi)    672 (          b_q*J1.0+h10)    672    591 |       2320        616       5728       3496       2008          0       4088       2056       1144
 18.75  3000 (                J_hi)    680 (          b_q*J1.0+h10)    680    598 |       2376        624       5744       3512       2072          0       4104       2064       1160
 19.00  3016 (                J_hi)    688 (          b_q*J1.0+h10)    688    605 |       2432        632       5768       3520       2136          0       4120       2072       1168
 19.25  3032 (                J_hi)    696 (          b_q*J1.0+h10)    696    612 |       2488        640       5792       3528       2208          0       4136       2080       1176
 19.50  3056 (                J_hi)    704 (          b_q*J1.0+h10)    704    619 |       2544        656       5808       3544       2280          0       4152       2088       1184
 19.75  3072 (                J_hi)    712 (          b_q*J1.0+h10)    712    626 |       2600        664       5832       3552       2352          0       4168       2096       1192
 20.00  3088 (                J_hi)    720 (          b_q*J1.0+h10)    720    633 |       2656        672       5848       3568       2424          0       4184       2104       1200
 20.25  3104 (                J_hi)    728 (          b_q*J1.0+h10)    728    640 |       2720        680       5872       3576       2504          0       4200       2104       1216
 20.50  3120 (                J_hi)    736 (          b_q*J1.0+h10)    736    647 |       2776        688       5888       3584       2584          0       4216       2112       1224
 20.75  3144 (                J_hi)    744 (          b_q*J1.0+h10)    744    654 |       2832        696       5912       3600       2672          0       4232       2120       1232
 21.00  3160 (                J_hi)    752 (          b_q*J1.0+h10)    752    661 |       2888        704       5928       3608       2760          0       4248       2128       1240
 21.25  3168 (                J_hi)    760 (          b_q*J1.0+h10)    760    668 |       2952        720       5952       3616       2848          0       4264       2136       1248
 21.50  3184 (                J_hi)    768 (          b_q*J1.0+h10)    768    675 |       3008        728       5968       3632       2944          0       4280       2144       1256
 21.75  3192 (                b_lo)    776 (          b_q*J1.0+h10)    776    682 |       3064        736       5992       3640       3048          0       4296       2152       1264
 22.00  3200 (                b_lo)    784 (          b_q*J1.0+h10)    784    689 |       3128        744       6000       3648       3152          0       4312       2152       1280
 22.25  3200 (                b_lo)    792 (          b_q*J1.0+h10)    792    696 |       3184        752       6000       3656       3256          0       4328       2160       1288
 22.50  3208 (                b_lo)    800 (          b_q*J1.0+h10)    800    703 |       3248        760       6000       3672       3368          0       4344       2168       1296
 22.75  3208 (                b_lo)    808 (          b_q*J1.0+h10)    808    710 |       3304        768       6000       3680       3488          0       4360       2176       1304
 23.00  3216 (                b_lo)    816 (          b_q*J1.0+h10)    816    717 |       3368        776       6000       3688       3608          0       4376       2184       1312
 23.25  3216 (                b_lo)    824 (          b_q*J1.0+h10)    824    724 |       3432        784       6000       3696       3736          0       4384       2184       1320
 23.50  3216 (                b_lo)    832 (          b_q*J1.0+h10)    832    731 |       3488        800       6000       3712       3872          0       4400       2192       1328
 23.75  3224 (                b_lo)    840 (          b_q*J1.0+h10)    840    738 |       3552        808       6000       3720       4008          0       4416       2200       1336
 24.00  3224 (                b_lo)    848 (          b_q*J1.0+h10)    848    745 |       3616        816       6000       3728       4160          0       4432       2208       1344
 24.25  3224 (                b_lo)    856 (          b_q*J1.0+h10)    856    752 |       3672        824       6000       3736       4312          0       4448       2216       1352
 24.50  3224 (                b_lo)    864 (          b_q*J1.0+h10)    864    759 |       3736        832       6000       3744       4472          0       4456       2216       1360
 24.75  3232 (                b_lo)    872 (          b_q*J1.0+h10)    872    766 |       3800        840       6000       3752       4632          0       4472       2224       1368
 25.00  3232 (                b_lo)    880 (          b_q*J1.0+h10)    880    773 |       3864        848       6000       3760       4808          0       4488       2232       1376
 25.25  3232 (                b_lo)    880 (          b_q*J1.0+h10)    880    773 |       3928        856       6000       3776       4992          0       4504       2232       1384
 25.50  3232 (                b_lo)    888 (          b_q*J1.0+h10)    888    780 |       3992        864       6000       3784       5184          0       4520       2240       1392
 25.75  3232 (                b_lo)    896 (          b_q*J1.0+h10)    896    788 |       4056        872       6000       3792       5384          0       4528       2248       1400
 26.00  3232 (                b_lo)    904 (          b_q*J1.0+h10)    904    795 |       4120        880       6000       3800       5600          0       4544       2256       1408
 26.25  3240 (                b_lo)    912 (          b_q*J1.0+h10)    912    802 |       4184        888       6000       3808       5824          0       4560       2256       1416
 26.50  3240 (                b_lo)    920 (          b_q*J1.0+h10)    920    809 |       4248        896       6000       3816       6000          0       4568       2264       1424
 26.75  3240 (                b_lo)    920 (          b_q*J1.0+h10)    920    809 |       4312        904       6000       3824       6000          0       4584       2272       1432
 26.90  3240 (                b_lo)    928 (          b_q*J1.0+h10)    928    816 |       4352        912       6000       3824       6000          0       4592       2272       1440
 27.00  3240 (                b_lo)    928 (          b_q*J1.0+h10)    928    816 |       4352        912       6000       3824       6000          0       4592       2272       1440
 27.25  3240 (                b_lo)    928 (          b_q*J1.0+h10)    928    816 |       4352        912       6000       3824       6000          0       4592       2272       1440
 27.50  3240 (                b_lo)    928 (          b_q*J1.0+h10)    928    816 |       4352        912       6000       3824       6000          0       4592       2272       1440
 27.75  3240 (                b_lo)    928 (          b_q*J1.0+h10)    928    816 |       4352        912       6000       3824       6000          0       4592       2272       1440
 28.00  3240 (                b_lo)    928 (          b_q*J1.0+h10)    928    816 |       4352        912       6000       3824       6000          0       4592       2272       1440
 28.25  3240 (                b_lo)    928 (          b_q*J1.0+h10)    928    816 |       4352        912       6000       3824       6000          0       4592       2272       1440
 28.50  3240 (                b_lo)    928 (          b_q*J1.0+h10)    928    816 |       4352        912       6000       3824       6000          0       4592       2272       1440
 28.75  3240 (                b_lo)    928 (          b_q*J1.0+h10)    928    816 |       4352        912       6000       3824       6000          0       4592       2272       1440
 29.00  3240 (                b_lo)    928 (          b_q*J1.0+h10)    928    816 |       4352        912       6000       3824       6000          0       4592       2272       1440
 29.25  3240 (                b_lo)    928 (          b_q*J1.0+h10)    928    816 |       4352        912       6000       3824       6000          0       4592       2272       1440
 29.50  3240 (                b_lo)    928 (          b_q*J1.0+h10)    928    816 |       4352        912       6000       3824       6000          0       4592       2272       1440
 29.75  3240 (                b_lo)    928 (          b_q*J1.0+h10)    928    816 |       4352        912       6000       3824       6000          0       4592       2272       1440
 30.00  3240 (                b_lo)    928 (          b_q*J1.0+h10)    928    816 |       4352        912       6000       3824       6000          0       4592       2272       1440
 30.25  3240 (                b_lo)    928 (          b_q*J1.0+h10)    928    816 |       4352        912       6000       3824       6000          0       4592       2272       1440
 30.50  3240 (                b_lo)    928 (          b_q*J1.0+h10)    928    816 |       4352        912       6000       3824       6000          0       4592       2272       1440
 30.75  3240 (                b_lo)    928 (          b_q*J1.0+h10)    928    816 |       4352        912       6000       3824       6000          0       4592       2272       1440
 31.00  3240 (                b_lo)    928 (          b_q*J1.0+h10)    928    816 |       4352        912       6000       3824       6000          0       4592       2272       1440
 31.25  3240 (                b_lo)    928 (          b_q*J1.0+h10)    928    816 |       4352        912       6000       3824       6000          0       4592       2272       1440
 31.50  3240 (                b_lo)    928 (          b_q*J1.0+h10)    928    816 |       4352        912       6000       3824       6000          0       4592       2272       1440
 31.75  3240 (                b_lo)    928 (          b_q*J1.0+h10)    928    816 |       4352        912       6000       3824       6000          0       4592       2272       1440
 32.00  3240 (                b_lo)    928 (          b_q*J1.0+h10)    928    816 |       4352        912       6000       3824       6000          0       4592       2272       1440
 32.25  3240 (                b_lo)    928 (          b_q*J1.0+h10)    928    816 |       4352        912       6000       3824       6000          0       4592       2272       1440
 32.50  3240 (                b_lo)    928 (          b_q*J1.0+h10)    928    816 |       4352        912       6000       3824       6000          0       4592       2272       1440
 32.75  3240 (                b_lo)    928 (          b_q*J1.0+h10)    928    816 |       4352        912       6000       3824       6000          0       4592       2272       1440
 33.00  3240 (                b_lo)    928 (          b_q*J1.0+h10)    928    816 |       4352        912       6000       3824       6000          0       4592       2272       1440
 33.25  3240 (                b_lo)    928 (          b_q*J1.0+h10)    928    816 |       4352        912       6000       3824       6000          0       4592       2272       1440
 33.50  3240 (                b_lo)    928 (          b_q*J1.0+h10)    928    816 |       4352        912       6000       3824       6000          0       4592       2272       1440
 33.75  3240 (                b_lo)    928 (          b_q*J1.0+h10)    928    816 |       4352        912       6000       3824       6000          0       4592       2272       1440
 34.00  3240 (                b_lo)    928 (          b_q*J1.0+h10)    928    816 |       4352        912       6000       3824       6000          0       4592       2272       1440
 34.25  3240 (                b_lo)    928 (          b_q*J1.0+h10)    928    816 |       4352        912       6000       3824       6000          0       4592       2272       1440
 34.50  3240 (                b_lo)    928 (          b_q*J1.0+h10)    928    816 |       4352        912       6000       3824       6000          0       4592       2272       1440
 34.75  3240 (                b_lo)    928 (          b_q*J1.0+h10)    928    816 |       4352        912       6000       3824       6000          0       4592       2272       1440
 35.00  3240 (                b_lo)    928 (          b_q*J1.0+h10)    928    816 |       4352        912       6000       3824       6000          0       4592       2272       1440