# c1r2_design_G.py kd 22 ki_base 150 kp_base 225: G_max per member (Kp_eff = 225*G/256); tier A PM >= 45, tier B PM >= 30 (incl. every +h10); 0 = fails at the first grid point
    v    envA (binding)                envB (binding)                env  Kp_eff |       J1.3   b_q*J1.3      tau10 b_lo*tau10    ms_free    light_b b/1.9 (G3a       b_q0  b_q0*J_hi
  1.00   432 (                J_hi)    448 (         J1.0*tau6+h10)    432    380 |        512        512       1184        880       1232        592       1048       1416        880
  1.25   432 (                J_hi)    448 (         J1.0*tau6+h10)    432    380 |        512        512       1184        880       1232        592       1048       1416        880
  1.50   432 (                J_hi)    448 (         J1.0*tau6+h10)    432    380 |        512        512       1184        880       1232        592       1048       1416        880
  1.75   432 (                J_hi)    448 (         J1.0*tau6+h10)    432    380 |        512        512       1184        880       1232        592       1048       1416        880
  2.00   432 (                J_hi)    448 (         J1.0*tau6+h10)    432    380 |        512        512       1184        880       1232        592       1048       1416        880
  2.25   432 (                J_hi)    448 (         J1.0*tau6+h10)    432    380 |        512        512       1184        880       1232        592       1048       1416        880
  2.50   432 (                J_hi)    448 (         J1.0*tau6+h10)    432    380 |        512        512       1184        880       1232        592       1048       1416        880
  2.75   432 (                J_hi)    448 (         J1.0*tau6+h10)    432    380 |        512        512       1184        880       1232        592       1048       1416        880
  3.00   432 (                J_hi)    448 (         J1.0*tau6+h10)    432    380 |        512        512       1184        880       1232        592       1048       1416        880
  3.10   432 (                J_hi)    448 (         J1.0*tau6+h10)    432    380 |        512        512       1184        880       1232        592       1048       1416        880
  3.25   456 (                J_hi)    464 (         J1.0*tau6+h10)    456    401 |        536        536       1184        888       1232        592       1056       1424        896
  3.50   488 (                J_hi)    496 (         J1.0*tau6+h10)    488    429 |        568        568       1200        896       1216        592       1064       1440        904
  3.75   512 (                J_hi)    528 (         J1.0*tau6+h10)    512    450 |        608        608       1208        904       1208        600       1072       1448        920
  4.00   536 (                J_hi)    552 (         J1.0*tau6+h10)    536    471 |        632        632       1216        912       1200        600       1080       1464        936
  4.25   560 (                J_hi)    568 (    b_lo*J_hi*tau6+h10)    560    492 |        664        664       1232        920       1192        600       1088       1472        952
  4.50   584 (                J_hi)    576 (    b_lo*J_hi*tau6+h10)    576    506 |        688        688       1240        928       1184        600       1096       1488        968
  4.75   600 (                J_hi)    584 (    b_lo*J_hi*tau6+h10)    584    513 |        712        712       1248        936       1184        600       1104       1496        976
  5.00   616 (                J_hi)    592 (    b_lo*J_hi*tau6+h10)    592    520 |        736        736       1264        944       1176        600       1112       1512        992
  5.25   632 (                J_hi)    600 (    b_lo*J_hi*tau6+h10)    600    527 |        752        752       1272        944       1168        608       1120       1520       1000
  5.50   648 (                J_hi)    608 (    b_lo*J_hi*tau6+h10)    608    534 |        776        776       1280        952       1168        608       1128       1536       1016
  5.75   664 (                J_hi)    616 (    b_lo*J_hi*tau6+h10)    616    541 |        792        792       1288        960       1160        608       1144       1544       1024
  6.00   680 (                J_hi)    624 (    b_lo*J_hi*tau6+h10)    624    548 |        808        808       1304        968       1160          0       1152       1560       1040
  6.25   696 (                J_hi)    632 (    b_lo*J_hi*tau6+h10)    632    555 |        824        824       1312        976       1152          0       1160       1568       1048
  6.50   712 (                J_hi)    640 (    b_lo*J_hi*tau6+h10)    640    562 |        840        840       1320        984       1152          0       1168       1584       1064
  6.75   720 (                J_hi)    648 (    b_lo*J_hi*tau6+h10)    648    570 |        856        856       1336        992       1152          0       1176       1592       1072
  7.00   736 (                J_hi)    656 (    b_lo*J_hi*tau6+h10)    656    577 |        872        872       1344       1000       1152          0       1184       1608       1080
  7.25   744 (                J_hi)    664 (    b_lo*J_hi*tau6+h10)    664    584 |        888        888       1352       1008       1144          0       1192       1616       1096
  7.50   760 (                J_hi)    672 (    b_lo*J_hi*tau6+h10)    672    591 |        896        896       1360       1008       1144          0       1200       1624       1104
  7.75   768 (                J_hi)    680 (    b_lo*J_hi*tau6+h10)    680    598 |        912        912       1376       1016       1144          0       1208       1640       1112
  8.00   784 (                J_hi)    688 (    b_lo*J_hi*tau6+h10)    688    605 |        920        920       1384       1024       1144          0       1216       1648       1120
  8.25   792 (                J_hi)    688 (    b_lo*J_hi*tau6+h10)    688    605 |        888        888       1448       1056        984          0       1272       1736       1136
  8.50   800 (                J_hi)    696 (    b_lo*J_hi*tau6+h10)    696    612 |        856        856       1520       1080        856          0       1328       1816       1152
  8.75   800 (                J_hi)    704 (    b_lo*J_hi*tau6+h10)    704    619 |        816        816       1584       1112        752          0       1392       1904       1160
  9.00   808 (                J_hi)    712 (    b_lo*J_hi*tau6+h10)    712    626 |        784        784       1656       1136        664          0       1448       1992       1176
  9.25   816 (                J_hi)    704 (         J1.0*tau6+h10)    704    619 |        752        752       1720       1168        600          0       1504       2080       1184
  9.50   824 (                J_hi)    680 (         J1.0*tau6+h10)    680    598 |        720        720       1784       1192        544          0       1568       2160       1200
  9.75   832 (                J_hi)    664 (         J1.0*tau6+h10)    664    584 |        688        688       1856       1216        496          0       1624       2248       1216
 10.00   832 (                J_hi)    616 (    b_lo*J_hi*tau6+h10)    616    541 |        656        656       1920       1248        456          0       1320       2336       1224
 10.25   840 (                J_hi)    624 (         J1.0*tau6+h10)    624    548 |        624        624       1984       1272        424          0       1360       2424       1240
 10.50   848 (                J_hi)    608 (         J1.0*tau6+h10)    608    534 |        600        600       2056       1304        400          0       1408       2512       1248
 10.75   856 (                J_hi)    592 (         J1.0*tau6+h10)    592    520 |        568        568       2120       1328        376          0       1448       2600       1264
 11.00   856 (                J_hi)    568 (         J1.0*tau6+h10)    568    499 |        544        544       2192       1360        352          0       1496       2688       1280
 11.25   864 (                J_hi)    552 (         J1.0*tau6+h10)    552    485 |        512        512       2256       1392        336          0       1544       2776       1288
 11.50   872 (                J_hi)    536 (         J1.0*tau6+h10)    536    471 |        488        488       2320       1416        320          0       1592       2872       1304
 11.75   880 (                J_hi)    520 (         J1.0*tau6+h10)    520    457 |        456        456       2392       1448        304          0       1632       2960       1312
 11.90   880 (                J_hi)    512 (         J1.0*tau6+h10)    512    450 |        448        448       2432       1464        296          0       1664       3016       1320
 12.00   920 (                J_hi)    536 (         J1.0*tau6+h10)    536    471 |        464        464       2488       1496        312          0       1704       3096       1376
 12.25  1008 (                J_hi)    600 (         J1.0*tau6+h10)    600    527 |        528        528       2648       1592        360          0       1816       3296       1504
 12.50  1104 (                J_hi)    392 (          b_q*J1.0+h10)    392    345 |        592        344       2808       1688        400          0       1928       1024          0
 12.75  1192 (                J_hi)    408 (          b_q*J1.0+h10)    408    359 |        656        360       2968       1784        448          0       2040       1072          0
 13.00  1288 (                J_hi)    424 (          b_q*J1.0+h10)    424    373 |        728        368       3128       1888        504          0       2152       1128          0
 13.25  1392 (                J_hi)    432 (          b_q*J1.0+h10)    432    380 |        800        384       3288       1984        560          0       2272       1184        632
 13.50  1488 (                J_hi)    448 (          b_q*J1.0+h10)    448    394 |        872        400       3456       2088        616          0       2384       1240        664
 13.75  1584 (                J_hi)    464 (          b_q*J1.0+h10)    464    408 |        944        408       3616       2184        672          0       2504       1296        704
 14.00  1688 (                J_hi)    472 (          b_q*J1.0+h10)    472    415 |       1024        424       3784       2288        736          0       2632       1360        736
 14.25  1792 (                J_hi)    488 (          b_q*J1.0+h10)    488    429 |       1104        440       3952       2392        808          0       2752       1416        768
 14.50  1896 (                J_hi)    496 (          b_q*J1.0+h10)    496    436 |       1184        448       4120       2496        880          0       2880       1480        808
 14.75  2000 (                J_hi)    504 (          b_q*J1.0+h10)    504    443 |       1264        456       4280       2608        952          0       3000       1536        840
 15.00  2112 (                J_hi)    512 (          b_q*J1.0+h10)    512    450 |       1352        472       4448       2712       1032          0       3128       1600        872
 15.25  2216 (                J_hi)    528 (          b_q*J1.0+h10)    528    464 |       1440        480       4624       2816       1112          0       3256       1664        912
 15.50  2328 (                J_hi)    536 (          b_q*J1.0+h10)    536    471 |       1528        488       4792       2928       1192          0       3392       1728        952
 15.75  2440 (                J_hi)    552 (          b_q*J1.0+h10)    552    485 |       1624        504       4960       3032       1280          0       3520       1792        984
 16.00  2552 (                J_hi)    576 (          b_q*J1.0+h10)    576    506 |       1712        520       5128       3144       1368          0       3656       1864       1024
 16.25  2664 (                J_hi)    600 (          b_q*J1.0+h10)    600    527 |       1808        544       5296       3256       1464          0       3784       1928       1064
 16.50  2776 (                J_hi)    624 (          b_q*J1.0+h10)    624    548 |       1904        568       5472       3368       1560          0       3920       1992       1104
 16.75  2888 (                J_hi)    648 (          b_q*J1.0+h10)    648    570 |       2008        592       5640       3480       1664          0       4056       2064       1136
 17.00  3008 (                J_hi)    672 (          b_q*J1.0+h10)    672    591 |       2104        616       5816       3592       1768          0       4192       2136       1176
 17.25  3032 (                J_hi)    688 (          b_q*J1.0+h10)    688    605 |       2160        624       5840       3600       1824          0       4216       2144       1192
 17.50  3056 (                J_hi)    696 (          b_q*J1.0+h10)    696    612 |       2216        632       5856       3616       1880          0       4232       2152       1200
 17.75  3080 (                J_hi)    704 (          b_q*J1.0+h10)    704    619 |       2272        648       5880       3624       1936          0       4248       2160       1208
 18.00  3096 (                J_hi)    712 (          b_q*J1.0+h10)    712    626 |       2328        656       5904       3640       1992          0       4264       2168       1224
 18.25  3120 (                J_hi)    720 (          b_q*J1.0+h10)    720    633 |       2384        664       5928       3656       2056          0       4288       2176       1232
 18.50  3144 (                J_hi)    728 (          b_q*J1.0+h10)    728    640 |       2440        672       5944       3664       2120          0       4304       2184       1240
 18.75  3168 (                J_hi)    736 (          b_q*J1.0+h10)    736    647 |       2504        688       5968       3680       2184          0       4320       2192       1248
 19.00  3184 (                J_hi)    744 (          b_q*J1.0+h10)    744    654 |       2560        696       5992       3688       2256          0       4336       2200       1264
 19.25  3208 (                J_hi)    760 (          b_q*J1.0+h10)    760    668 |       2616        704       6000       3704       2320          0       4352       2208       1272
 19.50  3224 (                J_hi)    768 (          b_q*J1.0+h10)    768    675 |       2672        712       6000       3712       2392          0       4376       2224       1280
 19.75  3248 (                J_hi)    776 (          b_q*J1.0+h10)    776    682 |       2736        720       6000       3728       2472          0       4392       2232       1296
 20.00  3264 (                J_hi)    784 (          b_q*J1.0+h10)    784    689 |       2792        736       6000       3736       2552          0       4408       2240       1304
 20.25  3288 (                J_hi)    792 (          b_q*J1.0+h10)    792    696 |       2856        744       6000       3752       2632          0       4424       2248       1312
 20.50  3304 (                J_hi)    800 (          b_q*J1.0+h10)    800    703 |       2912        752       6000       3760       2720          0       4440       2256       1320
 20.75  3320 (                J_hi)    808 (          b_q*J1.0+h10)    808    710 |       2976        760       6000       3776       2808          0       4456       2264       1328
 21.00  3344 (                J_hi)    816 (          b_q*J1.0+h10)    816    717 |       3032        768       6000       3784       2896          0       4472       2272       1344
 21.25  3360 (                J_hi)    824 (          b_q*J1.0+h10)    824    724 |       3096        784       6000       3792       2992          0       4488       2272       1352
 21.50  3376 (                J_hi)    832 (          b_q*J1.0+h10)    832    731 |       3152        792       6000       3808       3096          0       4504       2280       1360
 21.75  3392 (                J_hi)    840 (          b_q*J1.0+h10)    840    738 |       3216        800       6000       3816       3200          0       4520       2288       1368
 22.00  3392 (                b_lo)    848 (          b_q*J1.0+h10)    848    745 |       3280        808       6000       3832       3304          0       4536       2296       1376
 22.25  3400 (                b_lo)    856 (          b_q*J1.0+h10)    856    752 |       3336        816       6000       3840       3416          0       4552       2304       1392
 22.50  3400 (                b_lo)    864 (          b_q*J1.0+h10)    864    759 |       3400        824       6000       3848       3536          0       4576       2312       1400
 22.75  3408 (                b_lo)    872 (          b_q*J1.0+h10)    872    766 |       3464        840       6000       3864       3656          0       4592       2320       1408
 23.00  3408 (                b_lo)    880 (          b_q*J1.0+h10)    880    773 |       3528        848       6000       3872       3784          0       4608       2328       1416
 23.25  3416 (                b_lo)    888 (          b_q*J1.0+h10)    888    780 |       3592        856       6000       3880       3912          0       4616       2336       1424
 23.50  3416 (                b_lo)    896 (          b_q*J1.0+h10)    896    788 |       3648        864       6000       3896       4048          0       4632       2344       1432
 23.75  3424 (                b_lo)    904 (          b_q*J1.0+h10)    904    795 |       3712        872       6000       3904       4192          0       4648       2352       1448
 24.00  3424 (                b_lo)    912 (          b_q*J1.0+h10)    912    802 |       3776        880       6000       3912       4344          0       4664       2352       1456
 24.25  3432 (                b_lo)    920 (          b_q*J1.0+h10)    920    809 |       3840        888       6000       3920       4504          0       4680       2360       1464
 24.50  3432 (                b_lo)    928 (          b_q*J1.0+h10)    928    816 |       3904        896       6000       3936       4664          0       4696       2368       1472
 24.75  3432 (                b_lo)    936 (          b_q*J1.0+h10)    936    823 |       3976        912       6000       3944       4840          0       4712       2376       1480
 25.00  3440 (                b_lo)    944 (          b_q*J1.0+h10)    944    830 |       4040        920       6000       3952       5016          0       4728       2384       1488
 25.25  3440 (                b_lo)    952 (          b_q*J1.0+h10)    952    837 |       4104        928       6000       3960       5208          0       4744       2392       1496
 25.50  3440 (                b_lo)    960 (          b_q*J1.0+h10)    960    844 |       4168        936       6000       3968       5408          0       4760       2392       1504
 25.75  3448 (                b_lo)    968 (          b_q*J1.0+h10)    968    851 |       4232        944       6000       3984       5608          0       4776       2400       1520
 26.00  3448 (                b_lo)    976 (          b_q*J1.0+h10)    976    858 |       4304        952       6000       3992       5832          0       4784       2408       1528
 26.25  3448 (                b_lo)    984 (          b_q*J1.0+h10)    984    865 |       4368        960       6000       4000       6000          0       4800       2416       1536
 26.50  3448 (                b_lo)    992 (          b_q*J1.0+h10)    992    872 |       4432        968       6000       4008       6000          0       4816       2424       1544
 26.75  3448 (                b_lo)    992 (          b_q*J1.0+h10)    992    872 |       4504        976       6000       4016       6000          0       4832       2424       1552
 26.90  3456 (                b_lo)   1000 (          b_q*J1.0+h10)   1000    879 |       4544        984       6000       4024       6000          0       4840       2432       1552
 27.00  3456 (                b_lo)   1000 (          b_q*J1.0+h10)   1000    879 |       4544        984       6000       4024       6000          0       4840       2432       1552
 27.25  3456 (                b_lo)   1000 (          b_q*J1.0+h10)   1000    879 |       4544        984       6000       4024       6000          0       4840       2432       1552
 27.50  3456 (                b_lo)   1000 (          b_q*J1.0+h10)   1000    879 |       4544        984       6000       4024       6000          0       4840       2432       1552
 27.75  3456 (                b_lo)   1000 (          b_q*J1.0+h10)   1000    879 |       4544        984       6000       4024       6000          0       4840       2432       1552
 28.00  3456 (                b_lo)   1000 (          b_q*J1.0+h10)   1000    879 |       4544        984       6000       4024       6000          0       4840       2432       1552
 28.25  3456 (                b_lo)   1000 (          b_q*J1.0+h10)   1000    879 |       4544        984       6000       4024       6000          0       4840       2432       1552
 28.50  3456 (                b_lo)   1000 (          b_q*J1.0+h10)   1000    879 |       4544        984       6000       4024       6000          0       4840       2432       1552
 28.75  3456 (                b_lo)   1000 (          b_q*J1.0+h10)   1000    879 |       4544        984       6000       4024       6000          0       4840       2432       1552
 29.00  3456 (                b_lo)   1000 (          b_q*J1.0+h10)   1000    879 |       4544        984       6000       4024       6000          0       4840       2432       1552
 29.25  3456 (                b_lo)   1000 (          b_q*J1.0+h10)   1000    879 |       4544        984       6000       4024       6000          0       4840       2432       1552
 29.50  3456 (                b_lo)   1000 (          b_q*J1.0+h10)   1000    879 |       4544        984       6000       4024       6000          0       4840       2432       1552
 29.75  3456 (                b_lo)   1000 (          b_q*J1.0+h10)   1000    879 |       4544        984       6000       4024       6000          0       4840       2432       1552
 30.00  3456 (                b_lo)   1000 (          b_q*J1.0+h10)   1000    879 |       4544        984       6000       4024       6000          0       4840       2432       1552
 30.25  3456 (                b_lo)   1000 (          b_q*J1.0+h10)   1000    879 |       4544        984       6000       4024       6000          0       4840       2432       1552
 30.50  3456 (                b_lo)   1000 (          b_q*J1.0+h10)   1000    879 |       4544        984       6000       4024       6000          0       4840       2432       1552
 30.75  3456 (                b_lo)   1000 (          b_q*J1.0+h10)   1000    879 |       4544        984       6000       4024       6000          0       4840       2432       1552
 31.00  3456 (                b_lo)   1000 (          b_q*J1.0+h10)   1000    879 |       4544        984       6000       4024       6000          0       4840       2432       1552
 31.25  3456 (                b_lo)   1000 (          b_q*J1.0+h10)   1000    879 |       4544        984       6000       4024       6000          0       4840       2432       1552
 31.50  3456 (                b_lo)   1000 (          b_q*J1.0+h10)   1000    879 |       4544        984       6000       4024       6000          0       4840       2432       1552
 31.75  3456 (                b_lo)   1000 (          b_q*J1.0+h10)   1000    879 |       4544        984       6000       4024       6000          0       4840       2432       1552
 32.00  3456 (                b_lo)   1000 (          b_q*J1.0+h10)   1000    879 |       4544        984       6000       4024       6000          0       4840       2432       1552
 32.25  3456 (                b_lo)   1000 (          b_q*J1.0+h10)   1000    879 |       4544        984       6000       4024       6000          0       4840       2432       1552
 32.50  3456 (                b_lo)   1000 (          b_q*J1.0+h10)   1000    879 |       4544        984       6000       4024       6000          0       4840       2432       1552
 32.75  3456 (                b_lo)   1000 (          b_q*J1.0+h10)   1000    879 |       4544        984       6000       4024       6000          0       4840       2432       1552
 33.00  3456 (                b_lo)   1000 (          b_q*J1.0+h10)   1000    879 |       4544        984       6000       4024       6000          0       4840       2432       1552
 33.25  3456 (                b_lo)   1000 (          b_q*J1.0+h10)   1000    879 |       4544        984       6000       4024       6000          0       4840       2432       1552
 33.50  3456 (                b_lo)   1000 (          b_q*J1.0+h10)   1000    879 |       4544        984       6000       4024       6000          0       4840       2432       1552
 33.75  3456 (                b_lo)   1000 (          b_q*J1.0+h10)   1000    879 |       4544        984       6000       4024       6000          0       4840       2432       1552
 34.00  3456 (                b_lo)   1000 (          b_q*J1.0+h10)   1000    879 |       4544        984       6000       4024       6000          0       4840       2432       1552
 34.25  3456 (                b_lo)   1000 (          b_q*J1.0+h10)   1000    879 |       4544        984       6000       4024       6000          0       4840       2432       1552
 34.50  3456 (                b_lo)   1000 (          b_q*J1.0+h10)   1000    879 |       4544        984       6000       4024       6000          0       4840       2432       1552
 34.75  3456 (                b_lo)   1000 (          b_q*J1.0+h10)   1000    879 |       4544        984       6000       4024       6000          0       4840       2432       1552
 35.00  3456 (                b_lo)   1000 (          b_q*J1.0+h10)   1000    879 |       4544        984       6000       4024       6000          0       4840       2432       1552