# c1r2_design_G.py kd 20 ki_base 150 kp_base 225: G_max per member (Kp_eff = 225*G/256); tier A PM >= 45, tier B PM >= 30 (incl. every +h10); 0 = fails at the first grid point
    v    envA (binding)                envB (binding)                env  Kp_eff |       J1.3   b_q*J1.3      tau10 b_lo*tau10    ms_free    light_b b/1.9 (G3a       b_q0  b_q0*J_hi
  1.00   352 (                J_hi)    408 (         J1.0*tau6+h10)    352    309 |        472        472       1112        832       1152        544        984       1336        808
  1.25   352 (                J_hi)    408 (         J1.0*tau6+h10)    352    309 |        472        472       1112        832       1152        544        984       1336        808
  1.50   352 (                J_hi)    408 (         J1.0*tau6+h10)    352    309 |        472        472       1112        832       1152        544        984       1336        808
  1.75   352 (                J_hi)    408 (         J1.0*tau6+h10)    352    309 |        472        472       1112        832       1152        544        984       1336        808
  2.00   352 (                J_hi)    408 (         J1.0*tau6+h10)    352    309 |        472        472       1112        832       1152        544        984       1336        808
  2.25   352 (                J_hi)    408 (         J1.0*tau6+h10)    352    309 |        472        472       1112        832       1152        544        984       1336        808
  2.50   352 (                J_hi)    408 (         J1.0*tau6+h10)    352    309 |        472        472       1112        832       1152        544        984       1336        808
  2.75   352 (                J_hi)    408 (         J1.0*tau6+h10)    352    309 |        472        472       1112        832       1152        544        984       1336        808
  3.00   352 (                J_hi)    408 (         J1.0*tau6+h10)    352    309 |        472        472       1112        832       1152        544        984       1336        808
  3.10   352 (                J_hi)    408 (         J1.0*tau6+h10)    352    309 |        472        472       1112        832       1152        544        984       1336        808
  3.25   376 (                J_hi)    424 (         J1.0*tau6+h10)    376    330 |        496        496       1120        832       1152        544        984       1344        816
  3.50   416 (                J_hi)    456 (         J1.0*tau6+h10)    416    366 |        528        528       1128        840       1136        552        992       1352        832
  3.75   448 (                J_hi)    480 (         J1.0*tau6+h10)    448    394 |        560        560       1144        848       1128        552       1008       1368        848
  4.00   472 (                J_hi)    504 (    b_lo*J_hi*tau6+h10)    472    415 |        592        592       1152        856       1128        552       1016       1384        864
  4.25   496 (                J_hi)    520 (    b_lo*J_hi*tau6+h10)    496    436 |        616        616       1160        864       1120        552       1024       1392        880
  4.50   520 (                J_hi)    528 (    b_lo*J_hi*tau6+h10)    520    457 |        648        648       1176        872       1112        560       1032       1408        896
  4.75   544 (                J_hi)    536 (    b_lo*J_hi*tau6+h10)    536    471 |        672        672       1184        880       1104        560       1040       1416        912
  5.00   560 (                J_hi)    552 (    b_lo*J_hi*tau6+h10)    552    485 |        696        696       1200        888       1104        560       1048       1432        920
  5.25   584 (                J_hi)    560 (    b_lo*J_hi*tau6+h10)    560    492 |        712        712       1208        896       1096        560       1056       1440        936
  5.50   600 (                J_hi)    568 (    b_lo*J_hi*tau6+h10)    568    499 |        736        736       1216        904       1096        560       1064       1456        952
  5.75   616 (                J_hi)    576 (    b_lo*J_hi*tau6+h10)    576    506 |        752        752       1232        912       1088        568       1072       1464        960
  6.00   632 (                J_hi)    584 (    b_lo*J_hi*tau6+h10)    584    513 |        768        768       1240        920       1088        568       1088       1480        976
  6.25   648 (                J_hi)    592 (    b_lo*J_hi*tau6+h10)    592    520 |        784        784       1248        928       1088        568       1096       1488        984
  6.50   656 (                J_hi)    600 (    b_lo*J_hi*tau6+h10)    600    527 |        800        800       1264        936       1088        568       1104       1504       1000
  6.75   672 (                J_hi)    608 (    b_lo*J_hi*tau6+h10)    608    534 |        816        816       1272        944       1080          0       1112       1512       1008
  7.00   688 (                J_hi)    616 (    b_lo*J_hi*tau6+h10)    616    541 |        832        832       1280        952       1080          0       1120       1528       1016
  7.25   696 (                J_hi)    624 (    b_lo*J_hi*tau6+h10)    624    548 |        848        848       1288        960       1080          0       1128       1536       1032
  7.50   712 (                J_hi)    632 (    b_lo*J_hi*tau6+h10)    632    555 |        856        856       1304        968       1080          0       1136       1552       1040
  7.75   720 (                J_hi)    640 (    b_lo*J_hi*tau6+h10)    640    562 |        872        872       1312        968       1080          0       1144       1560       1048
  8.00   736 (                J_hi)    648 (    b_lo*J_hi*tau6+h10)    648    570 |        880        880       1320        976       1080          0       1152       1576       1064
  8.25   744 (                J_hi)    648 (    b_lo*J_hi*tau6+h10)    648    570 |        848        848       1384       1008        928          0       1208       1656       1072
  8.50   744 (                J_hi)    656 (    b_lo*J_hi*tau6+h10)    656    577 |        816        816       1456       1032        800          0       1264       1736       1088
  8.75   752 (                J_hi)    664 (    b_lo*J_hi*tau6+h10)    664    584 |        784        784       1520       1056        704          0       1320       1816       1096
  9.00   760 (                J_hi)    672 (    b_lo*J_hi*tau6+h10)    672    591 |        744        744       1584       1088        624          0       1376       1904       1112
  9.25   768 (                J_hi)    664 (         J1.0*tau6+h10)    664    584 |        720        720       1648       1112        560          0       1432       1984       1120
  9.50   768 (                J_hi)    648 (         J1.0*tau6+h10)    648    570 |        688        688       1712       1136        512          0       1496       2072       1136
  9.75   776 (                J_hi)    632 (         J1.0*tau6+h10)    632    555 |        656        656       1776       1168        464          0       1552       2160       1144
 10.00   784 (                J_hi)    584 (        b/1.9*J_hi+h10)    584    513 |        624        624       1848       1192        432          0       1248       2240       1160
 10.25   784 (                J_hi)    584 (        b/1.9*J_hi+h10)    584    513 |        592        592       1912       1224        400          0       1296       2328       1168
 10.50   792 (                J_hi)    576 (         J1.0*tau6+h10)    576    506 |        568        568       1976       1248        376          0       1336       2416       1184
 10.75   800 (                J_hi)    560 (         J1.0*tau6+h10)    560    492 |        536        536       2040       1272        352          0       1384       2504       1200
 11.00   808 (                J_hi)    536 (         J1.0*tau6+h10)    536    471 |        512        512       2104       1304        336          0       1424       2584       1208
 11.25   808 (                J_hi)    520 (         J1.0*tau6+h10)    520    457 |        480        480       2168       1328        320          0       1472       2672       1224
 11.50   816 (                J_hi)    504 (         J1.0*tau6+h10)    504    443 |        456        456       2240       1360        304          0       1512       2760       1232
 11.75   824 (                J_hi)    488 (         J1.0*tau6+h10)    488    429 |        432        432       2304       1384        288          0       1560       2848       1248
 11.90   824 (                J_hi)    480 (         J1.0*tau6+h10)    480    422 |        416        416       2344       1400        280          0       1584       2904       1256
 12.00   856 (                J_hi)    504 (         J1.0*tau6+h10)    504    443 |        440        440       2400       1440        296          0       1632       2984       1304
 12.25   952 (                J_hi)    568 (         J1.0*tau6+h10)    568    499 |        496        496       2560       1528        336          0       1736       3184       1432
 12.50  1040 (                J_hi)    368 (          b_q*J1.0+h10)    368    323 |        560        320       2720       1624        384          0       1848        976        496
 12.75  1136 (                J_hi)    384 (          b_q*J1.0+h10)    384    338 |        624        336       2872       1720        432          0       1960       1024        528
 13.00  1232 (                J_hi)    392 (          b_q*J1.0+h10)    392    345 |        688        352       3032       1816        480          0       2072       1080        560
 13.25  1328 (                J_hi)    408 (          b_q*J1.0+h10)    408    359 |        760        360       3200       1920        536          0       2184       1136        592
 13.50  1424 (                J_hi)    424 (          b_q*J1.0+h10)    424    373 |        832        376       3360       2016        592          0       2304       1192        624
 13.75  1520 (                J_hi)    432 (          b_q*J1.0+h10)    432    380 |        904        384       3520       2120        648          0       2424       1248        664
 14.00  1624 (                J_hi)    448 (          b_q*J1.0+h10)    448    394 |        984        400       3688       2224        712          0       2544       1304        696
 14.25  1728 (                J_hi)    456 (          b_q*J1.0+h10)    456    401 |       1056        408       3848       2320        776          0       2664       1360        728
 14.50  1832 (                J_hi)    472 (          b_q*J1.0+h10)    472    415 |       1136        424       4016       2424        848          0       2784       1424        760
 14.75  1936 (                J_hi)    480 (          b_q*J1.0+h10)    480    422 |       1224        432       4184       2536        920          0       2912       1480        800
 15.00  2040 (                J_hi)    488 (          b_q*J1.0+h10)    488    429 |       1304        440       4352       2640        992          0       3040       1544        832
 15.25  2144 (                J_hi)    496 (          b_q*J1.0+h10)    496    436 |       1392        456       4520       2744       1072          0       3168       1608        872
 15.50  2256 (                J_hi)    512 (          b_q*J1.0+h10)    512    450 |       1480        464       4688       2848       1152          0       3296       1672        904
 15.75  2368 (                J_hi)    528 (          b_q*J1.0+h10)    528    464 |       1576        472       4856       2960       1240          0       3424       1736        944
 16.00  2472 (                J_hi)    552 (          b_q*J1.0+h10)    552    485 |       1664        496       5024       3064       1328          0       3552       1800        976
 16.25  2584 (                J_hi)    576 (          b_q*J1.0+h10)    576    506 |       1760        520       5192       3176       1424          0       3688       1864       1016
 16.50  2696 (                J_hi)    600 (          b_q*J1.0+h10)    600    527 |       1856        544       5368       3288       1520          0       3824       1936       1056
 16.75  2816 (                J_hi)    624 (          b_q*J1.0+h10)    624    548 |       1952        560       5536       3400       1616          0       3952       2000       1096
 17.00  2928 (                J_hi)    648 (          b_q*J1.0+h10)    648    570 |       2048        584       5704       3504       1720          0       4088       2072       1136
 17.25  2952 (                J_hi)    656 (          b_q*J1.0+h10)    656    577 |       2104        592       5728       3520       1776          0       4112       2080       1144
 17.50  2976 (                J_hi)    664 (          b_q*J1.0+h10)    664    584 |       2160        608       5752       3536       1832          0       4128       2088       1152
 17.75  2992 (                J_hi)    672 (          b_q*J1.0+h10)    672    591 |       2216        616       5776       3544       1888          0       4144       2096       1168
 18.00  3016 (                J_hi)    680 (          b_q*J1.0+h10)    680    598 |       2272        624       5792       3560       1944          0       4160       2104       1176
 18.25  3040 (                J_hi)    696 (          b_q*J1.0+h10)    696    612 |       2328        632       5816       3568       2000          0       4176       2112       1184
 18.50  3056 (                J_hi)    704 (          b_q*J1.0+h10)    704    619 |       2384        648       5840       3584       2064          0       4192       2120       1192
 18.75  3080 (                J_hi)    712 (          b_q*J1.0+h10)    712    626 |       2440        656       5856       3592       2128          0       4216       2128       1208
 19.00  3104 (                J_hi)    720 (          b_q*J1.0+h10)    720    633 |       2496        664       5880       3608       2192          0       4232       2136       1216
 19.25  3120 (                J_hi)    728 (          b_q*J1.0+h10)    728    640 |       2552        672       5904       3616       2264          0       4248       2144       1224
 19.50  3144 (                J_hi)    736 (          b_q*J1.0+h10)    736    647 |       2608        680       5920       3632       2336          0       4264       2152       1232
 19.75  3160 (                J_hi)    744 (          b_q*J1.0+h10)    744    654 |       2672        696       5944       3640       2408          0       4280       2160       1240
 20.00  3176 (                J_hi)    752 (          b_q*J1.0+h10)    752    661 |       2728        704       5968       3648       2488          0       4296       2168       1256
 20.25  3200 (                J_hi)    760 (          b_q*J1.0+h10)    760    668 |       2784        712       5984       3664       2568          0       4312       2176       1264
 20.50  3216 (                J_hi)    768 (          b_q*J1.0+h10)    768    675 |       2840        720       6000       3672       2648          0       4328       2184       1272
 20.75  3232 (                J_hi)    776 (          b_q*J1.0+h10)    776    682 |       2904        728       6000       3688       2736          0       4344       2192       1280
 21.00  3248 (                J_hi)    784 (          b_q*J1.0+h10)    784    689 |       2960        736       6000       3696       2832          0       4360       2200       1288
 21.25  3264 (                J_hi)    792 (          b_q*J1.0+h10)    792    696 |       3024        752       6000       3704       2920          0       4376       2208       1304
 21.50  3280 (                J_hi)    800 (          b_q*J1.0+h10)    800    703 |       3080        760       6000       3720       3016          0       4392       2216       1312
 21.75  3288 (                b_lo)    808 (          b_q*J1.0+h10)    808    710 |       3144        768       6000       3728       3120          0       4408       2224       1320
 22.00  3296 (                b_lo)    816 (          b_q*J1.0+h10)    816    717 |       3200        776       6000       3736       3224          0       4424       2224       1328
 22.25  3304 (                b_lo)    824 (          b_q*J1.0+h10)    824    724 |       3264        784       6000       3752       3336          0       4440       2232       1336
 22.50  3304 (                b_lo)    832 (          b_q*J1.0+h10)    832    731 |       3320        792       6000       3760       3448          0       4456       2240       1344
 22.75  3304 (                b_lo)    840 (          b_q*J1.0+h10)    840    738 |       3384        800       6000       3768       3568          0       4472       2248       1352
 23.00  3312 (                b_lo)    848 (          b_q*J1.0+h10)    848    745 |       3448        808       6000       3784       3696          0       4488       2256       1368
 23.25  3312 (                b_lo)    856 (          b_q*J1.0+h10)    856    752 |       3512        824       6000       3792       3824          0       4504       2264       1376
 23.50  3320 (                b_lo)    864 (          b_q*J1.0+h10)    864    759 |       3568        832       6000       3800       3960          0       4520       2272       1384
 23.75  3320 (                b_lo)    872 (          b_q*J1.0+h10)    872    766 |       3632        840       6000       3808       4104          0       4536       2272       1392
 24.00  3328 (                b_lo)    880 (          b_q*J1.0+h10)    880    773 |       3696        848       6000       3824       4248          0       4552       2280       1400
 24.25  3328 (                b_lo)    888 (          b_q*J1.0+h10)    888    780 |       3760        856       6000       3832       4408          0       4568       2288       1408
 24.50  3328 (                b_lo)    896 (          b_q*J1.0+h10)    896    788 |       3824        864       6000       3840       4568          0       4576       2296       1416
 24.75  3328 (                b_lo)    904 (          b_q*J1.0+h10)    904    795 |       3888        872       6000       3848       4736          0       4592       2304       1424
 25.00  3336 (                b_lo)    912 (          b_q*J1.0+h10)    912    802 |       3952        880       6000       3856       4912          0       4608       2304       1432
 25.25  3336 (                b_lo)    920 (          b_q*J1.0+h10)    920    809 |       4016        888       6000       3864       5104          0       4624       2312       1440
 25.50  3336 (                b_lo)    928 (          b_q*J1.0+h10)    928    816 |       4080        896       6000       3880       5296          0       4640       2320       1448
 25.75  3336 (                b_lo)    928 (          b_q*J1.0+h10)    928    816 |       4144        904       6000       3888       5496          0       4648       2328       1456
 26.00  3344 (                b_lo)    936 (          b_q*J1.0+h10)    936    823 |       4208        912       6000       3896       5712          0       4664       2328       1472
 26.25  3344 (                b_lo)    944 (          b_q*J1.0+h10)    944    830 |       4272        920       6000       3904       5944          0       4680       2336       1480
 26.50  3344 (                b_lo)    952 (          b_q*J1.0+h10)    952    837 |       4344        928       6000       3912       6000          0       4696       2344       1488
 26.75  3344 (                b_lo)    960 (          b_q*J1.0+h10)    960    844 |       4408        944       6000       3920       6000          0       4712       2344       1496
 26.90  3344 (                b_lo)    960 (          b_q*J1.0+h10)    960    844 |       4448        944       6000       3928       6000          0       4720       2352       1496
 27.00  3344 (                b_lo)    960 (          b_q*J1.0+h10)    960    844 |       4448        944       6000       3928       6000          0       4720       2352       1496
 27.25  3344 (                b_lo)    960 (          b_q*J1.0+h10)    960    844 |       4448        944       6000       3928       6000          0       4720       2352       1496
 27.50  3344 (                b_lo)    960 (          b_q*J1.0+h10)    960    844 |       4448        944       6000       3928       6000          0       4720       2352       1496
 27.75  3344 (                b_lo)    960 (          b_q*J1.0+h10)    960    844 |       4448        944       6000       3928       6000          0       4720       2352       1496
 28.00  3344 (                b_lo)    960 (          b_q*J1.0+h10)    960    844 |       4448        944       6000       3928       6000          0       4720       2352       1496
 28.25  3344 (                b_lo)    960 (          b_q*J1.0+h10)    960    844 |       4448        944       6000       3928       6000          0       4720       2352       1496
 28.50  3344 (                b_lo)    960 (          b_q*J1.0+h10)    960    844 |       4448        944       6000       3928       6000          0       4720       2352       1496
 28.75  3344 (                b_lo)    960 (          b_q*J1.0+h10)    960    844 |       4448        944       6000       3928       6000          0       4720       2352       1496
 29.00  3344 (                b_lo)    960 (          b_q*J1.0+h10)    960    844 |       4448        944       6000       3928       6000          0       4720       2352       1496
 29.25  3344 (                b_lo)    960 (          b_q*J1.0+h10)    960    844 |       4448        944       6000       3928       6000          0       4720       2352       1496
 29.50  3344 (                b_lo)    960 (          b_q*J1.0+h10)    960    844 |       4448        944       6000       3928       6000          0       4720       2352       1496
 29.75  3344 (                b_lo)    960 (          b_q*J1.0+h10)    960    844 |       4448        944       6000       3928       6000          0       4720       2352       1496
 30.00  3344 (                b_lo)    960 (          b_q*J1.0+h10)    960    844 |       4448        944       6000       3928       6000          0       4720       2352       1496
 30.25  3344 (                b_lo)    960 (          b_q*J1.0+h10)    960    844 |       4448        944       6000       3928       6000          0       4720       2352       1496
 30.50  3344 (                b_lo)    960 (          b_q*J1.0+h10)    960    844 |       4448        944       6000       3928       6000          0       4720       2352       1496
 30.75  3344 (                b_lo)    960 (          b_q*J1.0+h10)    960    844 |       4448        944       6000       3928       6000          0       4720       2352       1496
 31.00  3344 (                b_lo)    960 (          b_q*J1.0+h10)    960    844 |       4448        944       6000       3928       6000          0       4720       2352       1496
 31.25  3344 (                b_lo)    960 (          b_q*J1.0+h10)    960    844 |       4448        944       6000       3928       6000          0       4720       2352       1496
 31.50  3344 (                b_lo)    960 (          b_q*J1.0+h10)    960    844 |       4448        944       6000       3928       6000          0       4720       2352       1496
 31.75  3344 (                b_lo)    960 (          b_q*J1.0+h10)    960    844 |       4448        944       6000       3928       6000          0       4720       2352       1496
 32.00  3344 (                b_lo)    960 (          b_q*J1.0+h10)    960    844 |       4448        944       6000       3928       6000          0       4720       2352       1496
 32.25  3344 (                b_lo)    960 (          b_q*J1.0+h10)    960    844 |       4448        944       6000       3928       6000          0       4720       2352       1496
 32.50  3344 (                b_lo)    960 (          b_q*J1.0+h10)    960    844 |       4448        944       6000       3928       6000          0       4720       2352       1496
 32.75  3344 (                b_lo)    960 (          b_q*J1.0+h10)    960    844 |       4448        944       6000       3928       6000          0       4720       2352       1496
 33.00  3344 (                b_lo)    960 (          b_q*J1.0+h10)    960    844 |       4448        944       6000       3928       6000          0       4720       2352       1496
 33.25  3344 (                b_lo)    960 (          b_q*J1.0+h10)    960    844 |       4448        944       6000       3928       6000          0       4720       2352       1496
 33.50  3344 (                b_lo)    960 (          b_q*J1.0+h10)    960    844 |       4448        944       6000       3928       6000          0       4720       2352       1496
 33.75  3344 (                b_lo)    960 (          b_q*J1.0+h10)    960    844 |       4448        944       6000       3928       6000          0       4720       2352       1496
 34.00  3344 (                b_lo)    960 (          b_q*J1.0+h10)    960    844 |       4448        944       6000       3928       6000          0       4720       2352       1496
 34.25  3344 (                b_lo)    960 (          b_q*J1.0+h10)    960    844 |       4448        944       6000       3928       6000          0       4720       2352       1496
 34.50  3344 (                b_lo)    960 (          b_q*J1.0+h10)    960    844 |       4448        944       6000       3928       6000          0       4720       2352       1496
 34.75  3344 (                b_lo)    960 (          b_q*J1.0+h10)    960    844 |       4448        944       6000       3928       6000          0       4720       2352       1496
 35.00  3344 (                b_lo)    960 (          b_q*J1.0+h10)    960    844 |       4448        944       6000       3928       6000          0       4720       2352       1496