# c1r2_design_G.py kd 20 ki_base 0 kp_base 112: G_max per member (Kp_eff = 225*G/256); tier A PM >= 45, tier B PM >= 30 (incl. every +h10); 0 = fails at the first grid point
    v    envA (binding)                envB (binding)                env  Kp_eff |       J1.3  b_lo*J1.3   b_q*J1.3 b_q*J1.3+h      tau10 b_lo*tau10    ms_free    light_b       b_q0  b_q0*J_hi  bq10*J1.0 bq10*J1.0+ bq10*J1.0*
  1.00     0 (                J_hi)      0 (                  J1.0)      0      0 |          0          0          0          0          0          0          0          0          0          0          0          0          0
  1.25     0 (                J_hi)      0 (                  J1.0)      0      0 |          0          0          0          0          0          0          0          0          0          0          0          0          0
  1.50     0 (                J_hi)      0 (                  J1.0)      0      0 |          0          0          0          0          0          0          0          0          0          0          0          0          0
  1.75     0 (                J_hi)      0 (                  J1.0)      0      0 |          0          0          0          0          0          0          0          0          0          0          0          0          0
  2.00     0 (                J_hi)      0 (                  J1.0)      0      0 |          0          0          0          0          0          0          0          0          0          0          0          0          0
  2.25     0 (                J_hi)      0 (                  J1.0)      0      0 |          0          0          0          0          0          0          0          0          0          0          0          0          0
  2.50     0 (                J_hi)      0 (                  J1.0)      0      0 |          0          0          0          0          0          0          0          0          0          0          0          0          0
  2.75     0 (                J_hi)      0 (                  J1.0)      0      0 |          0          0          0          0          0          0          0          0          0          0          0          0          0
  3.00     0 (                J_hi)      0 (                  J1.0)      0      0 |          0          0          0          0          0          0          0          0          0          0          0          0          0
  3.10     0 (                J_hi)      0 (                  J1.0)      0      0 |          0          0          0          0          0          0          0          0          0          0          0          0          0
  3.25     0 (                J_hi)      0 (                  J1.0)      0      0 |          0          0          0          0          0          0          0          0          0          0          0          0          0
  3.50     0 (                J_hi)      0 (                  J1.0)      0      0 |          0          0          0          0          0          0          0          0          0          0          0          0          0
  3.75     0 (                J_hi)      0 (                  J1.0)      0      0 |          0          0          0          0          0          0          0          0          0          0          0          0          0
  4.00     0 (                J_hi)      0 (                  J1.0)      0      0 |          0          0          0          0          0          0          0          0          0          0          0          0          0
  4.25     0 (                J_hi)      0 (                  J1.0)      0      0 |          0          0          0          0          0          0          0          0          0          0          0          0          0
  4.50     0 (                J_hi)      0 (                  J1.0)      0      0 |          0          0          0          0          0          0          0          0          0          0          0          0          0
  4.75     0 (                J_hi)      0 (                  J1.0)      0      0 |          0          0          0          0          0          0          0          0          0          0          0          0          0
  5.00     0 (                J_hi)      0 (                  J1.0)      0      0 |          0          0          0          0          0          0          0          0          0          0          0          0          0
  5.25     0 (                J_hi)      0 (                  J1.0)      0      0 |          0          0          0          0          0          0          0          0          0          0          0          0          0
  5.50     0 (                J_hi)      0 (                  J1.0)      0      0 |          0          0          0          0          0          0          0          0          0          0          0          0          0
  5.75     0 (                J_hi)      0 (                  J1.0)      0      0 |          0          0          0          0          0          0          0          0          0          0          0          0          0
  6.00     0 (                J_hi)      0 (                  J1.0)      0      0 |          0          0          0          0          0          0          0          0          0          0          0          0          0
  6.25     0 (                J_hi)      0 (                  J1.0)      0      0 |          0          0          0          0          0          0          0          0          0          0          0          0          0
  6.50     0 (                J_hi)      0 (                  J1.0)      0      0 |          0          0          0          0          0          0          0          0          0          0          0          0          0
  6.75     0 (                J_hi)      0 (                  J1.0)      0      0 |          0          0          0          0          0          0          0          0          0          0          0          0          0
  7.00     0 (                J_hi)      0 (                  J1.0)      0      0 |          0          0          0          0          0          0          0          0          0          0          0          0          0
  7.25     0 (                J_hi)      0 (                  J1.0)      0      0 |          0          0          0          0          0          0          0          0          0          0          0          0          0
  7.50     0 (                J_hi)      0 (                  J1.0)      0      0 |          0          0          0          0          0          0          0          0          0          0          0          0          0
  7.75     0 (                J_hi)      0 (                  J1.0)      0      0 |          0          0          0          0          0          0          0          0          0          0          0          0          0
  8.00     0 (                J_hi)      0 (                  J1.0)      0      0 |          0          0          0          0          0          0          0          0          0          0          0          0          0
  8.25     0 (                J_hi)      0 (                  J1.0)      0      0 |          0          0          0          0          0          0          0          0          0          0          0          0          0
  8.50     0 (                J_hi)      0 (                  J1.0)      0      0 |          0          0          0          0          0          0          0          0          0          0          0          0          0
  8.75     0 (                J_hi)      0 (                  J1.0)      0      0 |          0          0          0          0          0          0          0          0          0          0          0          0          0
  9.00     0 (                J_hi)      0 (                  J1.0)      0      0 |          0          0          0          0          0          0          0          0          0          0          0          0          0
  9.25     0 (                J_hi)      0 (                  J1.0)      0      0 |          0          0          0          0          0          0          0          0          0          0          0          0          0
  9.50     0 (                J_hi)      0 (                  J1.0)      0      0 |          0          0          0          0          0          0          0          0          0          0          0          0          0
  9.75     0 (                J_hi)      0 (                  J1.0)      0      0 |          0          0          0          0          0          0          0          0          0          0          0          0          0
 10.00     0 (                J_hi)      0 (                  J1.0)      0      0 |          0          0          0          0          0          0          0          0          0          0          0          0          0
 10.25     0 (                J_hi)      0 (                  J1.0)      0      0 |          0          0          0          0          0          0          0          0          0          0          0          0          0
 10.50     0 (                J_hi)      0 (                  J1.0)      0      0 |          0          0          0          0          0          0          0          0          0          0          0          0          0
 10.75     0 (                J_hi)      0 (                  J1.0)      0      0 |          0          0          0          0          0          0          0          0          0          0          0          0          0
 11.00     0 (                J_hi)      0 (                  J1.0)      0      0 |          0          0          0          0          0          0          0          0          0          0          0          0          0
 11.25     0 (                J_hi)      0 (                  J1.0)      0      0 |          0          0          0          0          0          0          0          0          0          0          0          0          0
 11.50     0 (                J_hi)      0 (                  J1.0)      0      0 |          0          0          0          0          0          0          0          0          0          0          0          0          0
 11.75     0 (                J_hi)      0 (                  J1.0)      0      0 |          0          0          0          0          0          0          0          0          0          0          0          0          0
 11.90     0 (                J_hi)      0 (                  J1.0)      0      0 |          0          0          0          0          0          0          0          0          0          0          0          0          0
 12.00     0 (                J_hi)      0 (                  J1.0)      0      0 |          0          0          0          0          0          0          0          0          0          0          0          0          0
 12.25     0 (                J_hi)      0 (                  J1.0)      0      0 |          0          0          0          0          0          0          0          0          0          0          0          0          0
 12.50     0 (                J_hi)      0 (                  J1.0)      0      0 |          0          0          0          0          0          0          0          0          0          0          0          0          0
 12.75     0 (                J_hi)      0 (                  J1.0)      0      0 |          0          0          0          0          0          0          0          0       2360          0          0          0          0
 13.00     0 (                J_hi)      0 (                  J1.0)      0      0 |          0          0          0          0          0          0          0          0          0          0          0          0          0
 13.25     0 (                J_hi)      0 (                  J1.0)      0      0 |          0          0          0          0          0          0          0          0          0          0          0          0          0
 13.50     0 (                J_hi)      0 (                  J1.0)      0      0 |          0          0          0          0          0          0          0          0          0          0          0          0          0
 13.75     0 (                J_hi)      0 (                  J1.0)      0      0 |          0          0          0          0          0          0          0          0          0          0          0          0          0
 14.00     0 (                J_hi)      0 (                  J1.0)      0      0 |          0          0          0          0          0          0          0          0          0       1864          0          0          0
 14.25     0 (                J_hi)      0 (                  J1.0)      0      0 |          0          0          0          0          0          0          0          0          0          0          0          0          0
 14.50     0 (                J_hi)      0 (                  J1.0)      0      0 |          0          0          0          0          0          0          0          0          0          0          0          0          0
 14.75     0 (                J_hi)      0 (                  J1.0)      0      0 |          0          0          0          0          0          0          0          0          0          0          0          0          0
 15.00     0 (                J_hi)      0 (                  J1.0)      0      0 |          0          0          0          0          0          0          0          0          0          0          0          0          0
 15.25     0 (                J_hi)      0 (                  J1.0)      0      0 |          0          0          0          0          0          0          0          0          0          0          0          0          0
 15.50     0 (                J_hi)      0 (                  J1.0)      0      0 |          0          0          0          0          0          0          0          0          0          0          0          0          0
 15.75     0 (                J_hi)      0 (                  J1.0)      0      0 |          0          0          0          0          0          0          0          0          0          0          0          0          0
 16.00     0 (                J_hi)      0 (                  J1.0)      0      0 |          0          0          0          0          0          0          0          0          0          0          0          0          0
 16.25     0 (                J_hi)      0 (                  J1.0)      0      0 |          0          0          0          0          0          0          0          0          0          0          0          0          0
 16.50     0 (                J_hi)      0 (                  J1.0)      0      0 |          0          0          0          0          0          0          0          0          0          0          0          0          0
 16.75     0 (                J_hi)      0 (                  J1.0)      0      0 |          0          0          0          0          0          0          0          0          0          0          0          0          0
 17.00     0 (                J_hi)      0 (                  J1.0)      0      0 |          0          0          0          0          0          0          0          0          0          0          0          0          0
 17.25     0 (                J_hi)      0 (                  J1.0)      0      0 |          0          0          0          0          0          0          0          0          0          0          0          0          0
 17.50     0 (                J_hi)      0 (                  J1.0)      0      0 |          0          0          0          0          0          0          0          0          0          0          0          0          0
 17.75     0 (                J_hi)      0 (                  J1.0)      0      0 |          0          0          0          0          0          0          0          0          0          0          0          0          0
 18.00     0 (                J_hi)      0 (                  J1.0)      0      0 |          0          0          0          0          0          0          0          0          0          0          0          0          0
 18.25     0 (                J_hi)      0 (                  J1.0)      0      0 |          0          0          0          0          0          0          0          0          0          0          0          0          0
 18.50     0 (                J_hi)      0 (                  J1.0)      0      0 |          0          0          0          0          0          0          0          0          0          0          0          0          0
 18.75     0 (                J_hi)      0 (                  J1.0)      0      0 |          0          0          0          0          0          0          0          0          0          0          0          0          0
 19.00     0 (                J_hi)      0 (                  J1.0)      0      0 |          0          0          0          0          0          0          0          0          0          0          0          0          0
 19.25     0 (                J_hi)      0 (                  J1.0)      0      0 |          0          0          0          0          0          0          0          0          0          0          0          0          0
 19.50     0 (                J_hi)      0 (                  J1.0)      0      0 |          0          0          0          0          0          0          0          0          0          0          0          0          0
 19.75     0 (                J_hi)      0 (                  J1.0)      0      0 |          0          0          0          0          0          0          0          0          0          0          0          0          0
 20.00     0 (                J_hi)      0 (                  J1.0)      0      0 |          0          0          0          0          0          0          0          0          0          0          0          0          0
 20.25     0 (                J_hi)      0 (                  J1.0)      0      0 |          0          0          0          0          0          0          0          0          0          0          0          0          0
 20.50     0 (                J_hi)      0 (                  J1.0)      0      0 |          0          0          0          0          0          0          0          0          0          0          0          0          0
 20.75     0 (                J_hi)      0 (                  J1.0)      0      0 |          0          0          0          0          0          0          0          0          0          0          0          0          0
 21.00     0 (                J_hi)      0 (                  J1.0)      0      0 |          0          0          0          0          0          0          0          0          0          0          0          0          0
 21.25     0 (                J_hi)      0 (                  J1.0)      0      0 |          0          0          0          0          0          0          0          0          0          0          0          0          0
 21.50     0 (                J_hi)      0 (                  J1.0)      0      0 |          0          0          0          0          0          0          0          0          0          0          0          0          0
 21.75     0 (                J_hi)      0 (                  J1.0)      0      0 |          0          0          0          0          0          0          0          0          0          0          0          0          0
 22.00     0 (                J_hi)      0 (                  J1.0)      0      0 |          0          0          0          0          0          0          0          0          0          0          0          0          0
 22.25     0 (                J_hi)      0 (                  J1.0)      0      0 |          0          0          0          0          0          0          0          0          0          0          0          0          0
 22.50     0 (                J_hi)      0 (                  J1.0)      0      0 |          0          0          0          0          0          0          0          0          0          0          0          0          0
 22.75     0 (                J_hi)      0 (                  J1.0)      0      0 |          0          0          0          0          0          0          0          0          0          0          0          0          0
 23.00     0 (                J_hi)      0 (                  J1.0)      0      0 |          0          0          0          0          0          0          0          0          0          0          0          0          0
 23.25     0 (                J_hi)      0 (                  J1.0)      0      0 |          0          0          0          0          0          0          0          0          0          0          0          0          0
 23.50     0 (                J_hi)      0 (                  J1.0)      0      0 |          0          0          0          0          0          0          0          0          0          0          0          0          0
 23.75     0 (                J_hi)      0 (                  J1.0)      0      0 |          0          0          0          0          0          0          0          0          0          0          0          0          0
 24.00     0 (                J_hi)      0 (                  J1.0)      0      0 |          0          0          0          0          0          0          0          0          0          0          0          0          0
 24.25     0 (                J_hi)      0 (                  J1.0)      0      0 |          0          0          0          0          0          0          0          0          0          0          0          0          0
 24.50     0 (                J_hi)      0 (                  J1.0)      0      0 |          0          0          0          0          0          0          0          0          0          0          0          0          0
 24.75     0 (                J_hi)      0 (                  J1.0)      0      0 |          0          0          0          0          0          0          0          0          0          0          0          0          0
 25.00     0 (                J_hi)      0 (                  J1.0)      0      0 |          0          0          0          0          0          0          0          0          0          0          0          0          0
 25.25     0 (                J_hi)      0 (                  J1.0)      0      0 |          0          0          0          0          0          0          0          0          0          0          0          0          0
 25.50     0 (                J_hi)      0 (                  J1.0)      0      0 |          0          0          0          0          0          0          0          0          0          0          0          0          0
 25.75     0 (                J_hi)      0 (                  J1.0)      0      0 |          0          0          0          0          0          0          0          0          0          0          0          0          0
 26.00     0 (                J_hi)      0 (                  J1.0)      0      0 |          0          0          0          0          0          0          0          0          0          0          0          0          0
 26.25     0 (                J_hi)      0 (                  J1.0)      0      0 |          0          0          0          0          0          0          0          0          0          0          0          0          0
 26.50     0 (                J_hi)      0 (                  J1.0)      0      0 |          0          0          0          0          0          0          0          0          0          0          0          0          0
 26.75     0 (                J_hi)      0 (                  J1.0)      0      0 |          0          0          0          0          0          0          0          0          0          0          0          0          0
 26.90     0 (                J_hi)      0 (                  J1.0)      0      0 |          0          0          0          0          0          0          0          0          0          0          0          0          0
 27.00     0 (                J_hi)      0 (                  J1.0)      0      0 |          0          0          0          0          0          0          0          0          0          0          0          0          0
 27.25     0 (                J_hi)      0 (                  J1.0)      0      0 |          0          0          0          0          0          0          0          0          0          0          0          0          0
 27.50     0 (                J_hi)      0 (                  J1.0)      0      0 |          0          0          0          0          0          0          0          0          0          0          0          0          0
 27.75     0 (                J_hi)      0 (                  J1.0)      0      0 |          0          0          0          0          0          0          0          0          0          0          0          0          0
 28.00     0 (                J_hi)      0 (                  J1.0)      0      0 |          0          0          0          0          0          0          0          0          0          0          0          0          0
 28.25     0 (                J_hi)      0 (                  J1.0)      0      0 |          0          0          0          0          0          0          0          0          0          0          0          0          0
 28.50     0 (                J_hi)      0 (                  J1.0)      0      0 |          0          0          0          0          0          0          0          0          0          0          0          0          0
 28.75     0 (                J_hi)      0 (                  J1.0)      0      0 |          0          0          0          0          0          0          0          0          0          0          0          0          0
 29.00     0 (                J_hi)      0 (                  J1.0)      0      0 |          0          0          0          0          0          0          0          0          0          0          0          0          0
 29.25     0 (                J_hi)      0 (                  J1.0)      0      0 |          0          0          0          0          0          0          0          0          0          0          0          0          0
 29.50     0 (                J_hi)      0 (                  J1.0)      0      0 |          0          0          0          0          0          0          0          0          0          0          0          0          0
 29.75     0 (                J_hi)      0 (                  J1.0)      0      0 |          0          0          0          0          0          0          0          0          0          0          0          0          0
 30.00     0 (                J_hi)      0 (                  J1.0)      0      0 |          0          0          0          0          0          0          0          0          0          0          0          0          0
 30.25     0 (                J_hi)      0 (                  J1.0)      0      0 |          0          0          0          0          0          0          0          0          0          0          0          0          0
 30.50     0 (                J_hi)      0 (                  J1.0)      0      0 |          0          0          0          0          0          0          0          0          0          0          0          0          0
 30.75     0 (                J_hi)      0 (                  J1.0)      0      0 |          0          0          0          0          0          0          0          0          0          0          0          0          0
 31.00     0 (                J_hi)      0 (                  J1.0)      0      0 |          0          0          0          0          0          0          0          0          0          0          0          0          0
 31.25     0 (                J_hi)      0 (                  J1.0)      0      0 |          0          0          0          0          0          0          0          0          0          0          0          0          0
 31.50     0 (                J_hi)      0 (                  J1.0)      0      0 |          0          0          0          0          0          0          0          0          0          0          0          0          0
 31.75     0 (                J_hi)      0 (                  J1.0)      0      0 |          0          0          0          0          0          0          0          0          0          0          0          0          0
 32.00     0 (                J_hi)      0 (                  J1.0)      0      0 |          0          0          0          0          0          0          0          0          0          0          0          0          0
 32.25     0 (                J_hi)      0 (                  J1.0)      0      0 |          0          0          0          0          0          0          0          0          0          0          0          0          0
 32.50     0 (                J_hi)      0 (                  J1.0)      0      0 |          0          0          0          0          0          0          0          0          0          0          0          0          0
 32.75     0 (                J_hi)      0 (                  J1.0)      0      0 |          0          0          0          0          0          0          0          0          0          0          0          0          0
 33.00     0 (                J_hi)      0 (                  J1.0)      0      0 |          0          0          0          0          0          0          0          0          0          0          0          0          0
 33.25     0 (                J_hi)      0 (                  J1.0)      0      0 |          0          0          0          0          0          0          0          0          0          0          0          0          0
 33.50     0 (                J_hi)      0 (                  J1.0)      0      0 |          0          0          0          0          0          0          0          0          0          0          0          0          0
 33.75     0 (                J_hi)      0 (                  J1.0)      0      0 |          0          0          0          0          0          0          0          0          0          0          0          0          0
 34.00     0 (                J_hi)      0 (                  J1.0)      0      0 |          0          0          0          0          0          0          0          0          0          0          0          0          0
 34.25     0 (                J_hi)      0 (                  J1.0)      0      0 |          0          0          0          0          0          0          0          0          0          0          0          0          0
 34.50     0 (                J_hi)      0 (                  J1.0)      0      0 |          0          0          0          0          0          0          0          0          0          0          0          0          0
 34.75     0 (                J_hi)      0 (                  J1.0)      0      0 |          0          0          0          0          0          0          0          0          0          0          0          0          0
 35.00     0 (                J_hi)      0 (                  J1.0)      0      0 |          0          0          0          0          0          0          0          0          0          0          0          0          0