# c1r2_design_G.py kd 20 ki_base 112 kp_base 225: G_max per member (Kp_eff = 225*G/256); tier A PM >= 45, tier B PM >= 30 (incl. every +h10); 0 = fails at the first grid point
    v    envA (binding)                envB (binding)                env  Kp_eff |       J1.3   b_q*J1.3      tau10 b_lo*tau10    ms_free    light_b b/1.9 (G3a       b_q0  b_q0*J_hi
  1.00   632 (                J_hi)    592 (    b_lo*J_hi*tau6+h10)    592    520 |        880        880       1216        888       1296        584       1056       1456       1040
  1.25   632 (                J_hi)    592 (    b_lo*J_hi*tau6+h10)    592    520 |        880        880       1216        888       1296        584       1056       1456       1040
  1.50   632 (                J_hi)    592 (    b_lo*J_hi*tau6+h10)    592    520 |        880        880       1216        888       1296        584       1056       1456       1040
  1.75   632 (                J_hi)    592 (    b_lo*J_hi*tau6+h10)    592    520 |        880        880       1216        888       1296        584       1056       1456       1040
  2.00   632 (                J_hi)    592 (    b_lo*J_hi*tau6+h10)    592    520 |        880        880       1216        888       1296        584       1056       1456       1040
  2.25   632 (                J_hi)    592 (    b_lo*J_hi*tau6+h10)    592    520 |        880        880       1216        888       1296        584       1056       1456       1040
  2.50   632 (                J_hi)    592 (    b_lo*J_hi*tau6+h10)    592    520 |        880        880       1216        888       1296        584       1056       1456       1040
  2.75   632 (                J_hi)    592 (    b_lo*J_hi*tau6+h10)    592    520 |        880        880       1216        888       1296        584       1056       1456       1040
  3.00   632 (                J_hi)    592 (    b_lo*J_hi*tau6+h10)    592    520 |        880        880       1216        888       1296        584       1056       1456       1040
  3.10   632 (                J_hi)    592 (    b_lo*J_hi*tau6+h10)    592    520 |        880        880       1216        888       1296        584       1056       1456       1040
  3.25   648 (                J_hi)    600 (    b_lo*J_hi*tau6+h10)    600    527 |        896        896       1224        896       1296        584       1064       1464       1048
  3.50   664 (                J_hi)    608 (    b_lo*J_hi*tau6+h10)    608    534 |        912        912       1232        904       1288        584       1072       1472       1056
  3.75   680 (                J_hi)    616 (    b_lo*J_hi*tau6+h10)    616    541 |        936        936       1240        912       1280        584       1080       1488       1064
  4.00   696 (                J_hi)    624 (    b_lo*J_hi*tau6+h10)    624    548 |        952        952       1256        920       1272        584       1088       1496       1080
  4.25   704 (                J_hi)    632 (    b_lo*J_hi*tau6+h10)    632    555 |        968        968       1264        928       1272        584       1096       1512       1088
  4.50   720 (                J_hi)    640 (    b_lo*J_hi*tau6+h10)    640    562 |        984        984       1272        928       1264        592       1104       1520       1096
  4.75   736 (                J_hi)    648 (    b_lo*J_hi*tau6+h10)    648    570 |       1000       1000       1280        936       1256        592       1112       1536       1112
  5.00   744 (                J_hi)    656 (    b_lo*J_hi*tau6+h10)    656    577 |       1016       1016       1296        944       1256        592       1120       1544       1120
  5.25   760 (                J_hi)    664 (    b_lo*J_hi*tau6+h10)    664    584 |       1032       1032       1304        952       1256        592       1128       1560       1128
  5.50   768 (                J_hi)    672 (    b_lo*J_hi*tau6+h10)    672    591 |       1040       1040       1312        960       1248          0       1136       1568       1136
  5.75   784 (                J_hi)    672 (    b_lo*J_hi*tau6+h10)    672    591 |       1056       1056       1320        968       1248          0       1144       1576       1152
  6.00   792 (                J_hi)    680 (    b_lo*J_hi*tau6+h10)    680    598 |       1064       1064       1328        976       1248          0       1152       1592       1160
  6.25   808 (                J_hi)    688 (    b_lo*J_hi*tau6+h10)    688    605 |       1080       1080       1344        984       1248          0       1160       1600       1168
  6.50   816 (                J_hi)    696 (    b_lo*J_hi*tau6+h10)    696    612 |       1088       1088       1352        984       1248          0       1168       1616       1176
  6.75   824 (                J_hi)    704 (    b_lo*J_hi*tau6+h10)    704    619 |       1096       1096       1360        992       1248          0       1176       1624       1184
  7.00   832 (                J_hi)    704 (    b_lo*J_hi*tau6+h10)    704    619 |       1104       1104       1368       1000       1248          0       1184       1640       1192
  7.25   848 (                J_hi)    712 (    b_lo*J_hi*tau6+h10)    712    626 |       1112       1112       1384       1008       1248          0       1192       1648       1200
  7.50   856 (                J_hi)    720 (    b_lo*J_hi*tau6+h10)    720    633 |       1120       1120       1392       1016       1248          0       1200       1656       1208
  7.75   864 (                J_hi)    728 (    b_lo*J_hi*tau6+h10)    728    640 |       1128       1128       1400       1024       1248          0       1208       1672       1216
  8.00   872 (                J_hi)    728 (    b_lo*J_hi*tau6+h10)    728    640 |       1136       1136       1408       1032       1248          0       1216       1680       1224
  8.25   880 (                J_hi)    736 (    b_lo*J_hi*tau6+h10)    736    647 |       1096       1096       1480       1056       1096          0       1280       1776       1240
  8.50   896 (                J_hi)    744 (    b_lo*J_hi*tau6+h10)    744    654 |       1056       1056       1552       1088        976          0       1344       1864       1256
  8.75   904 (                J_hi)    752 (    b_lo*J_hi*tau6+h10)    752    661 |       1016       1016       1632       1112        872          0       1400       1952       1272
  9.00   912 (                J_hi)    760 (    b_lo*J_hi*tau6+h10)    760    668 |        968        968       1704       1144        792          0       1464       2048       1288
  9.25   920 (                J_hi)    768 (    b_lo*J_hi*tau6+h10)    768    675 |        936        936       1776       1176        720          0       1528       2136       1304
  9.50   928 (                J_hi)    776 (    b_lo*J_hi*tau6+h10)    776    682 |        896        896       1848       1200        656          0       1592       2232       1320
  9.75   936 (                J_hi)    784 (    b_lo*J_hi*tau6+h10)    784    689 |        856        856       1920       1232        608          0       1656       2328       1336
 10.00   944 (                J_hi)    656 (        b/1.9*J_hi+h10)    656    577 |        816        816       1992       1264        568          0       1328       2424       1344
 10.25   952 (                J_hi)    656 (    b_lo*J_hi*tau6+h10)    656    577 |        776        776       2072       1288        528          0       1368       2520       1360
 10.50   968 (                J_hi)    664 (    b_lo*J_hi*tau6+h10)    664    584 |        744        744       2144       1320        496          0       1416       2616       1376
 10.75   976 (                J_hi)    672 (        b/1.9*J_hi+h10)    672    591 |        704        704       2216       1352        464          0       1464       2712       1392
 11.00   984 (                J_hi)    672 (    b_lo*J_hi*tau6+h10)    672    591 |        672        672       2296       1384        440          0       1512       2808       1408
 11.25   992 (                J_hi)    664 (         J1.0*tau6+h10)    664    584 |        640        640       2368       1408        416          0       1560       2904       1424
 11.50  1000 (                J_hi)    648 (         J1.0*tau6+h10)    648    570 |        608        608       2440       1440        400          0       1608       3000       1440
 11.75  1008 (                J_hi)    624 (         J1.0*tau6+h10)    624    548 |        576        576       2512       1472        384          0       1656       3096       1456
 11.90  1016 (                J_hi)    616 (         J1.0*tau6+h10)    616    541 |        552        552       2560       1488        368          0       1688       3160       1464
 12.00  1056 (                J_hi)    640 (         J1.0*tau6+h10)    640    562 |        584        584       2624       1528        392          0       1736       3248       1520
 12.25  1152 (                J_hi)    712 (         J1.0*tau6+h10)    712    626 |        656        656       2800       1624        448          0       1848       3464       1656
 12.50  1256 (                J_hi)    432 (          b_q*J1.0+h10)    432    380 |        728        392       2968       1728        504          0       1960       1016          0
 12.75  1360 (                J_hi)    448 (          b_q*J1.0+h10)    448    394 |        800        408       3136       1824        560          0       2080       1064          0
 13.00  1464 (                J_hi)    464 (          b_q*J1.0+h10)    464    408 |        880        424       3312       1928        624          0       2200       1120        616
 13.25  1576 (                J_hi)    472 (          b_q*J1.0+h10)    472    415 |        968        432       3488       2032        688          0       2320       1176        648
 13.50  1680 (                J_hi)    488 (          b_q*J1.0+h10)    488    429 |       1048        448       3664       2136        760          0       2440       1232        688
 13.75  1792 (                J_hi)    496 (          b_q*J1.0+h10)    496    436 |       1136        456       3840       2248        832          0       2568       1288        720
 14.00  1904 (                J_hi)    512 (          b_q*J1.0+h10)    512    450 |       1224        472       4016       2352        912          0       2688       1352        752
 14.25  2016 (                J_hi)    520 (          b_q*J1.0+h10)    520    457 |       1312        480       4200       2464        992          0       2816       1408        784
 14.50  2136 (                J_hi)    528 (          b_q*J1.0+h10)    528    464 |       1408        496       4376       2568       1072          0       2952       1472        824
 14.75  2256 (                J_hi)    536 (          b_q*J1.0+h10)    536    471 |       1504        504       4560       2680       1160          0       3080       1536        856
 15.00  2368 (                J_hi)    544 (          b_q*J1.0+h10)    544    478 |       1600        512       4736       2792       1248          0       3216       1600        896
 15.25  2488 (                J_hi)    552 (          b_q*J1.0+h10)    552    485 |       1696        520       4920       2904       1344          0       3344       1664        936
 15.50  2616 (                J_hi)    568 (          b_q*J1.0+h10)    568    499 |       1800        528       5104       3016       1440          0       3480       1728        968
 15.75  2736 (                J_hi)    584 (          b_q*J1.0+h10)    584    513 |       1904        544       5288       3128       1544          0       3616       1792       1008
 16.00  2856 (                J_hi)    608 (          b_q*J1.0+h10)    608    534 |       2008        568       5472       3248       1648          0       3760       1864       1048
 16.25  2984 (                J_hi)    632 (          b_q*J1.0+h10)    632    555 |       2112        592       5656       3360       1752          0       3896       1928       1088
 16.50  3112 (                J_hi)    656 (          b_q*J1.0+h10)    656    577 |       2216        616       5840       3480       1864          0       4040       2000       1128
 16.75  3240 (                J_hi)    680 (          b_q*J1.0+h10)    680    598 |       2328        640       6000       3592       1976          0       4176       2072       1168
 17.00  3368 (                J_hi)    712 (          b_q*J1.0+h10)    712    626 |       2440        664       6000       3712       2096          0       4320       2144       1208
 17.25  3400 (                J_hi)    720 (          b_q*J1.0+h10)    720    633 |       2512        672       6000       3728       2160          0       4344       2152       1216
 17.50  3432 (                J_hi)    728 (          b_q*J1.0+h10)    728    640 |       2576        688       6000       3744       2224          0       4368       2160       1232
 17.75  3440 (                b_lo)    744 (          b_q*J1.0+h10)    744    654 |       2648        696       6000       3760       2296          0       4384       2168       1240
 18.00  3448 (                b_lo)    752 (          b_q*J1.0+h10)    752    661 |       2720        712       6000       3776       2360          0       4408       2176       1248
 18.25  3464 (                b_lo)    760 (          b_q*J1.0+h10)    760    668 |       2792        720       6000       3792       2432          0       4424       2184       1264
 18.50  3472 (                b_lo)    768 (          b_q*J1.0+h10)    768    675 |       2864        736       6000       3808       2512          0       4448       2200       1272
 18.75  3480 (                b_lo)    784 (          b_q*J1.0+h10)    784    689 |       2936        744       6000       3816       2584          0       4464       2208       1288
 19.00  3496 (                b_lo)    792 (          b_q*J1.0+h10)    792    696 |       3016        752       6000       3832       2664          0       4488       2216       1296
 19.25  3504 (                b_lo)    800 (          b_q*J1.0+h10)    800    703 |       3088        768       6000       3848       2744          0       4504       2224       1312
 19.50  3512 (                b_lo)    816 (          b_q*J1.0+h10)    816    717 |       3160        776       6000       3864       2832          0       4528       2232       1320
 19.75  3520 (                b_lo)    824 (          b_q*J1.0+h10)    824    724 |       3240        792       6000       3880       2920          0       4544       2240       1328
 20.00  3528 (                b_lo)    832 (          b_q*J1.0+h10)    832    731 |       3312        800       6000       3896       3008          0       4568       2248       1344
 20.25  3536 (                b_lo)    840 (          b_q*J1.0+h10)    840    738 |       3392        816       6000       3904       3104          0       4584       2256       1352
 20.50  3552 (                b_lo)    856 (          b_q*J1.0+h10)    856    752 |       3464        824       6000       3920       3200          0       4608       2264       1368
 20.75  3560 (                b_lo)    864 (          b_q*J1.0+h10)    864    759 |       3544        840       6000       3936       3296          0       4624       2280       1376
 21.00  3568 (                b_lo)    872 (          b_q*J1.0+h10)    872    766 |       3624        848       6000       3952       3400          0       4648       2288       1384
 21.25  3576 (                b_lo)    888 (          b_q*J1.0+h10)    888    780 |       3696        864       6000       3960       3512          0       4664       2296       1400
 21.50  3584 (                b_lo)    896 (          b_q*J1.0+h10)    896    788 |       3776        872       6000       3976       3616          0       4688       2304       1408
 21.75  3592 (                b_lo)    904 (          b_q*J1.0+h10)    904    795 |       3856        888       6000       3992       3736          0       4704       2312       1416
 22.00  3600 (                b_lo)    912 (          b_q*J1.0+h10)    912    802 |       3936        896       6000       4008       3848          0       4720       2320       1432
 22.25  3608 (                b_lo)    928 (          b_q*J1.0+h10)    928    816 |       4016        904       6000       4016       3976          0       4744       2328       1440
 22.50  3616 (                b_lo)    936 (          b_q*J1.0+h10)    936    823 |       4096        920       6000       4032       4104          0       4760       2336       1448
 22.75  3624 (                b_lo)    944 (          b_q*J1.0+h10)    944    830 |       4176        928       6000       4048       4232          0       4776       2344       1464
 23.00  3632 (                b_lo)    952 (          b_q*J1.0+h10)    952    837 |       4256        944       6000       4056       4368          0       4800       2352       1472
 23.25  3640 (                b_lo)    960 (          b_q*J1.0+h10)    960    844 |       4344        952       6000       4072       4512          0       4816       2360       1480
 23.50  3648 (                b_lo)    976 (          b_q*J1.0+h10)    976    858 |       4424        968       6000       4088       4664          0       4840       2368       1496
 23.75  3656 (                b_lo)    984 (          b_q*J1.0+h10)    984    865 |       4504        976       6000       4096       4816          0       4856       2376       1504
 24.00  3664 (                b_lo)    992 (          b_q*J1.0+h10)    992    872 |       4592        992       6000       4112       4976          0       4872       2384       1512
 24.25  3672 (                b_lo)   1000 (          b_q*J1.0+h10)   1000    879 |       4672       1000       6000       4128       5144          0       4888       2392       1528
 24.50  3680 (                b_lo)   1008 (          b_q*J1.0+h10)   1008    886 |       4760       1008       6000       4136       5320          0       4912       2400       1536
 24.75  3688 (                b_lo)   1024 (          b_q*J1.0+h10)   1024    900 |       4840       1024       6000       4152       5504          0       4928       2408       1544
 25.00  3688 (                b_lo)   1032 (          b_q*J1.0+h10)   1032    907 |       4928       1032       6000       4160       5688          0       4944       2416       1560
 25.25  3696 (                b_lo)   1040 (          b_q*J1.0+h10)   1040    914 |       5008       1048       6000       4176       5888          0       4968       2424       1568
 25.50  3704 (                b_lo)   1048 (          b_q*J1.0+h10)   1048    921 |       5096       1056       6000       4192       6000          0       4984       2424       1576
 25.75  3712 (                b_lo)   1056 (          b_q*J1.0+h10)   1056    928 |       5184       1064       6000       4200       6000          0       5000       2432       1584
 26.00  3720 (                b_lo)   1072 (          b_q*J1.0+h10)   1072    942 |       5272       1080       6000       4216       6000          0       5016       2440       1600
 26.25  3720 (                b_lo)   1080 (          b_q*J1.0+h10)   1080    949 |       5360       1088       6000       4224       6000          0       5040       2448       1608
 26.50  3728 (                b_lo)   1088 (          b_q*J1.0+h10)   1088    956 |       5448       1104       6000       4240       6000          0       5056       2456       1616
 26.75  3736 (                b_lo)   1096 (          b_q*J1.0+h10)   1096    963 |       5536       1112       6000       4248       6000          0       5072       2464       1632
 26.90  3736 (                b_lo)   1104 (          b_q*J1.0+h10)   1104    970 |       5584       1120       6000       4256       6000          0       5080       2464       1632
 27.00  3736 (                b_lo)   1104 (          b_q*J1.0+h10)   1104    970 |       5584       1120       6000       4256       6000          0       5080       2464       1632
 27.25  3736 (                b_lo)   1104 (          b_q*J1.0+h10)   1104    970 |       5584       1120       6000       4256       6000          0       5080       2464       1632
 27.50  3736 (                b_lo)   1104 (          b_q*J1.0+h10)   1104    970 |       5584       1120       6000       4256       6000          0       5080       2464       1632
 27.75  3736 (                b_lo)   1104 (          b_q*J1.0+h10)   1104    970 |       5584       1120       6000       4256       6000          0       5080       2464       1632
 28.00  3736 (                b_lo)   1104 (          b_q*J1.0+h10)   1104    970 |       5584       1120       6000       4256       6000          0       5080       2464       1632
 28.25  3736 (                b_lo)   1104 (          b_q*J1.0+h10)   1104    970 |       5584       1120       6000       4256       6000          0       5080       2464       1632
 28.50  3736 (                b_lo)   1104 (          b_q*J1.0+h10)   1104    970 |       5584       1120       6000       4256       6000          0       5080       2464       1632
 28.75  3736 (                b_lo)   1104 (          b_q*J1.0+h10)   1104    970 |       5584       1120       6000       4256       6000          0       5080       2464       1632
 29.00  3736 (                b_lo)   1104 (          b_q*J1.0+h10)   1104    970 |       5584       1120       6000       4256       6000          0       5080       2464       1632
 29.25  3736 (                b_lo)   1104 (          b_q*J1.0+h10)   1104    970 |       5584       1120       6000       4256       6000          0       5080       2464       1632
 29.50  3736 (                b_lo)   1104 (          b_q*J1.0+h10)   1104    970 |       5584       1120       6000       4256       6000          0       5080       2464       1632
 29.75  3736 (                b_lo)   1104 (          b_q*J1.0+h10)   1104    970 |       5584       1120       6000       4256       6000          0       5080       2464       1632
 30.00  3736 (                b_lo)   1104 (          b_q*J1.0+h10)   1104    970 |       5584       1120       6000       4256       6000          0       5080       2464       1632
 30.25  3736 (                b_lo)   1104 (          b_q*J1.0+h10)   1104    970 |       5584       1120       6000       4256       6000          0       5080       2464       1632
 30.50  3736 (                b_lo)   1104 (          b_q*J1.0+h10)   1104    970 |       5584       1120       6000       4256       6000          0       5080       2464       1632
 30.75  3736 (                b_lo)   1104 (          b_q*J1.0+h10)   1104    970 |       5584       1120       6000       4256       6000          0       5080       2464       1632
 31.00  3736 (                b_lo)   1104 (          b_q*J1.0+h10)   1104    970 |       5584       1120       6000       4256       6000          0       5080       2464       1632
 31.25  3736 (                b_lo)   1104 (          b_q*J1.0+h10)   1104    970 |       5584       1120       6000       4256       6000          0       5080       2464       1632
 31.50  3736 (                b_lo)   1104 (          b_q*J1.0+h10)   1104    970 |       5584       1120       6000       4256       6000          0       5080       2464       1632
 31.75  3736 (                b_lo)   1104 (          b_q*J1.0+h10)   1104    970 |       5584       1120       6000       4256       6000          0       5080       2464       1632
 32.00  3736 (                b_lo)   1104 (          b_q*J1.0+h10)   1104    970 |       5584       1120       6000       4256       6000          0       5080       2464       1632
 32.25  3736 (                b_lo)   1104 (          b_q*J1.0+h10)   1104    970 |       5584       1120       6000       4256       6000          0       5080       2464       1632
 32.50  3736 (                b_lo)   1104 (          b_q*J1.0+h10)   1104    970 |       5584       1120       6000       4256       6000          0       5080       2464       1632
 32.75  3736 (                b_lo)   1104 (          b_q*J1.0+h10)   1104    970 |       5584       1120       6000       4256       6000          0       5080       2464       1632
 33.00  3736 (                b_lo)   1104 (          b_q*J1.0+h10)   1104    970 |       5584       1120       6000       4256       6000          0       5080       2464       1632
 33.25  3736 (                b_lo)   1104 (          b_q*J1.0+h10)   1104    970 |       5584       1120       6000       4256       6000          0       5080       2464       1632
 33.50  3736 (                b_lo)   1104 (          b_q*J1.0+h10)   1104    970 |       5584       1120       6000       4256       6000          0       5080       2464       1632
 33.75  3736 (                b_lo)   1104 (          b_q*J1.0+h10)   1104    970 |       5584       1120       6000       4256       6000          0       5080       2464       1632
 34.00  3736 (                b_lo)   1104 (          b_q*J1.0+h10)   1104    970 |       5584       1120       6000       4256       6000          0       5080       2464       1632
 34.25  3736 (                b_lo)   1104 (          b_q*J1.0+h10)   1104    970 |       5584       1120       6000       4256       6000          0       5080       2464       1632
 34.50  3736 (                b_lo)   1104 (          b_q*J1.0+h10)   1104    970 |       5584       1120       6000       4256       6000          0       5080       2464       1632
 34.75  3736 (                b_lo)   1104 (          b_q*J1.0+h10)   1104    970 |       5584       1120       6000       4256       6000          0       5080       2464       1632
 35.00  3736 (                b_lo)   1104 (          b_q*J1.0+h10)   1104    970 |       5584       1120       6000       4256       6000          0       5080       2464       1632