# c1r2_design_G.py kd 20 ki_base 75 kp_base 225: G_max per member (Kp_eff = 225*G/256); tier A PM >= 45, tier B PM >= 30 (incl. every +h10); 0 = fails at the first grid point
    v    envA (binding)                envB (binding)                env  Kp_eff |       J1.3   b_q*J1.3      tau10 b_lo*tau10    ms_free    light_b b/1.9 (G3a       b_q0  b_q0*J_hi
  1.00   808 (                b_lo)    704 (    b_lo*J_hi*tau6+h10)    704    619 |       1312       1312       1304        944       1424        616       1128       1560       1232
  1.25   808 (                b_lo)    704 (    b_lo*J_hi*tau6+h10)    704    619 |       1312       1312       1304        944       1424        616       1128       1560       1232
  1.50   808 (                b_lo)    704 (    b_lo*J_hi*tau6+h10)    704    619 |       1312       1312       1304        944       1424        616       1128       1560       1232
  1.75   808 (                b_lo)    704 (    b_lo*J_hi*tau6+h10)    704    619 |       1312       1312       1304        944       1424        616       1128       1560       1232
  2.00   808 (                b_lo)    704 (    b_lo*J_hi*tau6+h10)    704    619 |       1312       1312       1304        944       1424        616       1128       1560       1232
  2.25   808 (                b_lo)    704 (    b_lo*J_hi*tau6+h10)    704    619 |       1312       1312       1304        944       1424        616       1128       1560       1232
  2.50   808 (                b_lo)    704 (    b_lo*J_hi*tau6+h10)    704    619 |       1312       1312       1304        944       1424        616       1128       1560       1232
  2.75   808 (                b_lo)    704 (    b_lo*J_hi*tau6+h10)    704    619 |       1312       1312       1304        944       1424        616       1128       1560       1232
  3.00   808 (                b_lo)    704 (    b_lo*J_hi*tau6+h10)    704    619 |       1312       1312       1304        944       1424        616       1128       1560       1232
  3.10   808 (                b_lo)    704 (    b_lo*J_hi*tau6+h10)    704    619 |       1312       1312       1304        944       1424        616       1128       1560       1232
  3.25   816 (                b_lo)    704 (    b_lo*J_hi*tau6+h10)    704    619 |       1312       1312       1304        944       1416        616       1136       1568       1240
  3.50   824 (                b_lo)    712 (    b_lo*J_hi*tau6+h10)    712    626 |       1320       1320       1320        952       1416        616       1136       1584       1248
  3.75   832 (                b_lo)    720 (    b_lo*J_hi*tau6+h10)    720    633 |       1328       1328       1328        960       1408        616       1144       1592       1256
  4.00   840 (                b_lo)    728 (    b_lo*J_hi*tau6+h10)    728    640 |       1336       1336       1336        968       1400        616       1152       1600       1264
  4.25   848 (                b_lo)    728 (    b_lo*J_hi*tau6+h10)    728    640 |       1344       1344       1344        976       1400        616       1160       1616       1272
  4.50   848 (                b_lo)    736 (    b_lo*J_hi*tau6+h10)    736    647 |       1352       1352       1352        984       1400          0       1168       1624       1280
  4.75   856 (                b_lo)    744 (    b_lo*J_hi*tau6+h10)    744    654 |       1360       1360       1360        984       1392          0       1176       1640       1288
  5.00   864 (                b_lo)    744 (    b_lo*J_hi*tau6+h10)    744    654 |       1368       1368       1376        992       1392          0       1184       1648       1296
  5.25   872 (                b_lo)    752 (    b_lo*J_hi*tau6+h10)    752    661 |       1368       1368       1384       1000       1392          0       1192       1656       1304
  5.50   880 (                b_lo)    760 (    b_lo*J_hi*tau6+h10)    760    668 |       1376       1376       1392       1008       1392          0       1200       1672       1312
  5.75   888 (                b_lo)    760 (    b_lo*J_hi*tau6+h10)    760    668 |       1384       1384       1400       1016       1392          0       1208       1680       1320
  6.00   896 (                b_lo)    768 (    b_lo*J_hi*tau6+h10)    768    675 |       1384       1384       1408       1016       1392          0       1216       1688       1328
  6.25   904 (                b_lo)    776 (    b_lo*J_hi*tau6+h10)    776    682 |       1392       1392       1416       1024       1392          0       1224       1704       1336
  6.50   912 (                b_lo)    776 (    b_lo*J_hi*tau6+h10)    776    682 |       1392       1392       1432       1032       1392          0       1232       1712       1336
  6.75   920 (                b_lo)    784 (    b_lo*J_hi*tau6+h10)    784    689 |       1400       1400       1440       1040       1392          0       1240       1728       1344
  7.00   920 (                b_lo)    792 (    b_lo*J_hi*tau6+h10)    792    696 |       1400       1400       1448       1048       1392          0       1248       1736       1352
  7.25   928 (                b_lo)    792 (    b_lo*J_hi*tau6+h10)    792    696 |       1408       1408       1456       1048       1392          0       1256       1744       1360
  7.50   936 (                b_lo)    800 (    b_lo*J_hi*tau6+h10)    800    703 |       1408       1408       1464       1056       1392          0       1264       1760       1368
  7.75   944 (                b_lo)    800 (    b_lo*J_hi*tau6+h10)    800    703 |       1408       1408       1472       1064       1400          0       1272       1768       1376
  8.00   952 (                b_lo)    808 (    b_lo*J_hi*tau6+h10)    808    710 |       1416       1416       1488       1072       1400          0       1280       1784       1384
  8.25   976 (                b_lo)    816 (    b_lo*J_hi*tau6+h10)    816    717 |       1360       1360       1568       1104       1256          0       1344       1880       1400
  8.50  1008 (                b_lo)    824 (    b_lo*J_hi*tau6+h10)    824    724 |       1312       1312       1640       1136       1136          0       1408       1976       1416
  8.75  1032 (                J_hi)    832 (    b_lo*J_hi*tau6+h10)    832    731 |       1264       1264       1720       1160       1040          0       1472       2072       1432
  9.00  1040 (                J_hi)    840 (    b_lo*J_hi*tau6+h10)    840    738 |       1216       1216       1800       1192        960          0       1544       2176       1448
  9.25  1056 (                J_hi)    848 (    b_lo*J_hi*tau6+h10)    848    745 |       1176       1176       1880       1224        888          0       1608       2272       1472
  9.50  1064 (                J_hi)    856 (    b_lo*J_hi*tau6+h10)    856    752 |       1128       1128       1968       1256        832          0       1680       2376       1488
  9.75  1080 (                J_hi)    864 (    b_lo*J_hi*tau6+h10)    864    759 |       1080       1080       2048       1288        776          0       1744       2480       1504
 10.00  1088 (                J_hi)    720 (    b_lo*J_hi*tau6+h10)    720    633 |       1040       1040       2128       1320        728          0       1392       2584       1520
 10.25  1104 (                J_hi)    728 (    b_lo*J_hi*tau6+h10)    728    640 |        992        992       2208       1352        688          0       1440       2688       1536
 10.50  1112 (                J_hi)    736 (        b/1.9*J_hi+h10)    736    647 |        952        952       2288       1384        648          0       1488       2792       1552
 10.75  1128 (                J_hi)    736 (    b_lo*J_hi*tau6+h10)    736    647 |        904        904       2368       1416        616          0       1544       2896       1576
 11.00  1136 (                J_hi)    744 (    b_lo*J_hi*tau6+h10)    744    654 |        864        864       2456       1448        584          0       1592       3000       1592
 11.25  1144 (                J_hi)    752 (    b_lo*J_hi*tau6+h10)    752    661 |        824        824       2536       1480        560          0       1648       3104       1608
 11.50  1160 (                J_hi)    760 (    b_lo*J_hi*tau6+h10)    760    668 |        784        784       2616       1512        536          0       1696       3216       1624
 11.75  1168 (                J_hi)    768 (         J1.0*tau6+h10)    768    675 |        744        744       2696       1544        512          0       1752       3320       1640
 11.90  1176 (                J_hi)    752 (         J1.0*tau6+h10)    752    661 |        720        720       2752       1568        496          0       1784       3384       1656
 12.00  1224 (                J_hi)    784 (         J1.0*tau6+h10)    784    689 |        752        752       2824       1608        520          0       1824       3480       1712
 12.25  1328 (                J_hi)    856 (        b/1.9*J_hi+h10)    856    752 |        832        832       3000       1704        592          0       1944       3712       1856
 12.50  1440 (                J_hi)    512 (          b_q*J1.0+h10)    512    450 |        920        488       3184       1808        656          0       2064       1048          0
 12.75  1552 (                J_hi)    528 (          b_q*J1.0+h10)    528    464 |       1008        496       3368       1920        736          0       2184       1104          0
 13.00  1664 (                J_hi)    536 (          b_q*J1.0+h10)    536    471 |       1096        512       3552       2024        808          0       2312       1160          0
 13.25  1784 (                J_hi)    544 (          b_q*J1.0+h10)    544    478 |       1192        520       3744       2136        888          0       2440       1216        704
 13.50  1904 (                J_hi)    552 (          b_q*J1.0+h10)    552    485 |       1288        536       3928       2240        976          0       2568       1272        744
 13.75  2024 (                J_hi)    568 (          b_q*J1.0+h10)    568    499 |       1384        544       4120       2352       1056          0       2696       1336        776
 14.00  2152 (                J_hi)    576 (          b_q*J1.0+h10)    576    506 |       1480        552       4312       2464       1152          0       2824       1392        808
 14.25  2272 (                J_hi)    584 (          b_q*J1.0+h10)    584    513 |       1584        560       4504       2584       1240          0       2960       1456        848
 14.50  2400 (                J_hi)    592 (          b_q*J1.0+h10)    592    520 |       1688        576       4696       2696       1336          0       3096       1520        880
 14.75  2528 (                J_hi)    600 (          b_q*J1.0+h10)    600    527 |       1792        584       4888       2816       1440          0       3232       1584        920
 15.00  2656 (                J_hi)    608 (          b_q*J1.0+h10)    608    534 |       1904        592       5080       2928       1544          0       3376       1648        960
 15.25  2792 (                J_hi)    616 (          b_q*J1.0+h10)    616    541 |       2008        600       5280       3048       1648          0       3512       1712        992
 15.50  2920 (                J_hi)    624 (          b_q*J1.0+h10)    624    548 |       2120        608       5472       3168       1760          0       3656       1784       1032
 15.75  3032 (                b_lo)    640 (          b_q*J1.0+h10)    640    562 |       2232        616       5672       3288       1872          0       3800       1848       1072
 16.00  3152 (                b_lo)    672 (          b_q*J1.0+h10)    672    591 |       2352        640       5872       3408       1984          0       3944       1920       1112
 16.25  3264 (                b_lo)    696 (          b_q*J1.0+h10)    696    612 |       2464        672       6000       3528       2104          0       4088       1984       1152
 16.50  3384 (                b_lo)    720 (          b_q*J1.0+h10)    720    633 |       2584        696       6000       3648       2232          0       4240       2056       1192
 16.75  3496 (                b_lo)    744 (          b_q*J1.0+h10)    744    654 |       2704        720       6000       3776       2352          0       4384       2128       1232
 17.00  3616 (                b_lo)    768 (          b_q*J1.0+h10)    768    675 |       2824        744       6000       3896       2488          0       4536       2200       1272
 17.25  3632 (                b_lo)    784 (          b_q*J1.0+h10)    784    689 |       2912        760       6000       3912       2560          0       4560       2216       1288
 17.50  3640 (                b_lo)    792 (          b_q*J1.0+h10)    792    696 |       2992        776       6000       3936       2632          0       4584       2224       1304
 17.75  3656 (                b_lo)    808 (          b_q*J1.0+h10)    808    710 |       3080        784       6000       3952       2712          0       4608       2232       1312
 18.00  3672 (                b_lo)    824 (          b_q*J1.0+h10)    824    724 |       3160        800       6000       3968       2792          0       4632       2248       1328
 18.25  3680 (                b_lo)    832 (          b_q*J1.0+h10)    832    731 |       3248        816       6000       3984       2872          0       4656       2256       1336
 18.50  3696 (                b_lo)    848 (          b_q*J1.0+h10)    848    745 |       3336        832       6000       4000       2952          0       4680       2264       1352
 18.75  3712 (                b_lo)    856 (          b_q*J1.0+h10)    856    752 |       3424        840       6000       4024       3040          0       4704       2272       1368
 19.00  3720 (                b_lo)    872 (          b_q*J1.0+h10)    872    766 |       3512        856       6000       4040       3128          0       4728       2288       1376
 19.25  3736 (                b_lo)    880 (          b_q*J1.0+h10)    880    773 |       3600        872       6000       4056       3224          0       4744       2296       1392
 19.50  3752 (                b_lo)    896 (          b_q*J1.0+h10)    896    788 |       3688        888       6000       4072       3312          0       4768       2304       1400
 19.75  3760 (                b_lo)    904 (          b_q*J1.0+h10)    904    795 |       3776        904       6000       4088       3408          0       4792       2312       1416
 20.00  3776 (                b_lo)    920 (          b_q*J1.0+h10)    920    809 |       3872        912       6000       4104       3512          0       4816       2328       1432
 20.25  3784 (                b_lo)    928 (          b_q*J1.0+h10)    928    816 |       3960        928       6000       4128       3616          0       4840       2336       1440
 20.50  3800 (                b_lo)    944 (          b_q*J1.0+h10)    944    830 |       4048        944       6000       4144       3720          0       4864       2344       1456
 20.75  3808 (                b_lo)    952 (          b_q*J1.0+h10)    952    837 |       4144        960       6000       4160       3832          0       4880       2352       1464
 21.00  3824 (                b_lo)    968 (          b_q*J1.0+h10)    968    851 |       4240        968       6000       4176       3944          0       4904       2368       1480
 21.25  3832 (                b_lo)    976 (          b_q*J1.0+h10)    976    858 |       4328        984       6000       4192       4056          0       4928       2376       1488
 21.50  3848 (                b_lo)    984 (          b_q*J1.0+h10)    984    865 |       4424       1000       6000       4208       4176          0       4952       2384       1504
 21.75  3856 (                b_lo)   1000 (          b_q*J1.0+h10)   1000    879 |       4520       1016       6000       4224       4296          0       4976       2392       1512
 22.00  3872 (                b_lo)   1008 (          b_q*J1.0+h10)   1008    886 |       4616       1024       6000       4240       4424          0       4992       2400       1528
 22.25  3880 (                b_lo)   1024 (          b_q*J1.0+h10)   1024    900 |       4712       1040       6000       4256       4560          0       5016       2408       1536
 22.50  3896 (                b_lo)   1032 (          b_q*J1.0+h10)   1032    907 |       4808       1056       6000       4272       4696          0       5040       2424       1552
 22.75  3904 (                b_lo)   1048 (          b_q*J1.0+h10)   1048    921 |       4904       1072       6000       4288       4840          0       5064       2432       1568
 23.00  3920 (                b_lo)   1056 (          b_q*J1.0+h10)   1056    928 |       5000       1088       6000       4304       4984          0       5080       2440       1576
 23.25  3928 (                b_lo)   1072 (          b_q*J1.0+h10)   1072    942 |       5096       1096       6000       4328       5136          0       5104       2448       1592
 23.50  3936 (                b_lo)   1080 (          b_q*J1.0+h10)   1080    949 |       5192       1112       6000       4344       5296          0       5128       2456       1600
 23.75  3952 (                b_lo)   1096 (          b_q*J1.0+h10)   1096    963 |       5296       1128       6000       4360       5456          0       5152       2464       1616
 24.00  3960 (                b_lo)   1104 (          b_q*J1.0+h10)   1104    970 |       5392       1144       6000       4376       5624          0       5168       2472       1624
 24.25  3968 (                b_lo)   1120 (          b_q*J1.0+h10)   1120    984 |       5496       1160       6000       4392       5808          0       5192       2488       1640
 24.50  3984 (                b_lo)   1128 (          b_q*J1.0+h10)   1128    991 |       5592       1168       6000       4408       5992          0       5216       2496       1648
 24.75  3992 (                b_lo)   1144 (          b_q*J1.0+h10)   1144   1005 |       5696       1184       6000       4424       6000          0       5232       2504       1664
 25.00  4000 (                b_lo)   1152 (          b_q*J1.0+h10)   1152   1012 |       5792       1200       6000       4432       6000          0       5256       2512       1672
 25.25  4016 (                b_lo)   1160 (          b_q*J1.0+h10)   1160   1020 |       5896       1216       6000       4448       6000          0       5280       2520       1688
 25.50  4024 (                b_lo)   1176 (          b_q*J1.0+h10)   1176   1034 |       6000       1232       6000       4464       6000          0       5296       2528       1696
 25.75  4032 (                b_lo)   1184 (          b_q*J1.0+h10)   1184   1041 |       6000       1240       6000       4480       6000          0       5320       2536       1712
 26.00  4048 (                b_lo)   1200 (          b_q*J1.0+h10)   1200   1055 |       6000       1256       6000       4496       6000          0       5344       2544       1720
 26.25  4056 (                b_lo)   1208 (          b_q*J1.0+h10)   1208   1062 |       6000       1272       6000       4512       6000          0       5360       2552       1736
 26.50  4064 (                b_lo)   1224 (          b_q*J1.0+h10)   1224   1076 |       6000       1288       6000       4528       6000          0       5384       2560       1744
 26.75  4072 (                b_lo)   1232 (          b_q*J1.0+h10)   1232   1083 |       6000       1304       6000       4544       6000          0       5408       2568       1760
 26.90  4080 (                b_lo)   1240 (          b_q*J1.0+h10)   1240   1090 |       6000       1312       6000       4552       6000          0       5416       2576       1768
 27.00  4080 (                b_lo)   1240 (          b_q*J1.0+h10)   1240   1090 |       6000       1312       6000       4552       6000          0       5416       2576       1768
 27.25  4080 (                b_lo)   1240 (          b_q*J1.0+h10)   1240   1090 |       6000       1312       6000       4552       6000          0       5416       2576       1768
 27.50  4080 (                b_lo)   1240 (          b_q*J1.0+h10)   1240   1090 |       6000       1312       6000       4552       6000          0       5416       2576       1768
 27.75  4080 (                b_lo)   1240 (          b_q*J1.0+h10)   1240   1090 |       6000       1312       6000       4552       6000          0       5416       2576       1768
 28.00  4080 (                b_lo)   1240 (          b_q*J1.0+h10)   1240   1090 |       6000       1312       6000       4552       6000          0       5416       2576       1768
 28.25  4080 (                b_lo)   1240 (          b_q*J1.0+h10)   1240   1090 |       6000       1312       6000       4552       6000          0       5416       2576       1768
 28.50  4080 (                b_lo)   1240 (          b_q*J1.0+h10)   1240   1090 |       6000       1312       6000       4552       6000          0       5416       2576       1768
 28.75  4080 (                b_lo)   1240 (          b_q*J1.0+h10)   1240   1090 |       6000       1312       6000       4552       6000          0       5416       2576       1768
 29.00  4080 (                b_lo)   1240 (          b_q*J1.0+h10)   1240   1090 |       6000       1312       6000       4552       6000          0       5416       2576       1768
 29.25  4080 (                b_lo)   1240 (          b_q*J1.0+h10)   1240   1090 |       6000       1312       6000       4552       6000          0       5416       2576       1768
 29.50  4080 (                b_lo)   1240 (          b_q*J1.0+h10)   1240   1090 |       6000       1312       6000       4552       6000          0       5416       2576       1768
 29.75  4080 (                b_lo)   1240 (          b_q*J1.0+h10)   1240   1090 |       6000       1312       6000       4552       6000          0       5416       2576       1768
 30.00  4080 (                b_lo)   1240 (          b_q*J1.0+h10)   1240   1090 |       6000       1312       6000       4552       6000          0       5416       2576       1768
 30.25  4080 (                b_lo)   1240 (          b_q*J1.0+h10)   1240   1090 |       6000       1312       6000       4552       6000          0       5416       2576       1768
 30.50  4080 (                b_lo)   1240 (          b_q*J1.0+h10)   1240   1090 |       6000       1312       6000       4552       6000          0       5416       2576       1768
 30.75  4080 (                b_lo)   1240 (          b_q*J1.0+h10)   1240   1090 |       6000       1312       6000       4552       6000          0       5416       2576       1768
 31.00  4080 (                b_lo)   1240 (          b_q*J1.0+h10)   1240   1090 |       6000       1312       6000       4552       6000          0       5416       2576       1768
 31.25  4080 (                b_lo)   1240 (          b_q*J1.0+h10)   1240   1090 |       6000       1312       6000       4552       6000          0       5416       2576       1768
 31.50  4080 (                b_lo)   1240 (          b_q*J1.0+h10)   1240   1090 |       6000       1312       6000       4552       6000          0       5416       2576       1768
 31.75  4080 (                b_lo)   1240 (          b_q*J1.0+h10)   1240   1090 |       6000       1312       6000       4552       6000          0       5416       2576       1768
 32.00  4080 (                b_lo)   1240 (          b_q*J1.0+h10)   1240   1090 |       6000       1312       6000       4552       6000          0       5416       2576       1768
 32.25  4080 (                b_lo)   1240 (          b_q*J1.0+h10)   1240   1090 |       6000       1312       6000       4552       6000          0       5416       2576       1768
 32.50  4080 (                b_lo)   1240 (          b_q*J1.0+h10)   1240   1090 |       6000       1312       6000       4552       6000          0       5416       2576       1768
 32.75  4080 (                b_lo)   1240 (          b_q*J1.0+h10)   1240   1090 |       6000       1312       6000       4552       6000          0       5416       2576       1768
 33.00  4080 (                b_lo)   1240 (          b_q*J1.0+h10)   1240   1090 |       6000       1312       6000       4552       6000          0       5416       2576       1768
 33.25  4080 (                b_lo)   1240 (          b_q*J1.0+h10)   1240   1090 |       6000       1312       6000       4552       6000          0       5416       2576       1768
 33.50  4080 (                b_lo)   1240 (          b_q*J1.0+h10)   1240   1090 |       6000       1312       6000       4552       6000          0       5416       2576       1768
 33.75  4080 (                b_lo)   1240 (          b_q*J1.0+h10)   1240   1090 |       6000       1312       6000       4552       6000          0       5416       2576       1768
 34.00  4080 (                b_lo)   1240 (          b_q*J1.0+h10)   1240   1090 |       6000       1312       6000       4552       6000          0       5416       2576       1768
 34.25  4080 (                b_lo)   1240 (          b_q*J1.0+h10)   1240   1090 |       6000       1312       6000       4552       6000          0       5416       2576       1768
 34.50  4080 (                b_lo)   1240 (          b_q*J1.0+h10)   1240   1090 |       6000       1312       6000       4552       6000          0       5416       2576       1768
 34.75  4080 (                b_lo)   1240 (          b_q*J1.0+h10)   1240   1090 |       6000       1312       6000       4552       6000          0       5416       2576       1768
 35.00  4080 (                b_lo)   1240 (          b_q*J1.0+h10)   1240   1090 |       6000       1312       6000       4552       6000          0       5416       2576       1768