# c1r2_design_G.py kd 22 ki_base 62 kp_base 112: G_max per member (Kp_eff = 225*G/256); tier A PM >= 45, tier B PM >= 30 (incl. every +h10); 0 = fails at the first grid point
    v    envA (binding)                envB (binding)                env  Kp_eff |       J1.3  b_lo*J1.3   b_q*J1.3 b_q*J1.3+h      tau10 b_lo*tau10    ms_free    light_b       b_q0  b_q0*J_hi  bq10*J1.0 bq10*J1.0+ bq10*J1.0*
  1.00  1256 (                J_hi)    952 (   b/1.9*J1.0*tau6+h10)    952    416 |       1584       1056       1584       1344       2504       1856       2672          0       3016       2088       1680       1424       1336
  1.25  1256 (                J_hi)    952 (   b/1.9*J1.0*tau6+h10)    952    416 |       1584       1056       1584       1344       2504       1856       2672          0       3016       2088       1680       1424       1336
  1.50  1256 (                J_hi)    952 (   b/1.9*J1.0*tau6+h10)    952    416 |       1584       1056       1584       1344       2504       1856       2672          0       3016       2088       1680       1424       1336
  1.75  1256 (                J_hi)    952 (   b/1.9*J1.0*tau6+h10)    952    416 |       1584       1056       1584       1344       2504       1856       2672          0       3016       2088       1680       1424       1336
  2.00  1256 (                J_hi)    952 (   b/1.9*J1.0*tau6+h10)    952    416 |       1584       1056       1584       1344       2504       1856       2672          0       3016       2088       1680       1424       1336
  2.25  1256 (                J_hi)    952 (   b/1.9*J1.0*tau6+h10)    952    416 |       1584       1056       1584       1344       2504       1856       2672          0       3016       2088       1680       1424       1336
  2.50  1256 (                J_hi)    952 (   b/1.9*J1.0*tau6+h10)    952    416 |       1584       1056       1584       1344       2504       1856       2672          0       3016       2088       1680       1424       1336
  2.75  1256 (                J_hi)    952 (   b/1.9*J1.0*tau6+h10)    952    416 |       1584       1056       1584       1344       2504       1856       2672          0       3016       2088       1680       1424       1336
  3.00  1256 (                J_hi)    952 (   b/1.9*J1.0*tau6+h10)    952    416 |       1584       1056       1584       1344       2504       1856       2672          0       3016       2088       1680       1424       1336
  3.10  1256 (                J_hi)    952 (   b/1.9*J1.0*tau6+h10)    952    416 |       1584       1056       1584       1344       2504       1856       2672          0       3016       2088       1680       1424       1336
  3.25  1280 (                J_hi)    976 (   b/1.9*J1.0*tau6+h10)    976    427 |       1624       1080       1624       1384       2520       1864       2664          0       3024       2096       1704       1448       1360
  3.50  1312 (                J_hi)   1008 (   b/1.9*J1.0*tau6+h10)   1008    441 |       1672       1120       1672       1440       2544       1880       2640          0       3048       2120       1752       1488       1408
  3.75  1344 (                J_hi)   1040 (   b/1.9*J1.0*tau6+h10)   1040    455 |       1720       1160       1720       1488       2560       1896       2624          0       3072       2144       1784       1528       1448
  4.00  1384 (                J_hi)   1064 (   b/1.9*J1.0*tau6+h10)   1064    466 |       1768       1192       1768       1536       2584       1904       2616          0       3096       2168       1824       1568       1488
  4.25  1408 (                J_hi)   1096 (   b/1.9*J1.0*tau6+h10)   1096    480 |       1808       1232       1808       1576       2600       1920       2600          0       3120       2192       1856       1600       1520
  4.50  1440 (                J_hi)   1120 (   b/1.9*J1.0*tau6+h10)   1120    490 |       1848       1256       1848       1616       2624       1936       2592          0       3144       2216       1888       1632       1552
  4.75  1472 (                J_hi)   1144 (   b/1.9*J1.0*tau6+h10)   1144    500 |       1880       1288       1880       1648       2640       1952       2576          0       3168       2240       1920       1664       1584
  5.00  1496 (                J_hi)   1168 (   b/1.9*J1.0*tau6+h10)   1168    511 |       1920       1320       1920       1688       2664       1960       2568          0       3192       2256       1952       1696       1616
  5.25  1520 (                J_hi)   1184 (   b/1.9*J1.0*tau6+h10)   1184    518 |       1952       1344       1952       1720       2680       1976       2560          0       3208       2280       1976       1720       1640
  5.50  1552 (                J_hi)   1208 (   b/1.9*J1.0*tau6+h10)   1208    528 |       1976       1368       1976       1744       2704       1992       2552          0       3232       2296       2000       1752       1664
  5.75  1576 (                J_hi)   1224 (   b/1.9*J1.0*tau6+h10)   1224    536 |       2008       1392       2008       1776       2720       2008       2544          0       3256       2320       2024       1776       1688
  6.00  1600 (                J_hi)   1248 (   b/1.9*J1.0*tau6+h10)   1248    546 |       2032       1408       2032       1800       2736       2016       2544          0       3280       2336       2048       1800       1712
  6.25  1616 (                J_hi)   1264 (   b/1.9*J1.0*tau6+h10)   1264    553 |       2056       1432       2056       1824       2760       2032       2536          0       3304       2360       2072       1816       1736
  6.50  1640 (                J_hi)   1280 (   b/1.9*J1.0*tau6+h10)   1280    560 |       2080       1456       2080       1848       2776       2048       2536          0       3328       2376       2096       1840       1760
  6.75  1664 (                J_hi)   1296 (   b/1.9*J1.0*tau6+h10)   1296    567 |       2104       1472       2104       1872       2800       2056       2528          0       3352       2392       2112       1864       1776
  7.00  1688 (                J_hi)   1312 (   b/1.9*J1.0*tau6+h10)   1312    574 |       2128       1488       2128       1896       2816       2072       2528          0       3376       2416       2136       1880       1800
  7.25  1704 (                J_hi)   1328 (   b/1.9*J1.0*tau6+h10)   1328    581 |       2144       1504       2144       1912       2840       2088       2528          0       3392       2432       2152       1896       1816
  7.50  1728 (                J_hi)   1336 (   b/1.9*J1.0*tau6+h10)   1336    584 |       2168       1520       2168       1936       2856       2096       2528          0       3416       2448       2168       1920       1832
  7.75  1744 (                J_hi)   1352 (   b/1.9*J1.0*tau6+h10)   1352    592 |       2184       1536       2184       1952       2880       2112       2528          0       3440       2464       2184       1936       1848
  8.00  1768 (                J_hi)   1368 (   b/1.9*J1.0*tau6+h10)   1368    598 |       2200       1552       2200       1968       2896       2128       2528          0       3464       2488       2208       1952       1864
  8.25  1784 (                J_hi)   1336 (   b/1.9*J1.0*tau6+h10)   1336    584 |       2120       1504       2120       1904       3040       2184       2208          0       3640       2512       2152       1904       1824
  8.50  1800 (                J_hi)   1304 (   b/1.9*J1.0*tau6+h10)   1304    570 |       2040       1448       2040       1832       3184       2240       1952          0       3824       2544       2096       1856       1776
  8.75  1816 (                J_hi)   1272 (   b/1.9*J1.0*tau6+h10)   1272    556 |       1960       1400       1960       1760       3336       2304       1744          0       4008       2576       2040       1808       1736
  9.00  1832 (                J_hi)   1248 (   b/1.9*J1.0*tau6+h10)   1248    546 |       1880       1344       1880       1696       3480       2360       1568          0       4192       2600       1984       1760       1688
  9.25  1848 (                J_hi)   1216 (   b/1.9*J1.0*tau6+h10)   1216    532 |       1808       1296       1808       1632       3624       2424       1424          0       4376       2632       1928       1720       1648
  9.50  1872 (                J_hi)   1184 (   b/1.9*J1.0*tau6+h10)   1184    518 |       1728       1248       1728       1568       3768       2480       1296          0       4560       2664       1880       1672       1600
  9.75  1888 (                J_hi)   1152 (   b/1.9*J1.0*tau6+h10)   1152    504 |       1656       1200       1656       1504       3912       2536       1192          0       4752       2688       1824       1624       1560
 10.00  1904 (                J_hi)    912 (   b/1.9*J1.0*tau6+h10)    912    399 |       1584        960       1584       1440       4064       2600       1104          0       4936       2720        936        864        840
 10.25  1920 (                J_hi)    888 (   b/1.9*J1.0*tau6+h10)    888    388 |       1512        920       1512       1376       4208       2656       1032          0       5128       2752        928        856        832
 10.50  1936 (                J_hi)    864 (   b/1.9*J1.0*tau6+h10)    864    378 |       1448        880       1448       1320       4352       2720        968          0       5320       2776        920        848        824
 10.75  1952 (                J_hi)    848 (   b/1.9*J1.0*tau6+h10)    848    371 |       1376        848       1376       1256       4504       2776        904          0       5504       2808        912        840        816
 11.00  1968 (                J_hi)    824 (   b/1.9*J1.0*tau6+h10)    824    360 |       1312        816       1312       1200       4648       2840        856          0       5696       2840        904        832        808
 11.25  1984 (                J_hi)    800 (   b/1.9*J1.0*tau6+h10)    800    350 |       1240        776       1240       1136       4792       2896        816          0       5896       2864        896        824        800
 11.50  2008 (                J_hi)    784 (   b/1.9*J1.0*tau6+h10)    784    343 |       1176        744       1176       1080       4936       2960        776          0       6000       2896        888        816        792
 11.75  2024 (                J_hi)    760 (   b/1.9*J1.0*tau6+h10)    760    332 |       1120        712       1120       1032       5088       3016        736          0       6000       2928        880        808        784
 11.90  2032 (                J_hi)    752 (   b/1.9*J1.0*tau6+h10)    752    329 |       1080        696       1080        992       5176       3056        720          0       6000       2944        872        808        784
 12.00  2112 (                J_hi)    776 (   b/1.9*J1.0*tau6+h10)    776    340 |       1136        720       1136       1040       5304       3128        760          0       6000       3048        888        816        792
 12.25  2304 (                J_hi)    856 (   b/1.9*J1.0*tau6+h10)    856    374 |       1272        800       1272       1168       5640       3328        856          0       6000       3320        928        856        824
 12.50  2504 (                J_hi)    856 (     b_q*J1.0*tau6+h10)    856    374 |       1416        872        792        736       5976       3528        968          0          0          0        960        888        856
 12.75  2712 (                J_hi)    888 (     b_q*J1.0*tau6+h10)    888    388 |       1568        952        824        768       6000       3728       1080          0          0          0       1000        912        888
 13.00  2912 (                J_hi)    912 (     b_q*J1.0*tau6+h10)    912    399 |       1720       1040        848        792       6000       3936       1200          0       2328          0       1024        944        912
 13.25  3128 (                J_hi)    936 (     b_q*J1.0*tau6+h10)    936    410 |       1880       1120        880        816       6000       4144       1328          0       2440          0       1056        968        936
 13.50  3344 (                J_hi)    960 (     b_q*J1.0*tau6+h10)    960    420 |       2040       1208        904        840       6000       4352       1464          0       2552          0       1088        992        960
 13.75  3560 (                J_hi)    984 (     b_q*J1.0*tau6+h10)    984    430 |       2208       1296        928        864       6000       4568       1608          0       2672          0       1112       1016        984
 14.00  3776 (                J_hi)   1000 (     b_q*J1.0*tau6+h10)   1000    438 |       2384       1384        952        888       6000       4776       1752          0       2792       1560       1136       1040       1000
 14.25  4000 (                J_hi)   1024 (     b_q*J1.0*tau6+h10)   1024    448 |       2560       1480        976        904       6000       4992       1904          0       2912       1632       1160       1056       1024
 14.50  4232 (                J_hi)   1040 (     b_q*J1.0*tau6+h10)   1040    455 |       2744       1568       1000        928       6000       5216       2064          0       3032       1704       1184       1080       1040
 14.75  4456 (                J_hi)   1064 (     b_q*J1.0*tau6+h10)   1064    466 |       2928       1664       1024        944       6000       5432       2232          0       3160       1776       1208       1096       1064
 15.00  4696 (                J_hi)   1080 (     b_q*J1.0*tau6+h10)   1080    472 |       3112       1768       1040        960       6000       5656       2408          0       3288       1848       1232       1120       1080
 15.25  4928 (                J_hi)   1096 (     b_q*J1.0*tau6+h10)   1096    480 |       3304       1864       1064        984       6000       5880       2592          0       3416       1920       1256       1136       1096
 15.50  5168 (                J_hi)   1112 (     b_q*J1.0*tau6+h10)   1112    486 |       3504       1968       1080       1000       6000       6000       2784          0       3552       2000       1272       1152       1112
 15.75  5408 (                J_hi)   1152 (     b_q*J1.0*tau6+h10)   1152    504 |       3704       2064       1104       1016       6000       6000       2976          0       3680       2072       1320       1192       1152
 16.00  5648 (                J_hi)   1200 (     b_q*J1.0*tau6+h10)   1200    525 |       3904       2168       1152       1056       6000       6000       3176          0       3816       2152       1376       1248       1200
 16.25  5888 (                J_hi)   1248 (     b_q*J1.0*tau6+h10)   1248    546 |       4112       2280       1200       1104       6000       6000       3392          0       3960       2232       1432       1296       1248
 16.50  6000 (                J_hi)   1296 (     b_q*J1.0*tau6+h10)   1296    567 |       4328       2384       1248       1144       6000       6000       3608          0       4096       2312       1488       1344       1296
 16.75  6000 (                J_hi)   1344 (     b_q*J1.0*tau6+h10)   1344    588 |       4536       2496       1296       1184       6000       6000       3824          0       4240       2392       1544       1392       1344
 17.00  6000 (                J_hi)   1392 (     b_q*J1.0*tau6+h10)   1392    609 |       4760       2608       1344       1232       6000       6000       4056          0       4384       2472       1600       1440       1392
 17.25  6000 (                J_hi)   1408 (     b_q*J1.0*tau6+h10)   1408    616 |       4888       2664       1368       1248       6000       6000       4184          0       4400       2496       1624       1464       1408
 17.50  6000 (                J_hi)   1432 (     b_q*J1.0*tau6+h10)   1432    626 |       5024       2728       1384       1272       6000       6000       4304          0       4416       2512       1648       1488       1432
 17.75  6000 (                J_hi)   1448 (     b_q*J1.0*tau6+h10)   1448    634 |       5160       2792       1408       1296       6000       6000       4440          0       4440       2536       1664       1504       1448
 18.00  6000 (                J_hi)   1472 (     b_q*J1.0*tau6+h10)   1472    644 |       5296       2848       1432       1312       6000       6000       4576          0       4456       2560       1688       1528       1472
 18.25  6000 (                J_hi)   1488 (     b_q*J1.0*tau6+h10)   1488    651 |       5432       2912       1456       1336       6000       6000       4712          0       4480       2584       1712       1544       1488
 18.50  6000 (                J_hi)   1512 (     b_q*J1.0*tau6+h10)   1512    662 |       5568       2976       1480       1360       6000       6000       4856          0       4496       2608       1736       1568       1512
 18.75  6000 (                J_hi)   1528 (     b_q*J1.0*tau6+h10)   1528    668 |       5704       3032       1504       1376       6000       6000       5008          0       4512       2632       1760       1584       1528
 19.00  6000 (                J_hi)   1552 (     b_q*J1.0*tau6+h10)   1552    679 |       5840       3096       1520       1400       6000       6000       5160          0       4528       2648       1776       1608       1552
 19.25  6000 (                J_hi)   1568 (     b_q*J1.0*tau6+h10)   1568    686 |       5984       3160       1544       1416       6000       6000       5320          0       4552       2672       1800       1624       1568
 19.50  6000 (                J_hi)   1592 (     b_q*J1.0*tau6+h10)   1592    696 |       6000       3216       1568       1440       6000       6000       5488          0       4568       2696       1824       1648       1592
 19.75  6000 (                J_hi)   1608 (     b_q*J1.0*tau6+h10)   1608    704 |       6000       3280       1592       1456       6000       6000       5656          0       4584       2720       1848       1664       1608
 20.00  6000 (                J_hi)   1624 (     b_q*J1.0*tau6+h10)   1624    710 |       6000       3344       1616       1480       6000       6000       5832          0       4600       2736       1864       1688       1624
 20.25  6000 (                J_hi)   1648 (     b_q*J1.0*tau6+h10)   1648    721 |       6000       3408       1632       1504       6000       6000       6000          0       4624       2760       1888       1704       1648
 20.50  6000 (                J_hi)   1664 (     b_q*J1.0*tau6+h10)   1664    728 |       6000       3472       1656       1520       6000       6000       6000          0       4640       2784       1912       1728       1664
 20.75  6000 (                J_hi)   1680 (     b_q*J1.0*tau6+h10)   1680    735 |       6000       3536       1680       1544       6000       6000       6000          0       4656       2808       1936       1744       1680
 21.00  6000 (                J_hi)   1704 (     b_q*J1.0*tau6+h10)   1704    746 |       6000       3600       1704       1560       6000       6000       6000          0       4672       2824       1952       1768       1704
 21.25  6000 (                J_hi)   1720 (     b_q*J1.0*tau6+h10)   1720    752 |       6000       3656       1728       1584       6000       6000       6000          0       4688       2848       1976       1784       1720
 21.50  6000 (                J_hi)   1736 (     b_q*J1.0*tau6+h10)   1736    760 |       6000       3720       1744       1600       6000       6000       6000          0       4704       2872       2000       1800       1736
 21.75  6000 (                J_hi)   1760 (     b_q*J1.0*tau6+h10)   1760    770 |       6000       3784       1768       1624       6000       6000       6000          0       4728       2888       2024       1824       1760
 22.00  6000 (                J_hi)   1776 (     b_q*J1.0*tau6+h10)   1776    777 |       6000       3848       1792       1640       6000       6000       6000          0       4744       2912       2040       1840       1776
 22.25  6000 (                J_hi)   1792 (     b_q*J1.0*tau6+h10)   1792    784 |       6000       3912       1816       1656       6000       6000       6000          0       4760       2936       2064       1864       1792
 22.50  6000 (                J_hi)   1816 (     b_q*J1.0*tau6+h10)   1816    794 |       6000       3976       1832       1680       6000       6000       6000          0       4776       2952       2088       1880       1816
 22.75  6000 (                J_hi)   1832 (     b_q*J1.0*tau6+h10)   1832    802 |       6000       4040       1856       1696       6000       6000       6000          0       4792       2976       2104       1896       1832
 23.00  6000 (                J_hi)   1848 (     b_q*J1.0*tau6+h10)   1848    808 |       6000       4112       1880       1720       6000       6000       6000          0       4808       3000       2128       1920       1848
 23.25  6000 (                J_hi)   1864 (     b_q*J1.0*tau6+h10)   1864    816 |       6000       4176       1904       1736       6000       6000       6000          0       4824       3016       2152       1936       1864
 23.50  6000 (                J_hi)   1888 (     b_q*J1.0*tau6+h10)   1888    826 |       6000       4240       1920       1760       6000       6000       6000          0       4840       3040       2168       1952       1888
 23.75  6000 (                J_hi)   1904 (     b_q*J1.0*tau6+h10)   1904    833 |       6000       4304       1944       1776       6000       6000       6000          0       4856       3056       2192       1976       1904
 24.00  6000 (                J_hi)   1920 (     b_q*J1.0*tau6+h10)   1920    840 |       6000       4368       1968       1792       6000       6000       6000          0       4872       3080       2216       1992       1920
 24.25  6000 (                J_hi)   1936 (     b_q*J1.0*tau6+h10)   1936    847 |       6000       4432       1984       1816       6000       6000       6000          0       4888       3104       2232       2008       1936
 24.50  6000 (                J_hi)   1952 (     b_q*J1.0*tau6+h10)   1952    854 |       6000       4504       2008       1832       6000       6000       6000          0       4904       3120       2256       2032       1952
 24.75  6000 (                J_hi)   1968 (     b_q*J1.0*tau6+h10)   1968    861 |       6000       4568       2032       1856       6000       6000       6000          0       4912       3144       2280       2048       1968
 25.00  6000 (                J_hi)   1992 (     b_q*J1.0*tau6+h10)   1992    872 |       6000       4632       2048       1872       6000       6000       6000          0       4928       3160       2296       2064       1992
 25.25  6000 (                J_hi)   2008 (     b_q*J1.0*tau6+h10)   2008    878 |       6000       4696       2072       1888       6000       6000       6000          0       4944       3184       2320       2080       2008
 25.50  6000 (                J_hi)   2024 (     b_q*J1.0*tau6+h10)   2024    886 |       6000       4768       2096       1904       6000       6000       6000          0       4960       3200       2336       2104       2024
 25.75  6000 (                J_hi)   2040 (     b_q*J1.0*tau6+h10)   2040    892 |       6000       4832       2112       1928       6000       6000       6000          0       4976       3224       2360       2120       2040
 26.00  6000 (                J_hi)   2056 (     b_q*J1.0*tau6+h10)   2056    900 |       6000       4896       2136       1944       6000       6000       6000          0       4992       3240       2384       2136       2056
 26.25  6000 (                J_hi)   2072 (     b_q*J1.0*tau6+h10)   2072    906 |       6000       4968       2160       1960       6000       6000       6000          0       5000       3264       2400       2152       2072
 26.50  6000 (                J_hi)   2088 (     b_q*J1.0*tau6+h10)   2088    914 |       6000       5032       2176       1984       6000       6000       6000          0       5016       3280       2424       2168       2088
 26.75  6000 (                J_hi)   2104 (     b_q*J1.0*tau6+h10)   2104    920 |       6000       5104       2200       2000       6000       6000       6000          0       5032       3304       2440       2192       2104
 26.90  6000 (                J_hi)   2112 (     b_q*J1.0*tau6+h10)   2112    924 |       6000       5144       2216       2008       6000       6000       6000          0       5040       3312       2456       2200       2112
 27.00  6000 (                J_hi)   2112 (     b_q*J1.0*tau6+h10)   2112    924 |       6000       5144       2216       2008       6000       6000       6000          0       5040       3312       2456       2200       2112
 27.25  6000 (                J_hi)   2112 (     b_q*J1.0*tau6+h10)   2112    924 |       6000       5144       2216       2008       6000       6000       6000          0       5040       3312       2456       2200       2112
 27.50  6000 (                J_hi)   2112 (     b_q*J1.0*tau6+h10)   2112    924 |       6000       5144       2216       2008       6000       6000       6000          0       5040       3312       2456       2200       2112
 27.75  6000 (                J_hi)   2112 (     b_q*J1.0*tau6+h10)   2112    924 |       6000       5144       2216       2008       6000       6000       6000          0       5040       3312       2456       2200       2112
 28.00  6000 (                J_hi)   2112 (     b_q*J1.0*tau6+h10)   2112    924 |       6000       5144       2216       2008       6000       6000       6000          0       5040       3312       2456       2200       2112
 28.25  6000 (                J_hi)   2112 (     b_q*J1.0*tau6+h10)   2112    924 |       6000       5144       2216       2008       6000       6000       6000          0       5040       3312       2456       2200       2112
 28.50  6000 (                J_hi)   2112 (     b_q*J1.0*tau6+h10)   2112    924 |       6000       5144       2216       2008       6000       6000       6000          0       5040       3312       2456       2200       2112
 28.75  6000 (                J_hi)   2112 (     b_q*J1.0*tau6+h10)   2112    924 |       6000       5144       2216       2008       6000       6000       6000          0       5040       3312       2456       2200       2112
 29.00  6000 (                J_hi)   2112 (     b_q*J1.0*tau6+h10)   2112    924 |       6000       5144       2216       2008       6000       6000       6000          0       5040       3312       2456       2200       2112
 29.25  6000 (                J_hi)   2112 (     b_q*J1.0*tau6+h10)   2112    924 |       6000       5144       2216       2008       6000       6000       6000          0       5040       3312       2456       2200       2112
 29.50  6000 (                J_hi)   2112 (     b_q*J1.0*tau6+h10)   2112    924 |       6000       5144       2216       2008       6000       6000       6000          0       5040       3312       2456       2200       2112
 29.75  6000 (                J_hi)   2112 (     b_q*J1.0*tau6+h10)   2112    924 |       6000       5144       2216       2008       6000       6000       6000          0       5040       3312       2456       2200       2112
 30.00  6000 (                J_hi)   2112 (     b_q*J1.0*tau6+h10)   2112    924 |       6000       5144       2216       2008       6000       6000       6000          0       5040       3312       2456       2200       2112
 30.25  6000 (                J_hi)   2112 (     b_q*J1.0*tau6+h10)   2112    924 |       6000       5144       2216       2008       6000       6000       6000          0       5040       3312       2456       2200       2112
 30.50  6000 (                J_hi)   2112 (     b_q*J1.0*tau6+h10)   2112    924 |       6000       5144       2216       2008       6000       6000       6000          0       5040       3312       2456       2200       2112
 30.75  6000 (                J_hi)   2112 (     b_q*J1.0*tau6+h10)   2112    924 |       6000       5144       2216       2008       6000       6000       6000          0       5040       3312       2456       2200       2112
 31.00  6000 (                J_hi)   2112 (     b_q*J1.0*tau6+h10)   2112    924 |       6000       5144       2216       2008       6000       6000       6000          0       5040       3312       2456       2200       2112
 31.25  6000 (                J_hi)   2112 (     b_q*J1.0*tau6+h10)   2112    924 |       6000       5144       2216       2008       6000       6000       6000          0       5040       3312       2456       2200       2112
 31.50  6000 (                J_hi)   2112 (     b_q*J1.0*tau6+h10)   2112    924 |       6000       5144       2216       2008       6000       6000       6000          0       5040       3312       2456       2200       2112
 31.75  6000 (                J_hi)   2112 (     b_q*J1.0*tau6+h10)   2112    924 |       6000       5144       2216       2008       6000       6000       6000          0       5040       3312       2456       2200       2112
 32.00  6000 (                J_hi)   2112 (     b_q*J1.0*tau6+h10)   2112    924 |       6000       5144       2216       2008       6000       6000       6000          0       5040       3312       2456       2200       2112
 32.25  6000 (                J_hi)   2112 (     b_q*J1.0*tau6+h10)   2112    924 |       6000       5144       2216       2008       6000       6000       6000          0       5040       3312       2456       2200       2112
 32.50  6000 (                J_hi)   2112 (     b_q*J1.0*tau6+h10)   2112    924 |       6000       5144       2216       2008       6000       6000       6000          0       5040       3312       2456       2200       2112
 32.75  6000 (                J_hi)   2112 (     b_q*J1.0*tau6+h10)   2112    924 |       6000       5144       2216       2008       6000       6000       6000          0       5040       3312       2456       2200       2112
 33.00  6000 (                J_hi)   2112 (     b_q*J1.0*tau6+h10)   2112    924 |       6000       5144       2216       2008       6000       6000       6000          0       5040       3312       2456       2200       2112
 33.25  6000 (                J_hi)   2112 (     b_q*J1.0*tau6+h10)   2112    924 |       6000       5144       2216       2008       6000       6000       6000          0       5040       3312       2456       2200       2112
 33.50  6000 (                J_hi)   2112 (     b_q*J1.0*tau6+h10)   2112    924 |       6000       5144       2216       2008       6000       6000       6000          0       5040       3312       2456       2200       2112
 33.75  6000 (                J_hi)   2112 (     b_q*J1.0*tau6+h10)   2112    924 |       6000       5144       2216       2008       6000       6000       6000          0       5040       3312       2456       2200       2112
 34.00  6000 (                J_hi)   2112 (     b_q*J1.0*tau6+h10)   2112    924 |       6000       5144       2216       2008       6000       6000       6000          0       5040       3312       2456       2200       2112
 34.25  6000 (                J_hi)   2112 (     b_q*J1.0*tau6+h10)   2112    924 |       6000       5144       2216       2008       6000       6000       6000          0       5040       3312       2456       2200       2112
 34.50  6000 (                J_hi)   2112 (     b_q*J1.0*tau6+h10)   2112    924 |       6000       5144       2216       2008       6000       6000       6000          0       5040       3312       2456       2200       2112
 34.75  6000 (                J_hi)   2112 (     b_q*J1.0*tau6+h10)   2112    924 |       6000       5144       2216       2008       6000       6000       6000          0       5040       3312       2456       2200       2112
 35.00  6000 (                J_hi)   2112 (     b_q*J1.0*tau6+h10)   2112    924 |       6000       5144       2216       2008       6000       6000       6000          0       5040       3312       2456       2200       2112