# c1r2_design_G.py kd 16 ki_base 100 kp_base 225: G_max per member (Kp_eff = 225*G/256); tier A PM >= 45, tier B PM >= 30 (incl. every +h10); 0 = fails at the first grid point
    v    envA (binding)                envB (binding)                env  Kp_eff |       J1.3   b_q*J1.3      tau10 b_lo*tau10    ms_free    light_b b/1.9 (G3a       b_q0  b_q0*J_hi
  1.00   584 (                J_hi)    536 (    b_lo*J_hi*tau6+h10)    536    471 |        904        904       1120        808       1192        504        952       1336        968
  1.25   584 (                J_hi)    536 (    b_lo*J_hi*tau6+h10)    536    471 |        904        904       1120        808       1192        504        952       1336        968
  1.50   584 (                J_hi)    536 (    b_lo*J_hi*tau6+h10)    536    471 |        904        904       1120        808       1192        504        952       1336        968
  1.75   584 (                J_hi)    536 (    b_lo*J_hi*tau6+h10)    536    471 |        904        904       1120        808       1192        504        952       1336        968
  2.00   584 (                J_hi)    536 (    b_lo*J_hi*tau6+h10)    536    471 |        904        904       1120        808       1192        504        952       1336        968
  2.25   584 (                J_hi)    536 (    b_lo*J_hi*tau6+h10)    536    471 |        904        904       1120        808       1192        504        952       1336        968
  2.50   584 (                J_hi)    536 (    b_lo*J_hi*tau6+h10)    536    471 |        904        904       1120        808       1192        504        952       1336        968
  2.75   584 (                J_hi)    536 (    b_lo*J_hi*tau6+h10)    536    471 |        904        904       1120        808       1192        504        952       1336        968
  3.00   584 (                J_hi)    536 (    b_lo*J_hi*tau6+h10)    536    471 |        904        904       1120        808       1192        504        952       1336        968
  3.10   584 (                J_hi)    536 (    b_lo*J_hi*tau6+h10)    536    471 |        904        904       1120        808       1192        504        952       1336        968
  3.25   592 (                J_hi)    544 (    b_lo*J_hi*tau6+h10)    544    478 |        920        920       1128        816       1184        504        960       1344        976
  3.50   616 (                J_hi)    552 (    b_lo*J_hi*tau6+h10)    552    485 |        936        936       1136        824       1184        504        968       1360        984
  3.75   632 (                J_hi)    560 (    b_lo*J_hi*tau6+h10)    560    492 |        952        952       1152        832       1176        504        976       1368       1000
  4.00   640 (                J_hi)    568 (    b_lo*J_hi*tau6+h10)    568    499 |        968        968       1160        832       1176        504        984       1376       1008
  4.25   656 (                J_hi)    576 (    b_lo*J_hi*tau6+h10)    576    506 |        984        984       1168        840       1168        512        992       1392       1016
  4.50   672 (                J_hi)    584 (    b_lo*J_hi*tau6+h10)    584    513 |       1000       1000       1176        848       1168        512       1000       1400       1032
  4.75   688 (                J_hi)    592 (    b_lo*J_hi*tau6+h10)    592    520 |       1016       1016       1192        856       1168        512       1008       1416       1040
  5.00   696 (                J_hi)    600 (    b_lo*J_hi*tau6+h10)    600    527 |       1024       1024       1200        864       1168        512       1016       1424       1048
  5.25   712 (                J_hi)    608 (    b_lo*J_hi*tau6+h10)    608    534 |       1040       1040       1208        872       1168        512       1024       1440       1056
  5.50   720 (                J_hi)    616 (    b_lo*J_hi*tau6+h10)    616    541 |       1048       1048       1224        880       1168        520       1032       1448       1072
  5.75   736 (                J_hi)    624 (    b_lo*J_hi*tau6+h10)    624    548 |       1064       1064       1232        888       1160        520       1040       1464       1080
  6.00   744 (                J_hi)    632 (    b_lo*J_hi*tau6+h10)    632    555 |       1072       1072       1240        896       1160        520       1048       1472       1088
  6.25   752 (                J_hi)    640 (    b_lo*J_hi*tau6+h10)    640    562 |       1080       1080       1248        904       1168        520       1056       1488       1096
  6.50   768 (                J_hi)    640 (    b_lo*J_hi*tau6+h10)    640    562 |       1088       1088       1264        912       1168        520       1064       1496       1104
  6.75   776 (                J_hi)    648 (    b_lo*J_hi*tau6+h10)    648    570 |       1096       1096       1272        920       1168        528       1080       1512       1112
  7.00   784 (                J_hi)    656 (    b_lo*J_hi*tau6+h10)    656    577 |       1104       1104       1280        920       1168        528       1088       1520       1120
  7.25   792 (                J_hi)    664 (    b_lo*J_hi*tau6+h10)    664    584 |       1112       1112       1288        928       1168        528       1096       1528       1136
  7.50   808 (                J_hi)    672 (    b_lo*J_hi*tau6+h10)    672    591 |       1120       1120       1304        936       1168        528       1104       1544       1144
  7.75   816 (                J_hi)    672 (    b_lo*J_hi*tau6+h10)    672    591 |       1128       1128       1312        944       1176          0       1112       1552       1152
  8.00   824 (                J_hi)    680 (    b_lo*J_hi*tau6+h10)    680    598 |       1128       1128       1320        952       1176          0       1120       1568       1160
  8.25   832 (                J_hi)    688 (    b_lo*J_hi*tau6+h10)    688    605 |       1088       1088       1392        984       1032          0       1176       1656       1176
  8.50   840 (                J_hi)    696 (    b_lo*J_hi*tau6+h10)    696    612 |       1048       1048       1464       1008        920          0       1232       1744       1184
  8.75   848 (                J_hi)    704 (    b_lo*J_hi*tau6+h10)    704    619 |       1000       1000       1536       1040        832          0       1296       1832       1200
  9.00   864 (                J_hi)    712 (    b_lo*J_hi*tau6+h10)    712    626 |        960        960       1608       1064        752          0       1352       1920       1216
  9.25   872 (                J_hi)    720 (    b_lo*J_hi*tau6+h10)    720    633 |        920        920       1680       1096        688          0       1416       2016       1232
  9.50   880 (                J_hi)    720 (    b_lo*J_hi*tau6+h10)    720    633 |        880        880       1752       1120        632          0       1480       2104       1248
  9.75   888 (                J_hi)    728 (    b_lo*J_hi*tau6+h10)    728    640 |        840        840       1824       1152        584          0       1536       2200       1264
 10.00   896 (                J_hi)    600 (        b/1.9*J_hi+h10)    600    527 |        808        808       1896       1176        544          0       1216       2296       1280
 10.25   904 (                J_hi)    608 (        b/1.9*J_hi+h10)    608    534 |        768        768       1968       1208        512          0       1264       2384       1296
 10.50   912 (                J_hi)    616 (        b/1.9*J_hi+h10)    616    541 |        728        728       2048       1240        480          0       1312       2480       1304
 10.75   928 (                J_hi)    616 (    b_lo*J_hi*tau6+h10)    616    541 |        696        696       2120       1264        456          0       1360       2576       1320
 11.00   936 (                J_hi)    624 (        b/1.9*J_hi+h10)    624    548 |        656        656       2192       1296        432          0       1400       2672       1336
 11.25   944 (                J_hi)    632 (        b/1.9*J_hi+h10)    632    555 |        624        624       2272       1320        408          0       1448       2776       1352
 11.50   952 (                J_hi)    624 (         J1.0*tau6+h10)    624    548 |        592        592       2344       1352        392          0       1496       2872       1368
 11.75   960 (                J_hi)    600 (         J1.0*tau6+h10)    600    527 |        552        552       2416       1384        376          0       1544       2968       1384
 11.90   968 (                J_hi)    592 (         J1.0*tau6+h10)    592    520 |        536        536       2464       1400        368          0       1576       3024       1392
 12.00  1008 (                J_hi)    616 (         J1.0*tau6+h10)    616    541 |        560        560       2528       1440        384          0       1616       3112       1448
 12.25  1104 (                J_hi)    688 (         J1.0*tau6+h10)    688    605 |        632        632       2704       1536        440          0       1728       3328       1584
 12.50  1208 (                J_hi)    400 (          b_q*J1.0+h10)    400    352 |        712        368       2872       1632        496          0       1840        928        488
 12.75  1312 (                J_hi)    416 (          b_q*J1.0+h10)    416    366 |        784        376       3048       1736        560          0       1960        984        520
 13.00  1416 (                J_hi)    432 (          b_q*J1.0+h10)    432    380 |        864        392       3224       1840        624          0       2080       1032        552
 13.25  1528 (                J_hi)    440 (          b_q*J1.0+h10)    440    387 |        952        408       3400       1944        688          0       2200       1088        584
 13.50  1640 (                J_hi)    456 (          b_q*J1.0+h10)    456    401 |       1032        416       3576       2048        760          0       2320       1144        624
 13.75  1752 (                J_hi)    464 (          b_q*J1.0+h10)    464    408 |       1120        432       3752       2152        832          0       2440       1200        656
 14.00  1864 (                J_hi)    472 (          b_q*J1.0+h10)    472    415 |       1216        440       3936       2256        912          0       2568       1264        688
 14.25  1976 (                J_hi)    480 (          b_q*J1.0+h10)    480    422 |       1304        448       4112       2368        992          0       2696       1320        720
 14.50  2096 (                J_hi)    496 (          b_q*J1.0+h10)    496    436 |       1400        456       4296       2480       1080          0       2824       1376        760
 14.75  2216 (                J_hi)    504 (          b_q*J1.0+h10)    504    443 |       1496        472       4480       2584       1168          0       2952       1440        792
 15.00  2336 (                J_hi)    512 (          b_q*J1.0+h10)    512    450 |       1592        480       4664       2696       1264          0       3088       1504        832
 15.25  2456 (                J_hi)    520 (          b_q*J1.0+h10)    520    457 |       1696        488       4848       2808       1352          0       3216       1568        864
 15.50  2584 (                J_hi)    528 (          b_q*J1.0+h10)    528    464 |       1800        496       5032       2928       1456          0       3352       1632        904
 15.75  2704 (                J_hi)    544 (          b_q*J1.0+h10)    544    478 |       1904        504       5224       3040       1560          0       3488       1696        944
 16.00  2832 (                J_hi)    568 (          b_q*J1.0+h10)    568    499 |       2008        528       5408       3152       1664          0       3632       1760        976
 16.25  2960 (                J_hi)    600 (          b_q*J1.0+h10)    600    527 |       2112        552       5592       3272       1768          0       3768       1832       1016
 16.50  3088 (                J_hi)    624 (          b_q*J1.0+h10)    624    548 |       2224        576       5784       3384       1880          0       3912       1896       1056
 16.75  3200 (                b_lo)    648 (          b_q*J1.0+h10)    648    570 |       2336        600       5976       3504       2000          0       4048       1968       1096
 17.00  3312 (                b_lo)    672 (          b_q*J1.0+h10)    672    591 |       2448        624       6000       3624       2120          0       4192       2040       1136
 17.25  3328 (                b_lo)    680 (          b_q*J1.0+h10)    680    598 |       2520        640       6000       3640       2184          0       4216       2048       1152
 17.50  3336 (                b_lo)    696 (          b_q*J1.0+h10)    696    612 |       2592        648       6000       3648       2248          0       4232       2056       1160
 17.75  3344 (                b_lo)    704 (          b_q*J1.0+h10)    704    619 |       2672        664       6000       3664       2320          0       4256       2064       1168
 18.00  3360 (                b_lo)    712 (          b_q*J1.0+h10)    712    626 |       2744        672       6000       3680       2392          0       4280       2072       1184
 18.25  3368 (                b_lo)    720 (          b_q*J1.0+h10)    720    633 |       2816        688       6000       3696       2464          0       4296       2080       1192
 18.50  3376 (                b_lo)    736 (          b_q*J1.0+h10)    736    647 |       2896        696       6000       3712       2536          0       4320       2096       1208
 18.75  3384 (                b_lo)    744 (          b_q*J1.0+h10)    744    654 |       2968        712       6000       3728       2616          0       4336       2104       1216
 19.00  3400 (                b_lo)    752 (          b_q*J1.0+h10)    752    661 |       3048        720       6000       3744       2696          0       4360       2112       1224
 19.25  3408 (                b_lo)    768 (          b_q*J1.0+h10)    768    675 |       3128        736       6000       3760       2776          0       4376       2120       1240
 19.50  3416 (                b_lo)    776 (          b_q*J1.0+h10)    776    682 |       3200        744       6000       3776       2864          0       4400       2128       1248
 19.75  3424 (                b_lo)    784 (          b_q*J1.0+h10)    784    689 |       3280        760       6000       3784       2952          0       4416       2136       1264
 20.00  3440 (                b_lo)    800 (          b_q*J1.0+h10)    800    703 |       3360        768       6000       3800       3048          0       4440       2144       1272
 20.25  3448 (                b_lo)    808 (          b_q*J1.0+h10)    808    710 |       3440        784       6000       3816       3136          0       4456       2152       1280
 20.50  3456 (                b_lo)    816 (          b_q*J1.0+h10)    816    717 |       3520        792       6000       3832       3232          0       4480       2160       1296
 20.75  3464 (                b_lo)    824 (          b_q*J1.0+h10)    824    724 |       3600        808       6000       3848       3336          0       4496       2168       1304
 21.00  3472 (                b_lo)    840 (          b_q*J1.0+h10)    840    738 |       3680        816       6000       3856       3440          0       4520       2176       1312
 21.25  3480 (                b_lo)    848 (          b_q*J1.0+h10)    848    745 |       3760        832       6000       3872       3544          0       4536       2184       1328
 21.50  3488 (                b_lo)    856 (          b_q*J1.0+h10)    856    752 |       3848        840       6000       3888       3656          0       4552       2192       1336
 21.75  3504 (                b_lo)    872 (          b_q*J1.0+h10)    872    766 |       3928        856       6000       3904       3776          0       4576       2200       1344
 22.00  3512 (                b_lo)    880 (          b_q*J1.0+h10)    880    773 |       4016        864       6000       3920       3888          0       4592       2208       1360
 22.25  3520 (                b_lo)    888 (          b_q*J1.0+h10)    888    780 |       4096        880       6000       3928       4016          0       4616       2216       1368
 22.50  3528 (                b_lo)    896 (          b_q*J1.0+h10)    896    788 |       4184        888       6000       3944       4144          0       4632       2224       1384
 22.75  3536 (                b_lo)    912 (          b_q*J1.0+h10)    912    802 |       4264        904       6000       3960       4272          0       4648       2232       1392
 23.00  3544 (                b_lo)    920 (          b_q*J1.0+h10)    920    809 |       4352        912       6000       3968       4408          0       4672       2240       1400
 23.25  3552 (                b_lo)    928 (          b_q*J1.0+h10)    928    816 |       4440        928       6000       3984       4552          0       4688       2248       1408
 23.50  3560 (                b_lo)    936 (          b_q*J1.0+h10)    936    823 |       4520        936       6000       4000       4704          0       4712       2256       1424
 23.75  3568 (                b_lo)    952 (          b_q*J1.0+h10)    952    837 |       4608        952       6000       4016       4856          0       4728       2264       1432
 24.00  3576 (                b_lo)    960 (          b_q*J1.0+h10)    960    844 |       4696        960       6000       4024       5016          0       4744       2272       1440
 24.25  3584 (                b_lo)    968 (          b_q*J1.0+h10)    968    851 |       4784        968       6000       4040       5184          0       4768       2280       1456
 24.50  3592 (                b_lo)    976 (          b_q*J1.0+h10)    976    858 |       4872        984       6000       4056       5360          0       4784       2280       1464
 24.75  3600 (                b_lo)    992 (          b_q*J1.0+h10)    992    872 |       4960        992       6000       4064       5536          0       4800       2288       1472
 25.00  3608 (                b_lo)   1000 (          b_q*J1.0+h10)   1000    879 |       5048       1008       6000       4080       5728          0       4824       2296       1488
 25.25  3608 (                b_lo)   1008 (          b_q*J1.0+h10)   1008    886 |       5144       1016       6000       4088       5928          0       4840       2304       1496
 25.50  3616 (                b_lo)   1016 (          b_q*J1.0+h10)   1016    893 |       5232       1032       6000       4104       6000          0       4856       2312       1504
 25.75  3624 (                b_lo)   1024 (          b_q*J1.0+h10)   1024    900 |       5320       1040       6000       4120       6000          0       4872       2320       1512
 26.00  3632 (                b_lo)   1040 (          b_q*J1.0+h10)   1040    914 |       5416       1056       6000       4128       6000          0       4896       2328       1528
 26.25  3640 (                b_lo)   1048 (          b_q*J1.0+h10)   1048    921 |       5504       1064       6000       4144       6000          0       4912       2336       1536
 26.50  3648 (                b_lo)   1056 (          b_q*J1.0+h10)   1056    928 |       5600       1080       6000       4152       6000          0       4928       2336       1544
 26.75  3656 (                b_lo)   1064 (          b_q*J1.0+h10)   1064    935 |       5688       1088       6000       4168       6000          0       4944       2344       1560
 26.90  3656 (                b_lo)   1072 (          b_q*J1.0+h10)   1072    942 |       5744       1096       6000       4176       6000          0       4960       2352       1560
 27.00  3656 (                b_lo)   1072 (          b_q*J1.0+h10)   1072    942 |       5744       1096       6000       4176       6000          0       4960       2352       1560
 27.25  3656 (                b_lo)   1072 (          b_q*J1.0+h10)   1072    942 |       5744       1096       6000       4176       6000          0       4960       2352       1560
 27.50  3656 (                b_lo)   1072 (          b_q*J1.0+h10)   1072    942 |       5744       1096       6000       4176       6000          0       4960       2352       1560
 27.75  3656 (                b_lo)   1072 (          b_q*J1.0+h10)   1072    942 |       5744       1096       6000       4176       6000          0       4960       2352       1560
 28.00  3656 (                b_lo)   1072 (          b_q*J1.0+h10)   1072    942 |       5744       1096       6000       4176       6000          0       4960       2352       1560
 28.25  3656 (                b_lo)   1072 (          b_q*J1.0+h10)   1072    942 |       5744       1096       6000       4176       6000          0       4960       2352       1560
 28.50  3656 (                b_lo)   1072 (          b_q*J1.0+h10)   1072    942 |       5744       1096       6000       4176       6000          0       4960       2352       1560
 28.75  3656 (                b_lo)   1072 (          b_q*J1.0+h10)   1072    942 |       5744       1096       6000       4176       6000          0       4960       2352       1560
 29.00  3656 (                b_lo)   1072 (          b_q*J1.0+h10)   1072    942 |       5744       1096       6000       4176       6000          0       4960       2352       1560
 29.25  3656 (                b_lo)   1072 (          b_q*J1.0+h10)   1072    942 |       5744       1096       6000       4176       6000          0       4960       2352       1560
 29.50  3656 (                b_lo)   1072 (          b_q*J1.0+h10)   1072    942 |       5744       1096       6000       4176       6000          0       4960       2352       1560
 29.75  3656 (                b_lo)   1072 (          b_q*J1.0+h10)   1072    942 |       5744       1096       6000       4176       6000          0       4960       2352       1560
 30.00  3656 (                b_lo)   1072 (          b_q*J1.0+h10)   1072    942 |       5744       1096       6000       4176       6000          0       4960       2352       1560
 30.25  3656 (                b_lo)   1072 (          b_q*J1.0+h10)   1072    942 |       5744       1096       6000       4176       6000          0       4960       2352       1560
 30.50  3656 (                b_lo)   1072 (          b_q*J1.0+h10)   1072    942 |       5744       1096       6000       4176       6000          0       4960       2352       1560
 30.75  3656 (                b_lo)   1072 (          b_q*J1.0+h10)   1072    942 |       5744       1096       6000       4176       6000          0       4960       2352       1560
 31.00  3656 (                b_lo)   1072 (          b_q*J1.0+h10)   1072    942 |       5744       1096       6000       4176       6000          0       4960       2352       1560
 31.25  3656 (                b_lo)   1072 (          b_q*J1.0+h10)   1072    942 |       5744       1096       6000       4176       6000          0       4960       2352       1560
 31.50  3656 (                b_lo)   1072 (          b_q*J1.0+h10)   1072    942 |       5744       1096       6000       4176       6000          0       4960       2352       1560
 31.75  3656 (                b_lo)   1072 (          b_q*J1.0+h10)   1072    942 |       5744       1096       6000       4176       6000          0       4960       2352       1560
 32.00  3656 (                b_lo)   1072 (          b_q*J1.0+h10)   1072    942 |       5744       1096       6000       4176       6000          0       4960       2352       1560
 32.25  3656 (                b_lo)   1072 (          b_q*J1.0+h10)   1072    942 |       5744       1096       6000       4176       6000          0       4960       2352       1560
 32.50  3656 (                b_lo)   1072 (          b_q*J1.0+h10)   1072    942 |       5744       1096       6000       4176       6000          0       4960       2352       1560
 32.75  3656 (                b_lo)   1072 (          b_q*J1.0+h10)   1072    942 |       5744       1096       6000       4176       6000          0       4960       2352       1560
 33.00  3656 (                b_lo)   1072 (          b_q*J1.0+h10)   1072    942 |       5744       1096       6000       4176       6000          0       4960       2352       1560
 33.25  3656 (                b_lo)   1072 (          b_q*J1.0+h10)   1072    942 |       5744       1096       6000       4176       6000          0       4960       2352       1560
 33.50  3656 (                b_lo)   1072 (          b_q*J1.0+h10)   1072    942 |       5744       1096       6000       4176       6000          0       4960       2352       1560
 33.75  3656 (                b_lo)   1072 (          b_q*J1.0+h10)   1072    942 |       5744       1096       6000       4176       6000          0       4960       2352       1560
 34.00  3656 (                b_lo)   1072 (          b_q*J1.0+h10)   1072    942 |       5744       1096       6000       4176       6000          0       4960       2352       1560
 34.25  3656 (                b_lo)   1072 (          b_q*J1.0+h10)   1072    942 |       5744       1096       6000       4176       6000          0       4960       2352       1560
 34.50  3656 (                b_lo)   1072 (          b_q*J1.0+h10)   1072    942 |       5744       1096       6000       4176       6000          0       4960       2352       1560
 34.75  3656 (                b_lo)   1072 (          b_q*J1.0+h10)   1072    942 |       5744       1096       6000       4176       6000          0       4960       2352       1560
 35.00  3656 (                b_lo)   1072 (          b_q*J1.0+h10)   1072    942 |       5744       1096       6000       4176       6000          0       4960       2352       1560