==============================================================================================================
B. Re(T/omega), T counts per deg/s, hold included, d = 2: >0 damps, <0 anti-damps (stab_hf.torque_per_rate)
==============================================================================================================
ctl                      5Hz        7Hz       10Hz       13Hz       15Hz       17Hz       20Hz       25Hz
V294                   +1.42      +0.82      +0.23      -0.08      -0.20      -0.28      -0.34      -0.37
V295                   +2.63      +1.51      +0.42      -0.15      -0.37      -0.51      -0.63      -0.69
V282                  +19.79     +12.61      +5.05      -0.05      -2.52      -4.42      -6.39      -7.93
C0@3                   +0.03      -0.15      -0.32      -0.40      -0.43      -0.44      -0.43      -0.40
C0@8                   -0.28      -0.35      -0.43      -0.46      -0.47      -0.47      -0.45      -0.41
C0@12.5                -1.11      -0.87      -0.71      -0.63      -0.59      -0.55      -0.51      -0.43
C0@19                  -4.21      -2.82      -1.77      -1.24      -1.02      -0.87      -0.70      -0.51
C0@26                  -5.24      -3.47      -2.12      -1.45      -1.17      -0.97      -0.76      -0.54
C0@30                  -5.25      -3.48      -2.12      -1.45      -1.17      -0.97      -0.76      -0.54
C1@3    Kp  637       -0.00      -0.23      -0.46      -0.56      -0.59      -0.60      -0.60      -0.56
C1@5    Kp  658       -0.05      -0.26      -0.47      -0.57      -0.60      -0.61      -0.60      -0.56
C1@8    Kp  692       -0.12      -0.31      -0.49      -0.58      -0.61      -0.61      -0.61      -0.56
C1@10   Kp  685       -0.10      -0.30      -0.49      -0.58      -0.60      -0.61      -0.61      -0.56
C1@11.9 Kp  678       -0.09      -0.29      -0.48      -0.58      -0.60      -0.61      -0.60      -0.56
C1@12.5 Kp  812       -0.36      -0.46      -0.58      -0.63      -0.64      -0.64      -0.62      -0.56
C1@15   Kp 1396       -1.57      -1.22      -0.99      -0.87      -0.81      -0.76      -0.70      -0.60
C1@17   Kp 1844       -2.50      -1.81      -1.31      -1.05      -0.94      -0.86      -0.76      -0.62
C1@19   Kp 1908       -2.63      -1.89      -1.35      -1.08      -0.96      -0.87      -0.76      -0.62
C1@22   Kp 2004       -2.83      -2.02      -1.42      -1.12      -0.99      -0.89      -0.78      -0.63
C1@26   Kp 2132       -3.09      -2.18      -1.51      -1.17      -1.03      -0.92      -0.79      -0.64
C1@30   Kp 2162       -3.16      -2.22      -1.53      -1.18      -1.04      -0.92      -0.80      -0.64
C1 worst over speed       -3.16      -2.22      -1.53      -1.18      -1.04      -0.92      -0.80      -0.64
C1 worst / V295        (V295>0)   (V295>0)   (V295>0)        7.9        2.8        1.8        1.3        0.9
C1 worst / C0 worst        0.60       0.64       0.72       0.82       0.88       0.95       1.04       1.18