==============================================================================================================
B. Re(T/omega), T counts per deg/s, hold included, d = 2: >0 damps, <0 anti-damps (stab_hf.torque_per_rate)
==============================================================================================================
ctl                      5Hz        7Hz       10Hz       13Hz       15Hz       17Hz       20Hz       25Hz
V294                   +1.42      +0.82      +0.23      -0.08      -0.20      -0.28      -0.34      -0.37
V295                   +2.63      +1.51      +0.42      -0.15      -0.37      -0.51      -0.63      -0.69
V282                  +19.79     +12.61      +5.05      -0.05      -2.52      -4.42      -6.39      -7.93
C0@3                   +0.03      -0.15      -0.32      -0.40      -0.43      -0.44      -0.43      -0.40
C0@8                   -0.28      -0.35      -0.43      -0.46      -0.47      -0.47      -0.45      -0.41
C0@12.5                -1.11      -0.87      -0.71      -0.63      -0.59      -0.55      -0.51      -0.43
C0@19                  -4.21      -2.82      -1.77      -1.24      -1.02      -0.87      -0.70      -0.51
C0@26                  -5.24      -3.47      -2.12      -1.45      -1.17      -0.97      -0.76      -0.54
C0@30                  -5.25      -3.48      -2.12      -1.45      -1.17      -0.97      -0.76      -0.54
C1@3    Kp  490       -0.06      -0.20      -0.35      -0.42      -0.44      -0.44      -0.44      -0.41
C1@5    Kp  520       -0.12      -0.24      -0.37      -0.43      -0.45      -0.45      -0.44      -0.41
C1@8    Kp  570       -0.22      -0.31      -0.41      -0.45      -0.46      -0.46      -0.45      -0.41
C1@10   Kp  570       -0.22      -0.31      -0.41      -0.45      -0.46      -0.46      -0.45      -0.41
C1@11.9 Kp  570       -0.22      -0.31      -0.41      -0.45      -0.46      -0.46      -0.45      -0.41
C1@12.5 Kp  682       -0.45      -0.46      -0.49      -0.50      -0.49      -0.48      -0.46      -0.42
C1@15   Kp 1243       -1.61      -1.19      -0.88      -0.73      -0.66      -0.60      -0.54      -0.45
C1@17   Kp 1692       -2.54      -1.77      -1.20      -0.91      -0.79      -0.70      -0.59      -0.47
C1@19   Kp 1748       -2.66      -1.85      -1.24      -0.93      -0.81      -0.71      -0.60      -0.47
C1@22   Kp 1833       -2.83      -1.96      -1.30      -0.97      -0.83      -0.73      -0.61      -0.48
C1@26   Kp 1945       -3.07      -2.10      -1.38      -1.01      -0.86      -0.75      -0.63      -0.48
C1@30   Kp 1971       -3.12      -2.14      -1.40      -1.02      -0.87      -0.76      -0.63      -0.48
C1 worst over speed       -3.12      -2.14      -1.40      -1.02      -0.87      -0.76      -0.63      -0.48
C1 worst / V295        (V295>0)   (V295>0)   (V295>0)        6.8        2.3        1.5        1.0        0.7
C1 worst / C0 worst        0.59       0.61       0.66       0.71       0.74       0.78       0.83       0.90