
== member nominal (suite nominal) ==  cell: dj events | hold hunt p2p deg | tg0.2 | hold ratio | latch ov deg | sentinel exc deg
  m/s       C1r2 (7 knots) (freeze 5      ||      alt 5 knots (freeze 512+      ||      C1 rev 1 (REFUTED; refer     
     3    7  3.41 1.080 1.003  0.73 -0.0   ||   7  3.40 1.080 1.003  0.71 -0.0   ||   6  2.73 1.066 1.002  0.08 -0.0  
     5    4  1.88 1.057 0.999  0.17 -0.0   ||   4  1.88 1.057 0.999  0.17 -0.0   ||   7  1.55 1.048 0.999 -0.03 -0.0  
   5.5    4  1.53 1.050 0.999  0.10 -0.0   ||   4  1.52 1.050 0.999  0.10 -0.0   ||   4  1.21 1.041 0.999 -0.03 -0.0  
     6    2  1.62 1.043 0.999  0.07 -0.0   ||   2  1.62 1.043 0.999  0.07 -0.0   ||   2  1.25 1.035 1.000 -0.03 -0.0  
     7    0  1.36 1.030 0.998 -0.02 -0.0   ||   0  1.40 1.030 0.998  0.01 -0.0   ||   0  1.08 1.021 1.000 -0.03 -0.0  
     8    0  0.81 1.015 1.000 -0.03 -0.0   ||   0  0.81 1.015 1.000 -0.03 -0.0   ||   0  0.64 1.006 1.000 -0.03 -0.0  
    10    2  1.22 1.022 0.993  0.16 -0.0   ||   2  1.22 1.022 0.993  0.16 -0.0   ||   1  0.74 1.018 0.997 -0.03 -0.0  
  11.9    4  1.03 1.024 0.991  0.20  0.0   ||   4  1.03 1.024 0.992  0.21  0.0   ||   3  0.67 1.030 0.996 -0.00 -0.0  
  12.5    4  0.64 0.988 0.996  0.14  0.0   ||   4  0.60 0.981 0.998  0.12  0.0   ||   3  0.39 1.018 0.996 -0.03 -0.0  
    15    0  0.39 0.864 1.011 -0.04  0.0   ||   0  0.39 0.865 1.011 -0.03  0.0   ||   0  0.02 0.991 1.005 -0.04  0.0  
    17    0  0.37 0.828 1.000 -0.04  0.0   ||   0  0.48 0.803 1.000 -0.04  0.0   ||   0  0.00 0.981 1.003 -0.04  0.0  
    19    0  0.17 0.902 1.009 -0.03  0.0   ||   0  0.24 0.873 1.009 -0.03  0.0   ||   0  0.00 0.986 1.009 -0.04  0.0  
    22    0  0.09 0.958 1.004  0.03 -0.0   ||   0  0.09 0.953 1.004  0.04  0.0   ||   0  0.02 1.007 1.009 -0.04  0.0  
    26    4  0.16 1.009 1.000  0.05 -0.0   ||   4  0.17 1.010 1.002  0.05 -0.0   ||   0  0.04 1.020 1.011 -0.04  0.0  
    30    0  0.15 1.019 1.001  0.10  0.0   ||   0  0.16 1.020 1.001  0.10  0.0   ||   0  0.02 1.021 1.015  0.01  0.0  
  total dj events: C1r2 (7 knots) (freeze 5=31  alt 5 knots (freeze 512+=31  C1 rev 1 (REFUTED; refer=26