
===== member nominal  (suite nominal)
  -- LINE-ONLY
     5/15 C1-Kd16 freeze512+ramp                         3:stick 5:stick 5.5:stick 6:stick 7:PASS 8:PASS 10:stick 11.9:stick/track 12.5:stick/track 15:stick/track 17:track 19:track 22:PASS 26:PASS 30:PASS
     6/15 C1-Kd22 freeze512+ramp                         3:stick 5:stick 5.5:stick 6:stick 7:PASS 8:PASS 10:PASS 11.9:stick 12.5:stick 15:stick/track 17:track 19:track 22:PASS 26:PASS 30:PASS
     5/15 C1-Kd22 DB1 freeze512+ramp                     3:stick 5:stick 5.5:stick 6:stick 7:PASS 8:PASS 10:stick 11.9:stick 12.5:stick/track 15:stick/track 17:track 19:track 22:PASS 26:PASS 30:PASS
     6/15 C1-Kd22 C0-bleed(1024,tau64ms) no ramp-freeze  3:stick 5:stick 5.5:stick 6:stick 7:PASS 8:PASS 10:PASS 11.9:stick 12.5:stick 15:stick/track 17:track 19:track 22:PASS 26:PASS 30:PASS
     5/15 C1-Kd22 no I policy (control)                  3:stick 5:stick 5.5:stick 6:stick 7:PASS 8:PASS 10:PASS 11.9:stick 12.5:stick 15:stick/track 17:track 19:track 22:PASS 26:stick 30:PASS
     8/15 C0 as listed (450/199, bleed 1024)             3:stick 5:stick 5.5:stick 6:stick 7:PASS 8:PASS 10:PASS 11.9:PASS 12.5:PASS 15:track 17:track 19:PASS 22:PASS 26:PASS 30:track
     8/15 C0 rebased x2 (225/100, bleed 1024)            3:stick 5:stick 5.5:stick 6:stick 7:PASS 8:PASS 10:PASS 11.9:PASS 12.5:PASS 15:stick 17:track 19:PASS 22:PASS 26:PASS 30:track
  -- STRICT (texture gated)
     2/15 C1-Kd16 freeze512+ramp                         3:texture/stick 5:stick 5.5:stick 6:stick 7:PASS 8:PASS 10:stick 11.9:stick/track 12.5:stick/track 15:stick/track 17:texture/track 19:texture/track 22:texture 26:texture 30:texture
     3/15 C1-Kd22 freeze512+ramp                         3:texture/stick 5:stick 5.5:stick 6:stick 7:PASS 8:PASS 10:PASS 11.9:stick 12.5:stick 15:stick/track 17:texture/track 19:texture/track 22:texture 26:texture 30:texture
     2/15 C1-Kd22 DB1 freeze512+ramp                     3:texture/stick 5:stick 5.5:stick 6:stick 7:PASS 8:PASS 10:stick 11.9:stick 12.5:stick/track 15:stick/track 17:texture/track 19:texture/track 22:texture 26:texture 30:texture
     3/15 C1-Kd22 C0-bleed(1024,tau64ms) no ramp-freeze  3:texture/stick 5:stick 5.5:stick 6:stick 7:PASS 8:PASS 10:PASS 11.9:stick 12.5:stick 15:stick/track 17:texture/track 19:texture/track 22:texture 26:texture 30:texture
     3/15 C1-Kd22 no I policy (control)                  3:texture/stick 5:stick 5.5:stick 6:stick 7:PASS 8:PASS 10:PASS 11.9:stick 12.5:stick 15:stick/track 17:texture/track 19:texture/track 22:texture 26:texture/stick 30:texture
     5/15 C0 as listed (450/199, bleed 1024)             3:texture/stick 5:stick 5.5:stick 6:stick 7:PASS 8:PASS 10:PASS 11.9:PASS 12.5:PASS 15:track 17:texture/track 19:texture 22:texture 26:texture 30:texture/track
     5/15 C0 rebased x2 (225/100, bleed 1024)            3:texture/stick 5:stick 5.5:stick 6:stick 7:PASS 8:PASS 10:PASS 11.9:PASS 12.5:PASS 15:stick 17:texture/track 19:texture 22:texture 26:texture 30:texture/track

  **C1-Kd16 freeze512+ramp** (nominal)
  | m/s | Kp_eff | ess | hold | tg0.2 | tg0.5 | +-1 fit | dj ev | stick% | T_hf hold | T_hf sin | hunt p2p | step ov% | hard16 / ref | wraps |
  | 3 | 490 | 0.08 | 1.002 | 1.066 | 1.180 | 1.37 | 6 | 66 | 0.5 | 2.1 | 2.73 | 10 | 1.43 / 1.80 | 0 |
  | 5 | 520 | 0.05 | 0.999 | 1.048 | 1.088 | 1.24 | 7 | 49 | 0.5 | 1.3 | 1.53 | 14 | 1.31 / 1.69 | 0 |
  | 5.5 | 529 | 0.05 | 0.999 | 1.041 | 1.067 | 1.21 | 4 | 42 | 0.5 | 1.0 | 1.22 | 12 | 1.20 / 1.52 | 0 |
  | 6 | 537 | 0.03 | 0.999 | 1.035 | 1.046 | 1.18 | 2 | 38 | 0.5 | 1.1 | 1.26 | 11 | 1.55 / 1.91 | 0 |
  | 7 | 554 | 0.03 | 1.000 | 1.021 | 1.008 | 1.12 | 0 | 27 | 0.6 | 1.0 | 1.08 | 8 | 2.06 / 2.49 | 0 |
  | 8 | 570 | 0.03 | 1.000 | 1.006 | 0.974 | 1.05 | 0 | 17 | 0.6 | 0.9 | 0.64 | 6 | 1.79 / 2.26 | 0 |
  | 10 | 570 | 0.05 | 0.997 | 1.017 | 0.955 | 1.08 | 1 | 16 | 0.5 | 0.7 | 0.74 | 7 | 1.00 / 1.51 | 0 |
  | 11.9 | 570 | 0.05 | 0.996 | 1.030 | 0.908 | 1.11 | 3 | 15 | 0.5 | 0.7 | 0.66 | 8 | 0.53 / 0.98 | 0 |
  | 12.5 | 701 | 0.04 | 0.998 | 1.016 | 0.907 | 1.07 | 2 | 14 | 0.6 | 0.8 | 0.40 | 6 | 0.51 / 0.91 | 0 |
  | 15 | 1262 | 0.04 | 1.005 | 0.990 | 0.897 | 0.99 | 1 | 7 | 0.6 | 1.4 | 0.02 | 1 | 0.39 / 0.60 | 0 |
  | 17 | 1692 | 0.05 | 1.003 | 0.981 | 0.886 | 0.96 | 0 | 3 | 0.5 | 2.0 | 0.00 | -1 | 0.31 / 0.45 | 0 |
  | 19 | 1748 | 0.05 | 1.009 | 0.986 | 0.915 | 0.97 | 0 | 3 | 0.8 | 2.1 | 0.01 | 2 | 0.26 / 0.38 | 0 |
  | 22 | 1833 | 0.04 | 1.009 | 1.007 | 0.958 | 1.01 | 0 | 2 | 0.6 | 2.7 | 0.02 | 4 | 0.21 / 0.30 | 0 |
  | 26 | 1945 | 0.04 | 1.011 | 1.020 | 1.008 | 1.01 | 0 | 5 | 0.6 | 2.5 | 0.04 | 9 | 0.16 / 0.23 | 0 |
  | 30 | 1971 | 0.03 | 1.013 | 1.021 | 1.025 | 1.02 | 0 | 10 | 0.6 | 2.9 | 0.03 | 13 | 0.13 / 0.19 | 0 |
  | m/s | override overshoot deg / peak T | latch overshoot | sentinel L16 peakT / s>50 / exc | R16 exc | dis meas / zero exc |
  | 3 | 4.64 / 1853 | 0.08 | 200 / 0.04 / -0.0 | -0.0 | 32.66 / 32.66 |
  | 5 | 4.57 / 1172 | -0.03 | 231 / 0.05 / -0.0 | -0.0 | 20.85 / 20.85 |
  | 5.5 | 4.27 / 1092 | -0.03 | 240 / 0.05 / -0.0 | -0.0 | 19.28 / 19.28 |
  | 6 | 3.75 / 1001 | -0.03 | 242 / 0.05 / -0.0 | -0.0 | 17.61 / 17.61 |
  | 7 | 3.08 / 882 | -0.03 | 250 / 0.05 / -0.0 | -0.0 | 15.13 / 15.13 |
  | 8 | 2.95 / 853 | -0.03 | 280 / 0.05 / -0.0 | -0.0 | 14.36 / 14.36 |
  | 10 | 1.81 / 599 | -0.03 | 199 / 0.04 / -0.0 | -0.0 | 9.45 / 9.45 |
  | 11.9 | 1.18 / 408 | 0.00 | 136 / 0.03 / -0.0 | -0.0 | 6.10 / 6.10 |
  | 12.5 | 1.02 / 467 | -0.03 | 164 / 0.04 / -0.0 | -0.0 | 5.64 / 5.64 |
  | 15 | 0.63 / 573 | -0.04 | 217 / 0.05 / 0.0 | -0.0 | 3.86 / 3.86 |
  | 17 | 0.47 / 580 | -0.04 | 239 / 0.05 / 0.0 | 0.0 | 2.88 / 2.88 |
  | 19 | 0.41 / 490 | -0.04 | 192 / 0.04 / 0.0 | -0.0 | 2.41 / 2.41 |
  | 22 | 0.34 / 390 | -0.03 | 140 / 0.03 / 0.0 | -0.0 | 1.96 / 1.96 |
  | 26 | 0.27 / 296 | -0.04 | 92 / 0.02 / 0.0 | -0.0 | 1.46 / 1.46 |
  | 30 | 0.28 / 250 | 0.01 | 79 / 0.01 / 0.0 | -0.0 | 1.26 / 1.26 |

  **C1-Kd22 freeze512+ramp** (nominal)
  | m/s | Kp_eff | ess | hold | tg0.2 | tg0.5 | +-1 fit | dj ev | stick% | T_hf hold | T_hf sin | hunt p2p | step ov% | hard16 / ref | wraps |
  | 3 | 637 | 0.06 | 1.001 | 1.058 | 1.155 | 1.31 | 7 | 56 | 0.7 | 3.4 | 2.48 | 8 | 1.58 / 1.80 | 0 |
  | 5 | 658 | 0.03 | 1.000 | 1.046 | 1.107 | 1.21 | 3 | 40 | 0.6 | 1.8 | 1.51 | 14 | 1.45 / 1.69 | 0 |
  | 5.5 | 664 | 0.03 | 1.000 | 1.041 | 1.089 | 1.18 | 2 | 36 | 0.7 | 1.8 | 1.21 | 13 | 1.27 / 1.52 | 0 |
  | 6 | 669 | 0.03 | 1.000 | 1.036 | 1.072 | 1.16 | 2 | 31 | 0.7 | 1.6 | 1.27 | 12 | 1.58 / 1.91 | 0 |
  | 7 | 680 | 0.03 | 1.000 | 1.026 | 1.039 | 1.12 | 0 | 22 | 0.8 | 1.3 | 1.01 | 9 | 2.11 / 2.49 | 0 |
  | 8 | 692 | 0.03 | 1.001 | 1.012 | 1.008 | 1.06 | 0 | 13 | 0.7 | 1.2 | 0.60 | 7 | 1.86 / 2.26 | 0 |
  | 10 | 685 | 0.05 | 0.997 | 1.024 | 0.999 | 1.08 | 0 | 13 | 0.6 | 0.9 | 0.81 | 9 | 1.04 / 1.51 | 0 |
  | 11.9 | 678 | 0.06 | 0.996 | 1.038 | 0.970 | 1.11 | 1 | 14 | 0.5 | 0.8 | 0.72 | 10 | 0.59 / 0.98 | 0 |
  | 12.5 | 812 | 0.04 | 0.999 | 1.024 | 0.955 | 1.07 | 1 | 12 | 0.6 | 1.0 | 0.44 | 7 | 0.56 / 0.91 | 0 |
  | 15 | 1396 | 0.04 | 1.003 | 0.997 | 0.923 | 1.00 | 1 | 3 | 0.6 | 1.8 | 0.05 | 2 | 0.40 / 0.60 | 0 |
  | 17 | 1844 | 0.05 | 1.007 | 0.988 | 0.908 | 0.97 | 0 | 3 | 0.6 | 2.1 | 0.01 | 1 | 0.31 / 0.45 | 0 |
  | 19 | 1908 | 0.04 | 1.008 | 0.995 | 0.934 | 0.99 | 0 | 3 | 0.6 | 2.2 | 0.00 | 3 | 0.27 / 0.38 | 0 |
  | 22 | 2004 | 0.04 | 1.009 | 1.005 | 0.972 | 1.00 | 0 | 1 | 0.7 | 3.0 | 0.02 | 5 | 0.22 / 0.30 | 0 |
  | 26 | 2132 | 0.04 | 1.011 | 1.018 | 1.025 | 1.02 | 0 | 3 | 0.7 | 2.7 | 0.06 | 10 | 0.17 / 0.23 | 0 |
  | 30 | 2162 | 0.04 | 1.013 | 1.018 | 1.036 | 1.02 | 0 | 7 | 0.7 | 3.2 | 0.02 | 15 | 0.14 / 0.19 | 0 |
  | m/s | override overshoot deg / peak T | latch overshoot | sentinel L16 peakT / s>50 / exc | R16 exc | dis meas / zero exc |
  | 3 | 3.50 / 2111 | -0.02 | 202 / 0.04 / -0.0 | -0.0 | 32.63 / 32.63 |
  | 5 | 3.60 / 1339 | -0.03 | 232 / 0.05 / -0.0 | -0.0 | 20.73 / 20.73 |
  | 5.5 | 3.59 / 1234 | -0.04 | 242 / 0.05 / -0.0 | -0.0 | 19.17 / 19.17 |
  | 6 | 3.42 / 1124 | -0.04 | 242 / 0.05 / -0.0 | -0.0 | 17.46 / 17.46 |
  | 7 | 2.81 / 973 | -0.03 | 250 / 0.05 / -0.0 | -0.0 | 15.05 / 15.05 |
  | 8 | 2.64 / 929 | -0.04 | 280 / 0.05 / -0.0 | -0.0 | 14.35 / 14.35 |
  | 10 | 1.75 / 646 | -0.03 | 196 / 0.04 / -0.0 | -0.0 | 9.40 / 9.40 |
  | 11.9 | 1.14 / 435 | -0.00 | 134 / 0.03 / -0.0 | -0.0 | 6.04 / 6.04 |
  | 12.5 | 1.00 / 489 | -0.03 | 162 / 0.04 / -0.0 | -0.0 | 5.69 / 5.69 |
  | 15 | 0.61 / 586 | -0.03 | 225 / 0.05 / 0.0 | -0.0 | 3.86 / 3.86 |
  | 17 | 0.47 / 599 | -0.04 | 242 / 0.05 / 0.0 | -0.0 | 2.90 / 2.90 |
  | 19 | 0.38 / 496 | -0.04 | 187 / 0.04 / 0.0 | -0.0 | 2.45 / 2.45 |
  | 22 | 0.33 / 402 | -0.03 | 140 / 0.03 / 0.0 | -0.0 | 1.96 / 1.96 |
  | 26 | 0.26 / 308 | -0.04 | 91 / 0.02 / 0.0 | -0.0 | 1.46 / 1.46 |
  | 30 | 0.27 / 255 | 0.01 | 76 / 0.01 / 0.0 | -0.0 | 1.27 / 1.27 |

  **C1-Kd22 DB1 freeze512+ramp** (nominal)
  | m/s | Kp_eff | ess | hold | tg0.2 | tg0.5 | +-1 fit | dj ev | stick% | T_hf hold | T_hf sin | hunt p2p | step ov% | hard16 / ref | wraps |
  | 3 | 637 | 0.39 | 1.003 | 1.058 | 1.155 | 1.24 | 5 | 63 | 0.6 | 3.2 | 2.40 | 8 | 1.55 / 1.80 | 0 |
  | 5 | 658 | 0.13 | 1.001 | 1.045 | 1.104 | 1.15 | 2 | 45 | 0.6 | 1.7 | 1.41 | 14 | 1.44 / 1.69 | 0 |
  | 5.5 | 664 | 0.13 | 1.001 | 1.039 | 1.085 | 1.13 | 2 | 42 | 0.6 | 1.6 | 1.15 | 13 | 1.26 / 1.52 | 0 |
  | 6 | 669 | 0.13 | 1.001 | 1.034 | 1.067 | 1.12 | 2 | 37 | 0.7 | 1.6 | 1.22 | 12 | 1.59 / 1.91 | 0 |
  | 7 | 680 | 0.12 | 1.001 | 1.023 | 1.033 | 1.08 | 0 | 24 | 0.8 | 1.3 | 0.99 | 9 | 2.13 / 2.49 | 0 |
  | 8 | 692 | 0.12 | 1.001 | 1.008 | 1.001 | 1.03 | 0 | 15 | 0.7 | 1.2 | 0.59 | 7 | 1.88 / 2.26 | 0 |
  | 10 | 685 | 0.11 | 1.001 | 1.018 | 0.989 | 1.04 | 1 | 17 | 0.6 | 0.9 | 0.71 | 8 | 1.01 / 1.51 | 0 |
  | 11.9 | 678 | 0.05 | 1.001 | 1.028 | 0.952 | 1.07 | 1 | 16 | 0.6 | 0.8 | 0.60 | 9 | 0.57 / 0.98 | 0 |
  | 12.5 | 812 | 0.11 | 1.003 | 1.012 | 0.939 | 1.03 | 2 | 14 | 0.6 | 1.0 | 0.38 | 7 | 0.55 / 0.91 | 0 |
  | 15 | 1396 | 0.04 | 1.005 | 0.988 | 0.911 | 0.98 | 1 | 7 | 0.6 | 1.7 | 0.02 | 2 | 0.40 / 0.60 | 0 |
  | 17 | 1844 | 0.05 | 1.002 | 0.978 | 0.892 | 0.96 | 0 | 4 | 0.5 | 2.3 | 0.00 | -1 | 0.31 / 0.45 | 0 |
  | 19 | 1908 | 0.05 | 1.009 | 0.983 | 0.920 | 0.96 | 0 | 2 | 0.7 | 2.2 | 0.01 | 2 | 0.27 / 0.38 | 0 |
  | 22 | 2004 | 0.04 | 1.010 | 0.991 | 0.954 | 0.98 | 0 | 3 | 0.7 | 2.7 | 0.01 | 4 | 0.22 / 0.30 | 0 |
  | 26 | 2132 | 0.04 | 1.013 | 1.005 | 1.001 | 1.01 | 0 | 1 | 0.7 | 2.6 | 0.04 | 9 | 0.17 / 0.23 | 0 |
  | 30 | 2162 | 0.04 | 1.016 | 1.004 | 1.011 | 1.01 | 0 | 2 | 1.0 | 2.7 | 0.01 | 14 | 0.14 / 0.19 | 0 |
  | m/s | override overshoot deg / peak T | latch overshoot | sentinel L16 peakT / s>50 / exc | R16 exc | dis meas / zero exc |
  | 3 | 3.51 / 2112 | -0.05 | 204 / 0.04 / -0.0 | -0.0 | 32.71 / 32.71 |
  | 5 | 3.61 / 1337 | -0.13 | 233 / 0.05 / -0.0 | -0.0 | 20.81 / 20.81 |
  | 5.5 | 3.60 / 1234 | -0.13 | 241 / 0.05 / -0.0 | -0.0 | 19.27 / 19.27 |
  | 6 | 3.45 / 1124 | -0.13 | 244 / 0.05 / -0.0 | -0.0 | 17.53 / 17.53 |
  | 7 | 2.81 / 973 | -0.11 | 250 / 0.05 / -0.0 | -0.0 | 15.13 / 15.13 |
  | 8 | 2.64 / 926 | -0.13 | 278 / 0.05 / -0.0 | -0.0 | 14.42 / 14.42 |
  | 10 | 1.76 / 648 | -0.08 | 200 / 0.04 / -0.0 | -0.0 | 9.47 / 9.47 |
  | 11.9 | 1.16 / 436 | -0.04 | 136 / 0.03 / -0.0 | -0.0 | 6.09 / 6.09 |
  | 12.5 | 1.03 / 495 | -0.08 | 167 / 0.04 / 0.0 | -0.0 | 5.70 / 5.70 |
  | 15 | 0.65 / 596 | -0.04 | 239 / 0.05 / 0.0 | -0.0 | 3.86 / 3.86 |
  | 17 | 0.45 / 597 | -0.04 | 236 / 0.05 / 0.0 | -0.0 | 2.88 / 2.88 |
  | 19 | 0.39 / 502 | -0.04 | 189 / 0.04 / 0.0 | -0.0 | 2.39 / 2.39 |
  | 22 | 0.33 / 402 | -0.04 | 139 / 0.03 / 0.0 | 0.0 | 1.96 / 1.96 |
  | 26 | 0.26 / 309 | -0.04 | 91 / 0.02 / 0.0 | -0.0 | 1.46 / 1.46 |
  | 30 | 0.26 / 256 | 0.01 | 74 / 0.01 / 0.0 | 0.0 | 1.26 / 1.26 |

  **C1-Kd22 C0-bleed(1024,tau64ms) no ramp-freeze** (nominal)
  | m/s | Kp_eff | ess | hold | tg0.2 | tg0.5 | +-1 fit | dj ev | stick% | T_hf hold | T_hf sin | hunt p2p | step ov% | hard16 / ref | wraps |
  | 3 | 637 | 0.06 | 1.001 | 1.058 | 1.155 | 1.31 | 7 | 56 | 0.7 | 3.4 | 2.48 | 8 | 1.58 / 1.80 | 0 |
  | 5 | 658 | 0.03 | 1.000 | 1.046 | 1.107 | 1.21 | 3 | 40 | 0.8 | 1.8 | 1.49 | 14 | 1.45 / 1.69 | 0 |
  | 5.5 | 664 | 0.03 | 1.000 | 1.041 | 1.089 | 1.18 | 2 | 36 | 0.6 | 1.8 | 1.22 | 13 | 1.26 / 1.52 | 0 |
  | 6 | 669 | 0.03 | 1.000 | 1.036 | 1.072 | 1.16 | 2 | 33 | 0.7 | 1.6 | 1.26 | 12 | 1.58 / 1.91 | 0 |
  | 7 | 680 | 0.03 | 1.001 | 1.026 | 1.039 | 1.12 | 0 | 20 | 0.8 | 1.3 | 1.01 | 9 | 2.12 / 2.49 | 0 |
  | 8 | 692 | 0.04 | 1.001 | 1.012 | 1.008 | 1.06 | 0 | 13 | 0.7 | 1.2 | 0.60 | 7 | 1.87 / 2.26 | 0 |
  | 10 | 685 | 0.05 | 0.997 | 1.024 | 0.999 | 1.08 | 0 | 14 | 0.6 | 0.9 | 0.78 | 9 | 1.04 / 1.51 | 0 |
  | 11.9 | 678 | 0.06 | 0.996 | 1.038 | 0.970 | 1.11 | 1 | 14 | 0.6 | 0.8 | 0.72 | 10 | 0.59 / 0.98 | 0 |
  | 12.5 | 812 | 0.04 | 0.998 | 1.024 | 0.955 | 1.07 | 1 | 12 | 0.7 | 0.9 | 0.44 | 7 | 0.55 / 0.91 | 0 |
  | 15 | 1396 | 0.04 | 1.003 | 0.997 | 0.923 | 1.01 | 1 | 4 | 0.6 | 1.7 | 0.05 | 2 | 0.40 / 0.60 | 0 |
  | 17 | 1844 | 0.05 | 1.007 | 0.987 | 0.908 | 0.97 | 0 | 3 | 0.6 | 2.1 | 0.01 | 0 | 0.31 / 0.45 | 0 |
  | 19 | 1908 | 0.04 | 1.008 | 0.995 | 0.934 | 0.99 | 0 | 3 | 0.6 | 2.2 | 0.00 | 2 | 0.27 / 0.38 | 0 |
  | 22 | 2004 | 0.04 | 1.009 | 1.005 | 0.972 | 1.00 | 0 | 1 | 0.7 | 3.0 | 0.03 | 5 | 0.22 / 0.30 | 0 |
  | 26 | 2132 | 0.04 | 1.011 | 1.017 | 1.025 | 1.01 | 0 | 3 | 0.7 | 2.6 | 0.06 | 10 | 0.17 / 0.23 | 0 |
  | 30 | 2162 | 0.04 | 1.015 | 1.018 | 1.036 | 1.02 | 0 | 6 | 0.7 | 3.1 | 0.03 | 14 | 0.14 / 0.19 | 0 |
  | m/s | override overshoot deg / peak T | latch overshoot | sentinel L16 peakT / s>50 / exc | R16 exc | dis meas / zero exc |
  | 3 | 3.51 / 2174 | 2.91 | 202 / 0.04 / -0.0 | -0.0 | 32.64 / 32.64 |
  | 5 | 3.64 / 1425 | 2.64 | 232 / 0.05 / -0.0 | -0.0 | 20.74 / 20.74 |
  | 5.5 | 3.64 / 1295 | 2.60 | 241 / 0.05 / -0.0 | -0.0 | 19.18 / 19.18 |
  | 6 | 3.69 / 1157 | 2.57 | 242 / 0.05 / -0.0 | -0.0 | 17.47 / 17.47 |
  | 7 | 2.81 / 970 | 2.53 | 250 / 0.05 / -0.0 | -0.0 | 15.07 / 15.07 |
  | 8 | 2.25 / 897 | 2.41 | 281 / 0.05 / 0.0 | -0.0 | 14.36 / 14.36 |
  | 10 | 1.45 / 615 | 2.96 | 197 / 0.04 / -0.0 | -0.0 | 9.40 / 9.40 |
  | 11.9 | 0.88 / 403 | 2.83 | 134 / 0.03 / -0.0 | -0.0 | 6.04 / 6.04 |
  | 12.5 | 0.68 / 447 | 2.44 | 162 / 0.04 / -0.0 | -0.0 | 5.69 / 5.69 |
  | 15 | 0.27 / 515 | 1.31 | 225 / 0.05 / 0.0 | -0.0 | 3.85 / 3.85 |
  | 17 | 0.16 / 513 | 0.97 | 243 / 0.05 / 0.0 | -0.0 | 2.91 / 2.91 |
  | 19 | 0.18 / 438 | 0.86 | 190 / 0.04 / 0.0 | -0.0 | 2.45 / 2.45 |
  | 22 | 0.20 / 367 | 0.76 | 140 / 0.03 / 0.0 | -0.0 | 1.96 / 1.96 |
  | 26 | 0.21 / 290 | 0.62 | 91 / 0.02 / 0.0 | -0.0 | 1.46 / 1.46 |
  | 30 | 0.23 / 244 | 0.58 | 77 / 0.01 / 0.0 | -0.0 | 1.27 / 1.27 |

  **C1-Kd22 no I policy (control)** (nominal)
  | m/s | Kp_eff | ess | hold | tg0.2 | tg0.5 | +-1 fit | dj ev | stick% | T_hf hold | T_hf sin | hunt p2p | step ov% | hard16 / ref | wraps |
  | 3 | 637 | 0.06 | 1.001 | 1.058 | 1.155 | 1.31 | 7 | 55 | 0.7 | 3.4 | 2.48 | 8 | 1.58 / 1.80 | 0 |
  | 5 | 658 | 0.03 | 1.000 | 1.046 | 1.107 | 1.21 | 3 | 40 | 0.7 | 1.8 | 1.49 | 14 | 1.45 / 1.69 | 0 |
  | 5.5 | 664 | 0.04 | 1.000 | 1.041 | 1.089 | 1.18 | 2 | 35 | 0.6 | 1.8 | 1.23 | 13 | 1.26 / 1.52 | 0 |
  | 6 | 669 | 0.03 | 1.000 | 1.036 | 1.072 | 1.16 | 2 | 31 | 0.7 | 1.7 | 1.27 | 12 | 1.58 / 1.91 | 0 |
  | 7 | 680 | 0.03 | 1.000 | 1.026 | 1.039 | 1.12 | 0 | 23 | 0.8 | 1.3 | 1.01 | 9 | 2.11 / 2.49 | 0 |
  | 8 | 692 | 0.04 | 1.001 | 1.012 | 1.008 | 1.06 | 0 | 13 | 0.7 | 1.2 | 0.59 | 7 | 1.86 / 2.26 | 0 |
  | 10 | 685 | 0.05 | 0.997 | 1.024 | 0.999 | 1.08 | 0 | 13 | 0.6 | 0.9 | 0.77 | 9 | 1.03 / 1.51 | 0 |
  | 11.9 | 678 | 0.06 | 0.996 | 1.038 | 0.970 | 1.11 | 1 | 14 | 0.6 | 0.8 | 0.72 | 10 | 0.59 / 0.98 | 0 |
  | 12.5 | 812 | 0.04 | 1.001 | 1.024 | 0.955 | 1.07 | 1 | 12 | 0.6 | 0.9 | 0.44 | 7 | 0.56 / 0.91 | 0 |
  | 15 | 1396 | 0.03 | 1.003 | 0.998 | 0.923 | 1.01 | 1 | 3 | 0.6 | 1.8 | 0.04 | 2 | 0.40 / 0.60 | 0 |
  | 17 | 1844 | 0.05 | 1.007 | 0.988 | 0.907 | 0.98 | 0 | 3 | 0.6 | 2.1 | 0.01 | 1 | 0.31 / 0.45 | 0 |
  | 19 | 1908 | 0.04 | 1.008 | 0.995 | 0.934 | 0.99 | 0 | 3 | 0.6 | 2.2 | 0.00 | 2 | 0.27 / 0.38 | 0 |
  | 22 | 2004 | 0.04 | 1.009 | 1.005 | 0.972 | 1.00 | 0 | 1 | 0.7 | 3.0 | 0.02 | 4 | 0.22 / 0.30 | 0 |
  | 26 | 2132 | 0.04 | 1.010 | 1.018 | 1.025 | 1.01 | 1 | 3 | 0.7 | 2.7 | 0.06 | 9 | 0.17 / 0.23 | 0 |
  | 30 | 2162 | 0.04 | 1.014 | 1.018 | 1.036 | 1.02 | 0 | 6 | 0.7 | 3.2 | 0.02 | 15 | 0.14 / 0.19 | 0 |
  | m/s | override overshoot deg / peak T | latch overshoot | sentinel L16 peakT / s>50 / exc | R16 exc | dis meas / zero exc |
  | 3 | 3.49 / 2173 | 2.91 | 202 / 0.04 / -0.0 | -0.0 | 32.63 / 32.63 |
  | 5 | 3.66 / 1541 | 2.64 | 232 / 0.05 / -0.0 | -0.0 | 20.73 / 20.73 |
  | 5.5 | 3.68 / 1438 | 2.59 | 241 / 0.05 / -0.0 | -0.0 | 19.18 / 19.18 |
  | 6 | 3.79 / 1332 | 2.57 | 242 / 0.05 / -0.0 | -0.0 | 17.46 / 17.46 |
  | 7 | 3.92 / 1187 | 2.53 | 250 / 0.05 / -0.0 | -0.0 | 15.06 / 15.06 |
  | 8 | 3.82 / 1128 | 2.40 | 280 / 0.05 / 0.0 | -0.0 | 14.36 / 14.36 |
  | 10 | 3.96 / 919 | 2.95 | 196 / 0.04 / -0.0 | -0.0 | 9.40 / 9.40 |
  | 11.9 | 4.22 / 763 | 2.85 | 134 / 0.03 / -0.0 | -0.0 | 6.04 / 6.04 |
  | 12.5 | 3.39 / 796 | 2.46 | 162 / 0.04 / -0.0 | -0.0 | 5.69 / 5.69 |
  | 15 | 1.88 / 852 | 1.31 | 225 / 0.05 / 0.0 | -0.0 | 3.86 / 3.86 |
  | 17 | 1.43 / 848 | 0.97 | 242 / 0.05 / 0.0 | -0.0 | 2.91 / 2.91 |
  | 19 | 1.56 / 793 | 0.87 | 189 / 0.04 / 0.0 | -0.0 | 2.45 / 2.45 |
  | 22 | 1.69 / 737 | 0.75 | 140 / 0.03 / 0.0 | -0.0 | 1.96 / 1.96 |
  | 26 | 1.80 / 686 | 0.62 | 93 / 0.02 / 0.0 | -0.0 | 1.47 / 1.47 |
  | 30 | 1.86 / 653 | 0.58 | 77 / 0.01 / 0.0 | -0.0 | 1.27 / 1.27 |

  **C0 as listed (450/199, bleed 1024)** (nominal)
  | m/s | Kp_eff | ess | hold | tg0.2 | tg0.5 | +-1 fit | dj ev | stick% | T_hf hold | T_hf sin | hunt p2p | step ov% | hard16 / ref | wraps |
  | 3 | 450 | 0.49 | 1.002 | 1.071 | 1.176 | 1.40 | 7 | 72 | 0.5 | 2.1 | 2.89 | 11 | 1.32 / 1.80 | 0 |
  | 5 | 499 | 0.06 | 0.999 | 1.049 | 1.082 | 1.25 | 6 | 52 | 0.5 | 1.2 | 1.50 | 14 | 1.23 / 1.69 | 0 |
  | 5.5 | 515 | 0.06 | 0.999 | 1.042 | 1.061 | 1.22 | 4 | 45 | 0.5 | 1.2 | 1.22 | 12 | 1.16 / 1.52 | 0 |
  | 6 | 531 | 0.07 | 0.999 | 1.035 | 1.043 | 1.17 | 2 | 41 | 0.5 | 1.1 | 1.23 | 10 | 1.55 / 1.91 | 0 |
  | 7 | 566 | 0.10 | 0.999 | 1.021 | 1.011 | 1.10 | 0 | 29 | 0.6 | 0.9 | 1.03 | 8 | 2.05 / 2.49 | 0 |
  | 8 | 599 | 0.12 | 1.000 | 1.005 | 0.979 | 1.03 | 0 | 15 | 0.6 | 0.9 | 0.47 | 6 | 1.80 / 2.26 | 0 |
  | 10 | 777 | 0.12 | 1.001 | 1.019 | 1.017 | 1.04 | 0 | 14 | 0.6 | 1.0 | 0.41 | 9 | 1.20 / 1.51 | 0 |
  | 11.9 | 946 | 0.04 | 0.996 | 1.030 | 1.040 | 1.07 | 0 | 9 | 0.7 | 1.1 | 0.43 | 10 | 0.78 / 0.98 | 0 |
  | 12.5 | 1000 | 0.05 | 0.996 | 1.021 | 1.004 | 1.06 | 0 | 8 | 0.7 | 1.2 | 0.32 | 7 | 0.70 / 0.91 | 0 |
  | 15 | 1575 | 0.04 | 1.005 | 0.997 | 0.946 | 0.99 | 0 | 5 | 0.6 | 1.8 | 0.01 | 2 | 0.47 / 0.60 | 0 |
  | 17 | 2037 | 0.04 | 0.999 | 0.986 | 0.927 | 0.97 | 0 | 2 | 0.4 | 2.3 | 0.00 | -1 | 0.35 / 0.45 | 0 |
  | 19 | 2498 | 0.04 | 1.008 | 0.995 | 0.977 | 0.98 | 0 | 2 | 0.6 | 3.1 | 0.00 | 4 | 0.34 / 0.38 | 0 |
  | 22 | 2714 | 0.03 | 1.007 | 1.010 | 1.018 | 1.00 | 0 | 4 | 0.6 | 3.6 | 0.00 | 8 | 0.28 / 0.30 | 0 |
  | 26 | 2999 | 0.04 | 1.014 | 1.014 | 1.040 | 1.01 | 0 | 3 | 1.3 | 5.2 | 0.01 | 11 | 0.23 / 0.23 | 0 |
  | 30 | 3001 | 0.04 | 1.016 | 1.015 | 1.050 | 1.01 | 0 | 8 | 1.3 | 5.4 | 0.01 | 17 | 0.19 / 0.19 | 0 |
  | m/s | override overshoot deg / peak T | latch overshoot | sentinel L16 peakT / s>50 / exc | R16 exc | dis meas / zero exc |
  | 3 | 4.75 / 1885 | 4.23 | 197 / 0.04 / -0.0 | -0.0 | 32.74 / 32.74 |
  | 5 | 4.61 / 1163 | 3.50 | 230 / 0.05 / -0.0 | -0.0 | 20.86 / 20.86 |
  | 5.5 | 4.33 / 1076 | 3.32 | 240 / 0.05 / -0.0 | -0.0 | 19.32 / 19.32 |
  | 6 | 3.57 / 986 | 3.23 | 243 / 0.05 / -0.0 | -0.0 | 17.51 / 17.51 |
  | 7 | 2.60 / 864 | 3.00 | 251 / 0.05 / -0.0 | -0.0 | 15.07 / 15.07 |
  | 8 | 2.19 / 828 | 2.73 | 276 / 0.05 / -0.0 | -0.0 | 14.38 / 14.38 |
  | 10 | 1.63 / 721 | 2.62 | 202 / 0.04 / 0.0 | -0.0 | 9.36 / 9.36 |
  | 11.9 | 1.13 / 576 | 2.57 | 136 / 0.03 / -0.0 | -0.0 | 5.84 / 5.84 |
  | 12.5 | 0.83 / 570 | 2.19 | 164 / 0.04 / -0.0 | -0.0 | 5.52 / 5.52 |
  | 15 | 0.33 / 589 | 1.17 | 239 / 0.05 / 0.0 | -0.0 | 3.84 / 3.84 |
  | 17 | 0.19 / 569 | 0.87 | 237 / 0.05 / 0.0 | -0.0 | 2.88 / 2.88 |
  | 19 | 0.28 / 557 | 0.83 | 192 / 0.04 / 0.0 | -0.0 | 2.42 / 2.42 |
  | 22 | 0.30 / 473 | 0.71 | 141 / 0.03 / 0.0 | -0.0 | 1.95 / 1.95 |
  | 26 | 0.28 / 390 | 0.59 | 91 / 0.02 / 0.0 | -0.0 | 1.46 / 1.46 |
  | 30 | 0.27 / 318 | 0.55 | 76 / 0.01 / 0.0 | -0.0 | 1.26 / 1.26 |

  **C0 rebased x2 (225/100, bleed 1024)** (nominal)
  | m/s | Kp_eff | ess | hold | tg0.2 | tg0.5 | +-1 fit | dj ev | stick% | T_hf hold | T_hf sin | hunt p2p | step ov% | hard16 / ref | wraps |
  | 3 | 450 | 0.12 | 1.004 | 1.071 | 1.176 | 1.40 | 7 | 71 | 0.5 | 2.1 | 2.87 | 11 | 1.29 / 1.80 | 0 |
  | 5 | 499 | 0.05 | 0.999 | 1.049 | 1.084 | 1.25 | 7 | 50 | 0.5 | 1.2 | 1.55 | 14 | 1.26 / 1.69 | 0 |
  | 5.5 | 515 | 0.05 | 0.999 | 1.042 | 1.063 | 1.22 | 5 | 44 | 0.5 | 1.1 | 1.25 | 12 | 1.16 / 1.52 | 0 |
  | 6 | 532 | 0.05 | 0.999 | 1.035 | 1.044 | 1.19 | 4 | 40 | 0.6 | 1.1 | 1.26 | 11 | 1.57 / 1.91 | 0 |
  | 7 | 566 | 0.03 | 1.000 | 1.021 | 1.012 | 1.12 | 0 | 26 | 0.7 | 0.9 | 1.09 | 8 | 2.06 / 2.49 | 0 |
  | 8 | 599 | 0.03 | 1.001 | 1.005 | 0.982 | 1.04 | 0 | 16 | 0.6 | 1.0 | 0.52 | 6 | 1.81 / 2.26 | 0 |
  | 10 | 777 | 0.04 | 1.001 | 1.018 | 1.018 | 1.06 | 0 | 12 | 0.6 | 0.9 | 0.46 | 9 | 1.19 / 1.51 | 0 |
  | 11.9 | 947 | 0.03 | 1.001 | 1.029 | 1.043 | 1.07 | 0 | 9 | 0.6 | 1.1 | 0.44 | 10 | 0.78 / 0.98 | 0 |
  | 12.5 | 999 | 0.03 | 1.002 | 1.019 | 1.005 | 1.05 | 0 | 8 | 0.7 | 1.2 | 0.32 | 7 | 0.70 / 0.91 | 0 |
  | 15 | 1577 | 0.03 | 1.004 | 0.998 | 0.950 | 1.00 | 1 | 6 | 0.6 | 1.8 | 0.03 | 2 | 0.47 / 0.60 | 0 |
  | 17 | 2038 | 0.05 | 1.007 | 0.989 | 0.930 | 0.97 | 0 | 2 | 0.5 | 2.2 | 0.00 | -0 | 0.37 / 0.45 | 0 |
  | 19 | 2500 | 0.04 | 1.008 | 0.998 | 0.977 | 0.98 | 0 | 1 | 0.5 | 3.2 | 0.00 | 4 | 0.34 / 0.38 | 0 |
  | 22 | 2714 | 0.04 | 1.008 | 1.009 | 1.014 | 1.00 | 0 | 3 | 0.8 | 3.8 | 0.00 | 8 | 0.28 / 0.30 | 0 |
  | 26 | 3000 | 0.04 | 1.014 | 1.013 | 1.044 | 1.01 | 0 | 5 | 1.3 | 5.2 | 0.02 | 12 | 0.22 / 0.23 | 0 |
  | 30 | 3001 | 0.04 | 1.015 | 1.014 | 1.053 | 1.01 | 0 | 7 | 1.4 | 5.5 | 0.02 | 17 | 0.19 / 0.19 | 0 |
  | m/s | override overshoot deg / peak T | latch overshoot | sentinel L16 peakT / s>50 / exc | R16 exc | dis meas / zero exc |
  | 3 | 4.75 / 1884 | 4.24 | 196 / 0.04 / -0.0 | -0.0 | 32.78 / 32.78 |
  | 5 | 4.62 / 1162 | 3.51 | 230 / 0.05 / -0.0 | -0.0 | 20.94 / 20.94 |
  | 5.5 | 4.37 / 1076 | 3.33 | 239 / 0.05 / -0.0 | -0.0 | 19.37 / 19.37 |
  | 6 | 3.60 / 984 | 3.25 | 242 / 0.05 / -0.0 | -0.0 | 17.62 / 17.62 |
  | 7 | 2.66 / 865 | 3.00 | 251 / 0.05 / -0.0 | -0.0 | 15.13 / 15.13 |
  | 8 | 2.23 / 829 | 2.74 | 280 / 0.05 / -0.0 | -0.0 | 14.36 / 14.36 |
  | 10 | 1.68 / 722 | 2.63 | 202 / 0.04 / -0.0 | -0.0 | 9.37 / 9.37 |
  | 11.9 | 1.16 / 574 | 2.57 | 138 / 0.03 / 0.0 | -0.0 | 5.87 / 5.87 |
  | 12.5 | 0.85 / 569 | 2.20 | 165 / 0.04 / -0.0 | -0.0 | 5.54 / 5.54 |
  | 15 | 0.33 / 588 | 1.17 | 227 / 0.05 / 0.0 | -0.0 | 3.86 / 3.86 |
  | 17 | 0.20 / 567 | 0.87 | 240 / 0.05 / 0.0 | 0.0 | 2.89 / 2.89 |
  | 19 | 0.30 / 557 | 0.84 | 190 / 0.04 / 0.0 | -0.0 | 2.45 / 2.45 |
  | 22 | 0.30 / 473 | 0.73 | 141 / 0.03 / 0.0 | -0.0 | 1.95 / 1.95 |
  | 26 | 0.29 / 391 | 0.60 | 92 / 0.02 / 0.0 | -0.0 | 1.46 / 1.46 |
  | 30 | 0.30 / 325 | 0.56 | 77 / 0.01 / 0.0 | -0.0 | 1.26 / 1.26 |