
===== member nominal  (suite pi)
  -- LINE-ONLY
     2/15 C1 (freeze |tq|>512 + ramp<0x8000)             3:stick 5:stick 5.5:stick 6:stick 7:stick 8:stick 10:stick 11.9:stick/track 12.5:stick/track 15:stick/track 17:stick/track 19:stick/track 22:PASS 26:PASS 30:stick
     2/15 C1 freeze |tq|>512 only (no ramp freeze)       3:stick 5:stick 5.5:stick 6:stick 7:stick 8:PASS 10:stick 11.9:stick/track 12.5:stick/track 15:stick/track 17:stick/track 19:stick/track 22:PASS 26:stick 30:stick
     2/15 C1 freeze |tq|>1024 + ramp                     3:stick 5:stick 5.5:stick 6:stick 7:stick 8:PASS 10:stick 11.9:stick/track 12.5:stick/track 15:stick/track 17:stick/track 19:stick/track 22:PASS 26:stick 30:stick
     2/15 C1 gains + C0 bleed (1024, tau 64 ms)          3:stick 5:stick 5.5:stick 6:stick 7:stick 8:stick 10:stick 11.9:stick/track 12.5:stick/track 15:stick/track 17:stick/track 19:stick/track 22:PASS 26:PASS 30:stick
     3/15 C1 gains, no I policy (control)                3:stick 5:stick 5.5:stick 6:stick 7:PASS 8:PASS 10:stick 11.9:stick/track 12.5:stick/track 15:stick/track 17:stick/track 19:stick/track 22:PASS 26:stick 30:stick
     2/15 C0 as listed (450/199, bleed 1024)             3:stick 5:stick 5.5:stick 6:stick 7:stick 8:PASS 10:stick 11.9:stick 12.5:PASS 15:track 17:stable/stick/track 19:stick 22:stable/stick 26:stick 30:stable/stick/track
     1/15 C0 rebased x2 (225/100, bleed 1024)            3:stick 5:stick 5.5:stick 6:stick 7:stick 8:PASS 10:stick 11.9:stick 12.5:stick 15:stick 17:stick/track 19:stick 22:stable/stick 26:stick 30:stick/track
  -- STRICT (texture gated)
     0/15 C1 (freeze |tq|>512 + ramp<0x8000)             3:texture/stick 5:stick 5.5:stick 6:stick 7:stick 8:stick 10:stick 11.9:stick/track 12.5:stick/track 15:stick/track 17:stick/track 19:stick/track 22:texture 26:texture 30:texture/stick
     1/15 C1 freeze |tq|>512 only (no ramp freeze)       3:texture/stick 5:stick 5.5:stick 6:stick 7:stick 8:PASS 10:stick 11.9:stick/track 12.5:stick/track 15:stick/track 17:stick/track 19:stick/track 22:texture 26:texture/stick 30:texture/stick
     1/15 C1 freeze |tq|>1024 + ramp                     3:texture/stick 5:stick 5.5:stick 6:stick 7:stick 8:PASS 10:stick 11.9:stick/track 12.5:stick/track 15:stick/track 17:stick/track 19:stick/track 22:texture 26:texture/stick 30:texture/stick
     0/15 C1 gains + C0 bleed (1024, tau 64 ms)          3:texture/stick 5:stick 5.5:stick 6:stick 7:stick 8:stick 10:stick 11.9:stick/track 12.5:stick/track 15:stick/track 17:stick/track 19:stick/track 22:texture 26:texture 30:texture/stick
     2/15 C1 gains, no I policy (control)                3:texture/stick 5:stick 5.5:stick 6:stick 7:PASS 8:PASS 10:stick 11.9:stick/track 12.5:stick/track 15:stick/track 17:stick/track 19:stick/track 22:texture 26:texture/stick 30:texture/stick
     2/15 C0 as listed (450/199, bleed 1024)             3:texture/stick 5:stick 5.5:stick 6:stick 7:stick 8:PASS 10:stick 11.9:stick 12.5:PASS 15:track 17:stable/texture/stick/track 19:texture/stick 22:stable/texture/stick 26:texture/stick 30:stable/texture/stick/track
     1/15 C0 rebased x2 (225/100, bleed 1024)            3:texture/stick 5:stick 5.5:stick 6:stick 7:stick 8:PASS 10:stick 11.9:stick 12.5:stick 15:stick 17:texture/stick/track 19:texture/stick 22:stable/texture/stick 26:texture/stick 30:texture/stick/track

  **C1 (freeze |tq|>512 + ramp<0x8000)** (nominal)
  | m/s | Kp_eff | ess | hold | tg0.2 | tg0.5 | +-1 fit | dj ev | stick% | T_hf hold | T_hf sin | hunt p2p | step ov% | hard16 / ref | wraps |
  | 3 | 490 | 0.10 | 1.001 | 1.064 | 1.135 | 1.89 | 7 | 49 | 0.8 | 2.6 | 4.96 | 26 | 1.56 / 1.88 | 0 |
  | 5 | 520 | 0.15 | 1.002 | 1.044 | 1.086 | 1.62 | 2 | 40 | 0.7 | 1.4 | 3.43 | 33 | 1.50 / 1.77 | 0 |
  | 5.5 | 529 | 0.02 | 1.003 | 1.038 | 1.065 | 1.54 | 3 | 37 | 0.7 | 1.2 | 3.01 | 32 | 1.28 / 1.59 | 0 |
  | 6 | 537 | 0.02 | 1.005 | 1.032 | 1.044 | 1.48 | 2 | 33 | 0.7 | 1.1 | 3.02 | 30 | 1.53 / 2.02 | 0 |
  | 7 | 554 | 0.00 | 1.008 | 1.018 | 1.007 | 1.38 | 1 | 24 | 0.9 | 1.0 | 2.99 | 26 | 1.92 / 2.64 | 0 |
  | 8 | 570 | 0.05 | 1.010 | 1.003 | 0.974 | 1.26 | 1 | 16 | 0.9 | 0.7 | 2.47 | 24 | 1.75 / 2.39 | 0 |
  | 10 | 570 | 0.06 | 1.007 | 1.014 | 0.955 | 1.31 | 2 | 13 | 0.6 | 0.8 | 2.32 | 27 | 0.92 / 1.57 | 0 |
  | 11.9 | 570 | 0.04 | 1.002 | 1.025 | 0.912 | 1.38 | 2 | 11 | 0.6 | 0.6 | 2.20 | 30 | 0.57 / 1.00 | 0 |
  | 12.5 | 682 | 0.08 | 1.009 | 1.012 | 0.898 | 1.32 | 2 | 11 | 0.7 | 0.7 | 1.70 | 26 | 0.51 / 0.97 | 0 |
  | 15 | 1243 | 0.04 | 1.010 | 0.986 | 0.891 | 1.19 | 3 | 6 | 1.3 | 1.4 | 0.86 | 19 | 0.39 / 0.63 | 0 |
  | 17 | 1692 | 0.03 | 1.012 | 0.977 | 0.884 | 1.15 | 4 | 3 | 1.7 | 1.8 | 0.52 | 16 | 0.33 / 0.49 | 0 |
  | 19 | 1748 | 0.03 | 1.010 | 0.984 | 0.916 | 1.15 | 2 | 3 | 2.0 | 2.0 | 0.43 | 18 | 0.27 / 0.42 | 0 |
  | 22 | 1833 | 0.01 | 1.003 | 1.005 | 0.957 | 1.15 | 0 | 4 | 1.6 | 2.5 | 0.39 | 20 | 0.22 / 0.35 | 0 |
  | 26 | 1945 | 0.04 | 0.989 | 1.018 | 1.009 | 1.15 | 0 | 1 | 1.7 | 2.5 | 0.33 | 27 | 0.16 / 0.25 | 0 |
  | 30 | 1971 | 0.05 | 0.982 | 1.020 | 1.022 | 1.15 | 1 | 4 | 2.0 | 2.8 | 0.33 | 29 | 0.15 / 0.24 | 0 |

  **C1 freeze |tq|>512 only (no ramp freeze)** (nominal)
  | m/s | Kp_eff | ess | hold | tg0.2 | tg0.5 | +-1 fit | dj ev | stick% | T_hf hold | T_hf sin | hunt p2p | step ov% | hard16 / ref | wraps |
  | 3 | 490 | 0.10 | 1.001 | 1.064 | 1.135 | 1.88 | 7 | 49 | 0.8 | 2.6 | 4.95 | 26 | 1.56 / 1.88 | 0 |
  | 5 | 520 | 0.06 | 1.004 | 1.045 | 1.086 | 1.62 | 2 | 40 | 0.7 | 1.4 | 3.43 | 33 | 1.51 / 1.77 | 0 |
  | 5.5 | 529 | 0.03 | 1.003 | 1.038 | 1.065 | 1.55 | 3 | 36 | 0.7 | 1.2 | 3.01 | 32 | 1.29 / 1.59 | 0 |
  | 6 | 537 | 0.03 | 1.005 | 1.032 | 1.044 | 1.48 | 1 | 34 | 0.8 | 1.1 | 3.01 | 30 | 1.53 / 2.03 | 0 |
  | 7 | 554 | 0.00 | 1.008 | 1.018 | 1.007 | 1.38 | 1 | 25 | 0.9 | 0.9 | 3.01 | 26 | 1.92 / 2.64 | 0 |
  | 8 | 570 | 0.02 | 1.010 | 1.003 | 0.974 | 1.25 | 0 | 16 | 0.9 | 0.7 | 2.47 | 24 | 1.75 / 2.40 | 0 |
  | 10 | 570 | 0.05 | 1.007 | 1.014 | 0.954 | 1.31 | 2 | 13 | 0.6 | 0.8 | 2.32 | 27 | 0.90 / 1.57 | 0 |
  | 11.9 | 570 | 0.04 | 1.003 | 1.025 | 0.912 | 1.38 | 2 | 11 | 0.6 | 0.7 | 2.21 | 30 | 0.57 / 1.00 | 0 |
  | 12.5 | 682 | 0.09 | 1.008 | 1.012 | 0.898 | 1.32 | 1 | 11 | 0.7 | 0.7 | 1.71 | 26 | 0.51 / 0.96 | 0 |
  | 15 | 1243 | 0.04 | 1.010 | 0.986 | 0.890 | 1.19 | 2 | 6 | 1.3 | 1.4 | 0.85 | 19 | 0.39 / 0.63 | 0 |
  | 17 | 1692 | 0.02 | 1.012 | 0.977 | 0.884 | 1.15 | 4 | 3 | 1.6 | 1.8 | 0.52 | 16 | 0.33 / 0.49 | 0 |
  | 19 | 1748 | 0.02 | 1.009 | 0.984 | 0.916 | 1.15 | 2 | 3 | 1.7 | 2.0 | 0.42 | 18 | 0.27 / 0.42 | 0 |
  | 22 | 1833 | 0.01 | 1.005 | 1.005 | 0.957 | 1.15 | 0 | 4 | 1.7 | 2.5 | 0.40 | 20 | 0.22 / 0.35 | 0 |
  | 26 | 1945 | 0.03 | 0.992 | 1.018 | 1.009 | 1.15 | 1 | 2 | 1.7 | 2.4 | 0.34 | 27 | 0.16 / 0.26 | 0 |
  | 30 | 1971 | 0.04 | 0.983 | 1.020 | 1.022 | 1.15 | 1 | 4 | 1.9 | 2.8 | 0.33 | 29 | 0.15 / 0.24 | 0 |

  **C1 freeze |tq|>1024 + ramp** (nominal)
  | m/s | Kp_eff | ess | hold | tg0.2 | tg0.5 | +-1 fit | dj ev | stick% | T_hf hold | T_hf sin | hunt p2p | step ov% | hard16 / ref | wraps |
  | 3 | 490 | 0.09 | 1.001 | 1.064 | 1.135 | 1.88 | 7 | 49 | 0.8 | 2.6 | 5.04 | 26 | 1.58 / 1.87 | 0 |
  | 5 | 520 | 0.15 | 1.002 | 1.045 | 1.086 | 1.63 | 2 | 40 | 0.7 | 1.4 | 3.43 | 33 | 1.50 / 1.77 | 0 |
  | 5.5 | 529 | 0.03 | 1.003 | 1.038 | 1.065 | 1.54 | 3 | 35 | 0.7 | 1.3 | 3.01 | 32 | 1.28 / 1.59 | 0 |
  | 6 | 537 | 0.02 | 1.005 | 1.032 | 1.044 | 1.48 | 1 | 33 | 0.7 | 1.1 | 3.01 | 30 | 1.53 / 2.02 | 0 |
  | 7 | 554 | 0.00 | 1.008 | 1.018 | 1.007 | 1.38 | 1 | 24 | 0.9 | 0.9 | 2.99 | 26 | 1.92 / 2.64 | 0 |
  | 8 | 570 | 0.02 | 1.009 | 1.003 | 0.974 | 1.26 | 0 | 16 | 0.9 | 0.7 | 2.48 | 24 | 1.74 / 2.40 | 0 |
  | 10 | 570 | 0.05 | 1.007 | 1.014 | 0.955 | 1.31 | 2 | 13 | 0.6 | 0.7 | 2.32 | 27 | 0.90 / 1.57 | 0 |
  | 11.9 | 570 | 0.03 | 1.003 | 1.025 | 0.912 | 1.38 | 2 | 12 | 0.6 | 0.7 | 2.20 | 30 | 0.57 / 1.00 | 0 |
  | 12.5 | 682 | 0.09 | 1.008 | 1.012 | 0.898 | 1.32 | 2 | 11 | 0.8 | 0.7 | 1.70 | 26 | 0.51 / 0.96 | 0 |
  | 15 | 1243 | 0.04 | 1.010 | 0.986 | 0.891 | 1.19 | 2 | 5 | 1.3 | 1.3 | 0.86 | 19 | 0.40 / 0.63 | 0 |
  | 17 | 1692 | 0.02 | 1.012 | 0.977 | 0.884 | 1.15 | 5 | 3 | 1.7 | 1.8 | 0.52 | 16 | 0.33 / 0.49 | 0 |
  | 19 | 1748 | 0.03 | 1.009 | 0.984 | 0.916 | 1.15 | 3 | 3 | 1.7 | 2.0 | 0.42 | 18 | 0.27 / 0.42 | 0 |
  | 22 | 1833 | 0.01 | 1.004 | 1.005 | 0.957 | 1.15 | 0 | 4 | 1.6 | 2.5 | 0.39 | 20 | 0.22 / 0.35 | 0 |
  | 26 | 1945 | 0.04 | 0.989 | 1.018 | 1.009 | 1.15 | 1 | 2 | 1.8 | 2.4 | 0.33 | 27 | 0.16 / 0.26 | 0 |
  | 30 | 1971 | 0.05 | 0.983 | 1.020 | 1.022 | 1.15 | 1 | 4 | 1.9 | 2.8 | 0.33 | 29 | 0.15 / 0.24 | 0 |

  **C1 gains + C0 bleed (1024, tau 64 ms)** (nominal)
  | m/s | Kp_eff | ess | hold | tg0.2 | tg0.5 | +-1 fit | dj ev | stick% | T_hf hold | T_hf sin | hunt p2p | step ov% | hard16 / ref | wraps |
  | 3 | 490 | 0.09 | 1.001 | 1.064 | 1.135 | 1.89 | 7 | 49 | 0.8 | 2.6 | 5.04 | 26 | 1.57 / 1.88 | 0 |
  | 5 | 520 | 0.07 | 1.004 | 1.044 | 1.086 | 1.62 | 2 | 39 | 0.7 | 1.4 | 3.43 | 33 | 1.49 / 1.77 | 0 |
  | 5.5 | 529 | 0.04 | 1.004 | 1.038 | 1.065 | 1.55 | 3 | 37 | 0.7 | 1.2 | 3.00 | 32 | 1.29 / 1.59 | 0 |
  | 6 | 537 | 0.03 | 1.005 | 1.032 | 1.044 | 1.48 | 2 | 34 | 0.7 | 1.1 | 3.17 | 30 | 1.52 / 2.02 | 0 |
  | 7 | 554 | 0.01 | 1.008 | 1.018 | 1.007 | 1.38 | 1 | 24 | 0.9 | 0.9 | 3.02 | 26 | 1.92 / 2.63 | 0 |
  | 8 | 570 | 0.05 | 1.010 | 1.003 | 0.974 | 1.26 | 1 | 16 | 0.9 | 0.7 | 2.46 | 24 | 1.74 / 2.39 | 0 |
  | 10 | 570 | 0.05 | 1.007 | 1.014 | 0.955 | 1.31 | 2 | 13 | 0.6 | 0.8 | 2.32 | 27 | 0.90 / 1.57 | 0 |
  | 11.9 | 570 | 0.04 | 1.002 | 1.025 | 0.912 | 1.38 | 2 | 12 | 0.6 | 0.6 | 2.20 | 30 | 0.57 / 1.00 | 0 |
  | 12.5 | 682 | 0.09 | 1.008 | 1.012 | 0.899 | 1.32 | 2 | 11 | 0.7 | 0.7 | 1.70 | 26 | 0.51 / 0.96 | 0 |
  | 15 | 1243 | 0.04 | 1.010 | 0.986 | 0.891 | 1.19 | 3 | 4 | 1.3 | 1.4 | 0.86 | 19 | 0.40 / 0.63 | 0 |
  | 17 | 1692 | 0.03 | 1.011 | 0.977 | 0.884 | 1.15 | 3 | 3 | 1.7 | 1.8 | 0.52 | 16 | 0.33 / 0.49 | 0 |
  | 19 | 1748 | 0.02 | 1.009 | 0.984 | 0.916 | 1.15 | 3 | 3 | 1.7 | 1.9 | 0.42 | 18 | 0.27 / 0.42 | 0 |
  | 22 | 1833 | 0.02 | 1.002 | 1.005 | 0.957 | 1.15 | 0 | 3 | 1.6 | 2.5 | 0.39 | 20 | 0.22 / 0.35 | 0 |
  | 26 | 1945 | 0.05 | 0.989 | 1.018 | 1.009 | 1.15 | 0 | 0 | 1.4 | 2.3 | 0.33 | 27 | 0.16 / 0.25 | 0 |
  | 30 | 1971 | 0.04 | 0.983 | 1.020 | 1.023 | 1.15 | 1 | 4 | 2.0 | 2.8 | 0.33 | 29 | 0.15 / 0.24 | 0 |

  **C1 gains, no I policy (control)** (nominal)
  | m/s | Kp_eff | ess | hold | tg0.2 | tg0.5 | +-1 fit | dj ev | stick% | T_hf hold | T_hf sin | hunt p2p | step ov% | hard16 / ref | wraps |
  | 3 | 490 | 0.09 | 1.001 | 1.064 | 1.135 | 1.89 | 7 | 50 | 0.8 | 2.7 | 5.03 | 26 | 1.57 / 1.88 | 0 |
  | 5 | 520 | 0.06 | 1.004 | 1.045 | 1.086 | 1.62 | 2 | 39 | 0.6 | 1.4 | 3.43 | 33 | 1.49 / 1.77 | 0 |
  | 5.5 | 529 | 0.03 | 1.003 | 1.038 | 1.065 | 1.54 | 3 | 36 | 0.7 | 1.3 | 3.02 | 32 | 1.28 / 1.59 | 0 |
  | 6 | 537 | 0.03 | 1.005 | 1.032 | 1.044 | 1.48 | 2 | 34 | 0.7 | 1.1 | 3.15 | 30 | 1.52 / 2.02 | 0 |
  | 7 | 554 | 0.00 | 1.008 | 1.018 | 1.007 | 1.38 | 0 | 24 | 0.9 | 1.0 | 3.00 | 26 | 1.90 / 2.64 | 0 |
  | 8 | 570 | 0.01 | 1.009 | 1.003 | 0.974 | 1.26 | 0 | 16 | 0.9 | 0.7 | 2.48 | 24 | 1.73 / 2.40 | 0 |
  | 10 | 570 | 0.05 | 1.007 | 1.014 | 0.955 | 1.31 | 2 | 13 | 0.6 | 0.7 | 2.32 | 27 | 0.90 / 1.58 | 0 |
  | 11.9 | 570 | 0.03 | 1.002 | 1.024 | 0.912 | 1.38 | 2 | 11 | 0.6 | 0.7 | 2.20 | 30 | 0.57 / 1.00 | 0 |
  | 12.5 | 682 | 0.09 | 1.008 | 1.012 | 0.898 | 1.32 | 2 | 11 | 0.7 | 0.7 | 1.70 | 26 | 0.51 / 0.96 | 0 |
  | 15 | 1243 | 0.04 | 1.010 | 0.986 | 0.891 | 1.19 | 2 | 6 | 1.3 | 1.4 | 0.85 | 19 | 0.40 / 0.63 | 0 |
  | 17 | 1692 | 0.03 | 1.012 | 0.977 | 0.884 | 1.15 | 2 | 3 | 1.7 | 1.8 | 0.50 | 16 | 0.33 / 0.49 | 0 |
  | 19 | 1748 | 0.03 | 1.010 | 0.984 | 0.916 | 1.15 | 3 | 3 | 2.0 | 2.0 | 0.42 | 18 | 0.27 / 0.42 | 0 |
  | 22 | 1833 | 0.01 | 1.002 | 1.005 | 0.957 | 1.15 | 0 | 4 | 1.6 | 2.4 | 0.40 | 20 | 0.22 / 0.35 | 0 |
  | 26 | 1945 | 0.04 | 0.990 | 1.018 | 1.009 | 1.15 | 1 | 0 | 1.7 | 2.4 | 0.33 | 27 | 0.16 / 0.26 | 0 |
  | 30 | 1971 | 0.05 | 0.983 | 1.020 | 1.022 | 1.15 | 1 | 6 | 1.8 | 2.8 | 0.33 | 29 | 0.15 / 0.24 | 0 |

  **C0 as listed (450/199, bleed 1024)** (nominal)
  | m/s | Kp_eff | ess | hold | tg0.2 | tg0.5 | +-1 fit | dj ev | stick% | T_hf hold | T_hf sin | hunt p2p | step ov% | hard16 / ref | wraps |
  | 3 | 450 | 0.45 | 0.999 | 1.069 | 1.123 | 2.01 | 6 | 49 | 0.7 | 2.8 | 5.69 | 27 | 1.49 / 1.85 | 0 |
  | 5 | 499 | 0.06 | 1.003 | 1.045 | 1.080 | 1.65 | 2 | 39 | 0.6 | 1.4 | 3.70 | 33 | 1.39 / 1.78 | 0 |
  | 5.5 | 515 | 0.03 | 1.003 | 1.039 | 1.060 | 1.56 | 2 | 36 | 0.7 | 1.2 | 3.25 | 31 | 1.28 / 1.58 | 0 |
  | 6 | 531 | 0.02 | 1.005 | 1.032 | 1.041 | 1.51 | 3 | 32 | 0.7 | 1.2 | 3.28 | 29 | 1.51 / 2.01 | 0 |
  | 7 | 566 | 0.16 | 1.008 | 1.018 | 1.009 | 1.35 | 1 | 24 | 0.8 | 1.1 | 2.90 | 26 | 1.91 / 2.61 | 0 |
  | 8 | 599 | 0.09 | 1.009 | 1.002 | 0.979 | 1.23 | 0 | 13 | 1.0 | 0.7 | 2.33 | 23 | 1.82 / 2.37 | 0 |
  | 10 | 777 | 0.15 | 1.007 | 1.016 | 1.016 | 1.21 | 1 | 12 | 1.0 | 0.9 | 1.55 | 26 | 1.21 / 1.61 | 0 |
  | 11.9 | 946 | 0.08 | 1.005 | 1.028 | 1.036 | 1.21 | 2 | 7 | 0.9 | 1.1 | 1.05 | 28 | 0.77 / 1.04 | 0 |
  | 12.5 | 1000 | 0.01 | 1.006 | 1.018 | 1.002 | 1.21 | 0 | 6 | 1.1 | 1.1 | 1.10 | 24 | 0.67 / 0.96 | 0 |
  | 15 | 1575 | 0.03 | 1.008 | 0.996 | 0.947 | 1.14 | 0 | 5 | 1.8 | 1.7 | 0.63 | 18 | 0.46 / 0.65 | 0 |
  | 17 | 2037 | 0.02 | 1.008 | 0.983 | 0.926 | 1.12 | 2 | 2 | 2.1 | 2.0 | 0.46 | 16 | 0.37 / 0.52 | 0 |
  | 19 | 2498 | 0.02 | 1.004 | 0.993 | 0.974 | 1.12 | 4 | 6 | 2.0 | 3.0 | 0.31 | 19 | 0.36 / 0.44 | 0 |
  | 22 | 2714 | 0.03 | 1.000 | 1.009 | 1.015 | 1.11 | 4 | 3 | 2.3 | 3.4 | 0.22 | 22 | 0.29 / 0.33 | 0 |
  | 26 | 2999 | 0.01 | 0.997 | 1.013 | 1.038 | 1.11 | 3 | 2 | 1.6 | 5.0 | 0.23 | 25 | 0.23 / 0.28 | 0 |
  | 30 | 3001 | 0.04 | 0.984 | 1.015 | 1.051 | 1.11 | 3 | 6 | 2.0 | 5.5 | 0.17 | 26 | 0.18 / 0.19 | 0 |

  **C0 rebased x2 (225/100, bleed 1024)** (nominal)
  | m/s | Kp_eff | ess | hold | tg0.2 | tg0.5 | +-1 fit | dj ev | stick% | T_hf hold | T_hf sin | hunt p2p | step ov% | hard16 / ref | wraps |
  | 3 | 450 | 0.30 | 1.000 | 1.069 | 1.124 | 2.00 | 6 | 49 | 0.8 | 2.7 | 5.72 | 27 | 1.50 / 1.86 | 0 |
  | 5 | 499 | 0.05 | 1.004 | 1.045 | 1.082 | 1.65 | 4 | 42 | 0.7 | 1.4 | 3.72 | 33 | 1.44 / 1.75 | 0 |
  | 5.5 | 515 | 0.05 | 1.004 | 1.039 | 1.061 | 1.58 | 2 | 35 | 0.6 | 1.1 | 3.15 | 32 | 1.25 / 1.59 | 0 |
  | 6 | 532 | 0.05 | 1.005 | 1.032 | 1.043 | 1.48 | 1 | 34 | 0.7 | 1.2 | 3.04 | 30 | 1.52 / 2.02 | 0 |
  | 7 | 566 | 0.00 | 1.008 | 1.019 | 1.011 | 1.37 | 1 | 23 | 0.9 | 1.1 | 2.87 | 26 | 1.93 / 2.66 | 0 |
  | 8 | 599 | 0.01 | 1.009 | 1.003 | 0.981 | 1.25 | 0 | 15 | 1.0 | 0.7 | 2.31 | 24 | 1.83 / 2.40 | 0 |
  | 10 | 777 | 0.04 | 1.008 | 1.016 | 1.018 | 1.23 | 1 | 12 | 1.0 | 0.9 | 1.54 | 27 | 1.20 / 1.60 | 0 |
  | 11.9 | 947 | 0.06 | 1.009 | 1.026 | 1.040 | 1.22 | 2 | 8 | 0.9 | 1.0 | 0.97 | 28 | 0.76 / 1.05 | 0 |
  | 12.5 | 999 | 0.06 | 1.007 | 1.016 | 1.002 | 1.22 | 2 | 7 | 1.0 | 1.1 | 0.99 | 25 | 0.66 / 0.98 | 0 |
  | 15 | 1577 | 0.01 | 1.007 | 0.996 | 0.951 | 1.15 | 3 | 4 | 1.8 | 1.8 | 0.61 | 18 | 0.46 / 0.65 | 0 |
  | 17 | 2038 | 0.01 | 1.009 | 0.986 | 0.928 | 1.13 | 3 | 3 | 1.9 | 2.1 | 0.45 | 16 | 0.38 / 0.52 | 0 |
  | 19 | 2500 | 0.00 | 1.004 | 0.997 | 0.976 | 1.11 | 6 | 3 | 1.9 | 3.0 | 0.32 | 19 | 0.36 / 0.44 | 0 |
  | 22 | 2714 | 0.03 | 0.997 | 1.008 | 1.012 | 1.11 | 4 | 4 | 2.1 | 3.6 | 0.24 | 23 | 0.28 / 0.33 | 0 |
  | 26 | 3000 | 0.05 | 0.987 | 1.012 | 1.042 | 1.11 | 4 | 4 | 1.5 | 4.7 | 0.16 | 25 | 0.23 / 0.26 | 0 |
  | 30 | 3001 | 0.04 | 0.986 | 1.014 | 1.051 | 1.11 | 3 | 6 | 1.9 | 5.5 | 0.14 | 26 | 0.19 / 0.21 | 0 |