
== member nominal (suite pi) ==  cell: dj events | hold hunt p2p deg | tg0.2 | hold ratio
  m/s       C1r2 (7 knots) (freeze 5      ||      alt 5 knots (freeze 512+      ||      C1 rev 1 (REFUTED; refer     
     3    9  6.58 1.078 0.998              ||   9  6.58 1.078 0.998              ||   7  5.04 1.064 1.001             
     5    3  4.02 1.053 1.003              ||   4  4.05 1.053 1.002              ||   2  3.42 1.044 1.002             
   5.5    3  3.43 1.047 1.003              ||   3  3.44 1.047 1.003              ||   3  3.02 1.038 1.003             
     6    2  3.37 1.041 1.005              ||   2  3.31 1.040 1.006              ||   1  3.02 1.032 1.005             
     7    3  3.16 1.027 1.009              ||   2  3.17 1.027 1.008              ||   1  2.99 1.018 1.008             
     8    2  2.52 1.013 1.010              ||   1  2.52 1.013 1.009              ||   0  2.48 1.003 1.009             
    10    2  4.49 1.016 1.002              ||   2  4.50 1.016 1.002              ||   2  2.32 1.014 1.007             
  11.9    3  4.42 1.013 0.972              ||   3  4.42 1.013 0.972              ||   2  2.20 1.025 1.002             
  12.5    4  3.69 0.976 0.974              ||   4  3.68 0.969 0.971              ||   2  1.70 1.012 1.008             
    15    3  1.71 0.854 1.006              ||   3  1.70 0.853 1.007              ||   1  0.85 0.986 1.010             
    17    2  1.07 0.820 1.025              ||   3  1.03 0.794 1.031              ||   5  0.52 0.977 1.012             
    19    2  1.04 0.886 1.012              ||   3  1.06 0.861 1.016              ||   2  0.42 0.984 1.009             
    22    1  0.97 0.950 0.995              ||   2  0.99 0.940 0.995              ||   0  0.39 1.005 1.003             
    26    1  0.79 1.004 0.984              ||   1  0.80 1.004 0.984              ||   1  0.33 1.018 0.989             
    30    0  0.67 1.007 0.980              ||   0  0.67 1.007 0.980              ||   2  0.30 1.020 0.982             
  total dj events: C1r2 (7 knots) (freeze 5=40  alt 5 knots (freeze 512+=42  C1 rev 1 (REFUTED; refer=31