V294  age  0            +1.33   +0.67   +0.05   -0.25   -0.36   -0.42   -0.44   -0.41
V295  age  0            +2.46   +1.24   +0.09   -0.47   -0.66   -0.77   -0.82   -0.76
V282  age  0           +17.98  +10.06   +1.82   -3.50   -5.88   -7.52   -8.87   -9.05
B0    age  0 worst      -0.82   -0.82   -0.85   -0.83   -0.80   -0.76   -0.69   -0.55   at v 27 27 27 27 27 27 27 27
V294  age 10            +0.91   +0.05   -0.63   -0.81   -0.78   -0.68   -0.48   -0.13
V295  age 10            +1.69   +0.08   -1.17   -1.50   -1.44   -1.26   -0.89   -0.25
V282  age 10            +9.93   -0.83  -10.80  -15.03  -15.41  -14.34  -10.95   -3.63
B0    age 10 worst      -1.65   -1.61   -1.46   -1.20   -1.00   -0.79   -0.51   -0.09   at v 27 27 27 27 27 11.75 11.75 11.75
B0r   age  0 worst      -0.84   -0.84   -0.86   -0.84   -0.81   -0.77   -0.69   -0.55   at v 27 27 27 27 27 27 27 27
B0r   age 10 worst      -1.68   -1.62   -1.47   -1.20   -1.00   -0.80   -0.52   -0.10   at v 27 27 27 27 27 11.75 11.75 11.75
D1a   age  0 worst      +0.09   -0.14   -0.53   -0.71   -0.77   -0.79   -0.79   -0.72   at v 11.75 1 1 1 1 1 1 1
D1a   age 10 worst      -0.69   -1.21   -1.51   -1.46   -1.32   -1.13   -0.80   -0.26   at v 1 1 1 1 1 1 1 1
D1b   age  0 worst      -0.47   -0.30   -0.22   -0.19   -0.18   -0.18   -0.17   -0.17   at v 27 27 27 27 27 27 27 27
D1b   age 10 worst      -0.64   -0.28   -0.06   +0.03   +0.04   +0.03   -0.03   -0.10   at v 27 27 27 27 27 11.75 11.75 11.75
D1c   age  0 worst      -1.16   -1.21   -1.18   -1.05   -0.94   -0.82   -0.65   -0.40   at v 27 27 27 27 27 27 27 27
D1c   age 10 worst      -2.00   -1.94   -1.60   -1.12   -0.80   -0.52   -0.20   +0.12   at v 27 27 27 27 27 11.75 11.75 11.75
D2a   age  0 worst      -0.57   -0.44   -0.39   -0.37   -0.36   -0.35   -0.34   -0.31   at v 27 27 27 27 27 27 27 27
D2a   age 10 worst      -0.74   -0.42   -0.23   -0.15   -0.14   -0.15   -0.20   -0.24   at v 27 27 27 27 27 11.75 11.75 11.75
D2b   age  0 worst      -0.79   -0.89   -0.87   -0.76   -0.68   -0.61   -0.52   -0.41   at v 27 27 27 27 27 27 27 27
D2b   age 10 worst      -1.31   -1.16   -0.82   -0.50   -0.35   -0.23   -0.20   -0.22   at v 27 27 27 27 27 27 11.75 11.75
D2c   age  0 worst      -0.80   -0.87   -0.83   -0.73   -0.65   -0.59   -0.50   -0.40   at v 27 27 27 27 27 27 27 27
D2c   age 10 worst      -1.29   -1.11   -0.77   -0.47   -0.33   -0.22   -0.20   -0.22   at v 27 27 27 27 27 27 11.75 11.75
D3a   age  0 worst      -1.55   -1.66   -1.54   -1.26   -1.05   -0.85   -0.59   -0.29   at v 27 27 27 27 27 27 27 27
D3a   age 10 worst      -2.49   -2.40   -1.82   -1.08   -0.65   -0.30   +0.02   +0.25   at v 27 27 27 27 27 11.75 11.75 11.75
D3b   age  0 worst      -1.43   -1.48   -1.40   -1.20   -1.06   -0.91   -0.73   -0.48   at v 27 27 27 27 27 27 27 27
D3b   age 10 worst      -1.69   -1.50   -1.23   -0.96   -0.80   -0.67   -0.55   -0.38   at v 27 27 27 27 27 11.75 11.75 11.75
Hz:                        5       7      10      13      15      17      20      25