B0: table [(714, 940, 1306), (1843, 1300, -4025), (2304, 847, -1484), (2707, 701, 1636), (3571, 1046, 2728), (4032, 1353, 1292), (6198, 2036, 0), (65535, 2036, 0)]
   v:   3.10  5.00  8.00 10.00 11.75 12.50 15.00 17.00 19.00 22.00 26.90 30.00
   G:    940  1079  1299   846   700   770  1000  1276  1462  1680  2036  2036
   env: 1245  1346  1494   821   600   779  1093  1382  1574  1793  2151  2151
   min envelope/G over the grid 0.819   (B0: the C1 lib table, NOT refitted)
B0r: table [(714, 1187, 896), (1843, 1434, -6388), (2304, 715, -1779), (2707, 540, 2489), (3571, 1065, 2781), (4032, 1378, 1297), (6198, 2064, 0), (65535, 2064, 0)]
   v:   3.10  5.00  8.00 10.00 11.75 12.50 15.00 17.00 19.00 22.00 26.90 30.00
   G:   1187  1282  1433   715   539   645   995  1299  1487  1706  2063  2064
   env: 1245  1346  1494   821   600   779  1093  1382  1574  1793  2151  2151
   min envelope/G over the grid 1.042
D1a: table [(714, 1326, 0), (1843, 1326, -6042), (2304, 646, -2510), (2707, 399, 3921), (3571, 1226, 889), (4032, 1326, 0), (6198, 1326, 0), (65535, 1326, 0)]
   v:   3.10  5.00  8.00 10.00 11.75 12.50 15.00 17.00 19.00 22.00 26.90 30.00
   G:   1326  1326  1326   645   399   564  1115  1301  1326  1326  1326  1326
   env: 1382  1382  1382   720   463   684  1213  1382  1382  1382  1382  1382
   min envelope/G over the grid 1.042
D1b: table [(714, 1217, 1121), (1843, 1526, -7970), (2304, 629, -935), (2707, 537, 2830), (3571, 1134, 2932), (4032, 1464, 1293), (6198, 2148, 0), (65535, 2148, 0)]
   v:   3.10  5.00  8.00 10.00 11.75 12.50 15.00 17.00 19.00 22.00 26.90 30.00
   G:   1217  1336  1525   628   537   656  1054  1381  1573  1791  2147  2148
   env: 1278  1418  1615   842   600   779  1151  1494  1658  1888  2266  2266
   min envelope/G over the grid 1.042
D1c: table [(714, 1164, 889), (1843, 1409, -6388), (2304, 690, -1514), (2707, 541, 2361), (3571, 1039, 2674), (4032, 1340, 1326), (6198, 2041, 0), (65535, 2041, 0)]
   v:   3.10  5.00  8.00 10.00 11.75 12.50 15.00 17.00 19.00 22.00 26.90 30.00
   G:   1164  1259  1409   690   541   640   972  1264  1452  1675  2041  2041
   env: 1213  1346  1494   821   600   779  1065  1346  1533  1793  2151  2151
   min envelope/G over the grid 1.042
D2a: table [(714, 1195, 1204), (1843, 1527, -7988), (2304, 628, -925), (2707, 537, 2773), (3571, 1122, 2941), (4032, 1453, 1278), (6198, 2129, 0), (65535, 2129, 0)]
   v:   3.10  5.00  8.00 10.00 11.75 12.50 15.00 17.00 19.00 22.00 26.90 30.00
   G:   1195  1323  1526   627   536   654  1044  1370  1560  1776  2128  2129
   env: 1245  1418  1615   842   600   779  1151  1494  1658  1888  2266  2266
   min envelope/G over the grid 1.042
D2b: table [(714, 1501, 1070), (1843, 1796, -10307), (2304, 636, -589), (2707, 578, 3162), (3571, 1245, 3323), (4032, 1619, 1615), (6198, 2473, 0), (65535, 2473, 0)]
   v:   3.10  5.00  8.00 10.00 11.75 12.50 15.00 17.00 19.00 22.00 26.90 30.00
   G:   1501  1615  1795   635   578   711  1156  1525  1755  2027  2473  2473
   env: 1574  1702  1888   911   632   842  1278  1658  1840  2151  2581  2581
   min envelope/G over the grid 1.042
D2c: table [(714, 1426, 954), (1843, 1689, -8761), (2304, 703, -1403), (2707, 565, 2987), (3571, 1195, 2959), (4032, 1528, 1551), (6198, 2348, 0), (65535, 2348, 0)]
   v:   3.10  5.00  8.00 10.00 11.75 12.50 15.00 17.00 19.00 22.00 26.90 30.00
   G:   1426  1528  1688   702   564   691  1111  1444  1659  1920  2348  2348
   env: 1494  1615  1793   887   632   821  1213  1574  1746  2042  2450  2450
   min envelope/G over the grid 1.042
D3a: table [(714, 993, 203), (1843, 1049, -2372), (2304, 782, -2571), (2707, 529, 2067), (3571, 965, 2994), (4032, 1302, 1677), (6198, 2189, 0), (65535, 2189, 0)]
   v:   3.10  5.00  8.00 10.00 11.75 12.50 15.00 17.00 19.00 22.00 26.90 30.00
   G:    993  1014  1048   782   529   616   906  1217  1443  1726  2188  2189
   env: 1065  1065  1093   864   585   800   985  1311  1533  1840  2326  2326
   min envelope/G over the grid 1.042
D3b: table [(714, 851, 453), (1843, 976, -2888), (2304, 651, -2002), (2707, 454, 1555), (3571, 782, 1821), (4032, 987, 1095), (6198, 1566, 0), (65535, 1566, 0)]
   v:   3.10  5.00  8.00 10.00 11.75 12.50 15.00 17.00 19.00 22.00 26.90 30.00
   G:    851   899   975   650   454   519   738   935  1079  1264  1566  1566
   env:  911   959  1037   702   500   649   800  1011  1151  1346  1658  1658
   min envelope/G over the grid 1.042