v293r5_design_jerk -- tracking vs 2 Hz mode energy.  Ki .3 flat, hyst .015, ref .12 throughout.

======================================================================================================================================================
WORLD mode (b .0006, J 1e-4) | hold NEED x1.0
  cfg                                      v | T2 rise ov rms     | T3 pkpk | T7 t50 t90 ov pk-rate past     | T8 mode-rms bursts max|e|hold ov rms-e damp
  R4-flown                                 6 | 0.66 +0.40 0.365  |   1.84  | 0.47 0.56 +0.33  56.1 +3.88     |  5.08  4 0.264 +0.106 0.333 0.84
  R4-flown                                 8 | 0.64 +0.49 0.372  |   1.53  | 0.49 0.57 +0.27  33.9 +1.82     |  3.62  2 0.217 +0.087 0.313 0.72
  R4-flown                                12 | 0.60 +0.61 0.374  |   0.15  | 0.49 0.55 +0.31  19.3 +0.97     |  2.58  2 0.238 +0.095 0.298 0.67
  R4-flown                                19 | 0.59 +0.57 0.369  |   0.48  | 0.54 0.60 +0.34   9.1 +0.48     |  2.22  1 0.206 +0.083 0.312 0.65
  R4-flown                                26 | 0.57 +0.47 0.352  |   0.29  | 0.55 0.61 +0.34   6.0 +0.31     |  2.48  0 0.169 +0.068 0.298 0.57
  R5 ident Kp1.2                           6 | 0.66 +0.17 0.346  |   0.52  | 0.46 0.55 +0.30  58.3 +3.45     |  7.19  2 0.060 +0.021 0.439 0.77
  R5 ident Kp1.2                           8 | 0.65 +0.27 0.346  |   0.64  | 0.47 0.55 +0.32  37.1 +2.15     |  4.89  2 0.020 +0.008 0.398 0.67
  R5 ident Kp1.2                          12 | 0.62 +0.14 0.339  |   0.61  | 0.48 0.54 +0.31  21.3 +0.97     |  6.40  3 0.141 +0.029 0.437 0.82
  R5 ident Kp1.2                          19 | 0.60 +0.16 0.337  |   0.32  | 0.52 0.57 +0.35  11.0 +0.50     |  5.57  0 0.104 +0.044 0.395 0.66
  R5 ident Kp1.2                          26 | 0.57 +0.11 0.331  |   0.51  | 0.52 0.57 +0.40   7.7 +0.36     |  4.81  0 0.097 +0.056 0.375 0.68
  R5 ident Kp.85                           6 | 0.67 +0.17 0.346  |   0.47  | 0.46 0.55 +0.29  58.0 +3.42     |  7.21  2 0.083 +0.033 0.448 0.79
  R5 ident Kp.85                           8 | 0.65 +0.27 0.347  |   0.67  | 0.48 0.55 +0.31  36.8 +2.09     |  4.67  2 0.054 +0.021 0.408 0.64
  R5 ident Kp.85                          12 | 0.63 +0.14 0.340  |   0.74  | 0.48 0.54 +0.29  20.9 +0.90     |  6.38  3 0.168 +0.034 0.459 0.85
  R5 ident Kp.85                          19 | 0.60 +0.16 0.339  |   0.33  | 0.53 0.59 +0.29  10.2 +0.41     |  5.44  0 0.074 +0.029 0.410 0.74
  R5 ident Kp.85                          26 | 0.58 +0.12 0.335  |   0.21  | 0.54 0.60 +0.33   6.8 +0.29     |  4.48  0 0.074 +0.030 0.385 0.75
  R5 ident Kp.85 Kv1e-3 rc.01              6 | 0.68 +0.11 0.343  |   0.28  | 0.45 0.55 +0.19  52.3 +2.20     |  5.74  2 0.100 +0.036 0.454 0.74
  R5 ident Kp.85 Kv1e-3 rc.01              8 | 0.66 +0.20 0.343  |   0.77  | 0.47 0.55 +0.20  33.1 +1.36     |  3.89  2 0.057 +0.023 0.413 0.65
  R5 ident Kp.85 Kv1e-3 rc.01             12 | 0.64 +0.11 0.338  |   0.31  | 0.47 0.54 +0.15  19.0 +0.48     |  3.45  3 0.189 +0.034 0.459 0.84
  R5 ident Kp.85 Kv1e-3 rc.01             19 | 0.61 +0.13 0.338  |   0.17  | 0.52 0.58 +0.22   9.8 +0.31     |  3.70  0 0.090 +0.036 0.407 0.83
  R5 ident Kp.85 Kv1e-3 rc.01             26 | 0.59 +0.10 0.334  |   0.16  | 0.54 0.59 +0.32   6.7 +0.28     |  3.89  0 0.071 +0.028 0.381 0.87
  R5 ident Kp1.0 Kv1e-3 rc.01 DOB.6        6 | 0.67 +0.16 0.345  |   0.92  | 0.46 0.55 +0.21  52.1 +2.42     |  5.24  2 0.096 +0.025 0.439 0.80
  R5 ident Kp1.0 Kv1e-3 rc.01 DOB.6        8 | 0.65 +0.25 0.346  |   0.30  | 0.47 0.55 +0.21  32.5 +1.38     |  3.52  2 0.036 +0.012 0.399 0.64
  R5 ident Kp1.0 Kv1e-3 rc.01 DOB.6       12 | 0.63 +0.20 0.341  |   0.18  | 0.47 0.54 +0.18  18.6 +0.55     |  2.46  3 0.176 +0.024 0.435 0.85
  R5 ident Kp1.0 Kv1e-3 rc.01 DOB.6       19 | 0.60 +0.22 0.341  |   0.36  | 0.52 0.59 +0.24   9.5 +0.35     |  2.92  0 0.070 +0.028 0.389 0.88
  R5 ident Kp1.0 Kv1e-3 rc.01 DOB.6       26 | 0.58 +0.18 0.336  |   0.11  | 0.54 0.60 +0.37   6.5 +0.33     |  3.26  0 0.052 +0.021 0.369 0.87
  R5 b.002 Kp1.2                           6 | 0.67 +0.14 0.346  |   0.64  | 0.46 0.55 +0.27  57.8 +3.19     |  7.78  2 0.111 +0.027 0.459 0.76
  R5 b.002 Kp1.2                           8 | 0.65 +0.24 0.345  |   0.44  | 0.47 0.55 +0.30  36.9 +2.02     |  5.07  2 0.051 +0.017 0.416 0.65
  R5 b.002 Kp1.2                          12 | 0.61 +0.36 0.344  |   0.51  | 0.47 0.53 +0.40  21.9 +1.27     |  3.18  3 0.093 +0.037 0.319 0.67
  R5 b.002 Kp1.2                          19 | 0.58 +0.37 0.345  |   0.31  | 0.52 0.57 +0.49  11.2 +0.70     |  4.08  1 0.189 +0.076 0.318 0.65
  R5 b.002 Kp1.2                          26 | 0.56 +0.32 0.338  |   0.30  | 0.52 0.57 +0.55   7.8 +0.49     |  4.13  0 0.269 +0.111 0.316 0.21
  R5 b.002 Kp.85 Kv1e-3 rc.01              6 | 0.68 +0.08 0.343  |   1.03  | 0.46 0.55 +0.17  51.9 +1.94     |  5.82  2 0.148 +0.041 0.476 0.78
  R5 b.002 Kp.85 Kv1e-3 rc.01              8 | 0.66 +0.17 0.342  |   0.54  | 0.47 0.55 +0.19  32.9 +1.25     |  3.99  2 0.083 +0.029 0.431 0.74
  R5 b.002 Kp.85 Kv1e-3 rc.01             12 | 0.62 +0.30 0.341  |   0.61  | 0.47 0.54 +0.27  19.4 +0.85     |  2.15  2 0.100 +0.040 0.323 0.76
  R5 b.002 Kp.85 Kv1e-3 rc.01             19 | 0.60 +0.34 0.344  |   0.42  | 0.52 0.58 +0.37  10.0 +0.53     |  2.38  0 0.166 +0.067 0.314 0.70
  R5 b.002 Kp.85 Kv1e-3 rc.01             26 | 0.58 +0.32 0.340  |   0.17  | 0.54 0.59 +0.50   6.8 +0.45     |  2.92  0 0.207 +0.083 0.314 0.18
  R5 b.002 Kp1.0 Kv1e-3 rc.01 DOB.6        6 | 0.67 +0.14 0.345  |   1.27  | 0.46 0.55 +0.19  51.8 +2.22     |  5.47  2 0.141 +0.028 0.458 0.79
  R5 b.002 Kp1.0 Kv1e-3 rc.01 DOB.6        8 | 0.65 +0.23 0.345  |   0.47  | 0.47 0.55 +0.19  32.4 +1.29     |  3.55  2 0.077 +0.018 0.416 0.72
  R5 b.002 Kp1.0 Kv1e-3 rc.01 DOB.6       12 | 0.62 +0.36 0.345  |   0.76  | 0.47 0.54 +0.27  18.9 +0.83     |  2.22  2 0.107 +0.043 0.325 0.68
  R5 b.002 Kp1.0 Kv1e-3 rc.01 DOB.6       19 | 0.60 +0.38 0.347  |   0.26  | 0.52 0.59 +0.33   9.6 +0.48     |  2.00  0 0.144 +0.058 0.310 0.73
  R5 b.002 Kp1.0 Kv1e-3 rc.01 DOB.6       26 | 0.57 +0.34 0.341  |   0.24  | 0.54 0.60 +0.38   6.5 +0.34     |  2.64  0 0.207 +0.083 0.308 0.15
  R5 b.003 Kp1.0 Kv1e-3 rc.01 DOB.6        6 | 0.69 +0.05 0.350  |   3.35  | 0.46 0.55 +0.12  50.3 +1.44     |  6.27  2 0.341 +0.034 0.551 0.90
  R5 b.003 Kp1.0 Kv1e-3 rc.01 DOB.6        8 | 0.66 +0.13 0.346  |   1.50  | 0.47 0.56 +0.12  31.8 +0.81     |  3.86  2 0.265 +0.030 0.498 0.86
  R5 b.003 Kp1.0 Kv1e-3 rc.01 DOB.6       12 | 0.62 +0.26 0.341  |   0.19  | 0.47 0.54 +0.21  18.7 +0.67     |  2.46  3 0.083 +0.013 0.394 0.74
  R5 b.003 Kp1.0 Kv1e-3 rc.01 DOB.6       19 | 0.60 +0.30 0.343  |   0.34  | 0.52 0.59 +0.27   9.5 +0.39     |  2.39  0 0.039 +0.016 0.346 0.86
  R5 b.003 Kp1.0 Kv1e-3 rc.01 DOB.6       26 | 0.58 +0.28 0.338  |   0.10  | 0.54 0.60 +0.38   6.5 +0.34     |  2.86  0 0.146 +0.058 0.326 0.78
  R5 b.003 Kp.85 Kv1e-3 rc.01 DOB.6        6 | 0.69 +0.05 0.350  |   3.49  | 0.46 0.55 +0.12  50.3 +1.43     |  6.22  2 0.341 +0.044 0.559 0.90
  R5 b.003 Kp.85 Kv1e-3 rc.01 DOB.6        8 | 0.66 +0.13 0.347  |   1.59  | 0.47 0.56 +0.12  31.7 +0.80     |  3.85  2 0.272 +0.037 0.507 0.87
  R5 b.003 Kp.85 Kv1e-3 rc.01 DOB.6       12 | 0.63 +0.26 0.342  |   0.24  | 0.47 0.54 +0.21  18.6 +0.66     |  2.52  3 0.092 +0.016 0.401 0.73
  R5 b.003 Kp.85 Kv1e-3 rc.01 DOB.6       19 | 0.60 +0.30 0.344  |   0.35  | 0.53 0.60 +0.27   9.2 +0.38     |  2.38  0 0.040 +0.016 0.350 0.89
  R5 b.003 Kp.85 Kv1e-3 rc.01 DOB.6       26 | 0.58 +0.29 0.339  |   0.26  | 0.55 0.61 +0.39   6.1 +0.35     |  2.71  0 0.137 +0.055 0.330 0.79
  R5 ident Kp1.2 notchx1.35                6 | 0.66 +0.21 0.347  |   0.61  | 0.46 0.54 +0.35  59.9 +4.05     |  6.25  2 0.064 +0.023 0.436 0.70
  R5 ident Kp1.2 notchx1.35                8 | 0.64 +0.30 0.348  |   0.59  | 0.47 0.55 +0.38  38.4 +2.56     |  4.24  2 0.033 +0.013 0.396 0.65
  R5 ident Kp1.2 notchx1.35               12 | 0.62 +0.16 0.340  |   0.57  | 0.47 0.53 +0.36  22.1 +1.13     | 10.50  6 0.174 +0.019 0.439 0.73
  R5 ident Kp1.2 notchx1.35               19 | 0.59 +0.17 0.337  |   0.27  | 0.51 0.56 +0.41  11.6 +0.58     |  7.45  2 0.327 +0.109 0.404 0.62
  R5 ident Kp1.2 notchx1.35               26 | 0.57 +0.11 0.330  | 834.09  | 0.52 0.56 +0.45   8.1 +0.41     |  6.04  0 0.167 +0.077 0.372 0.64
  R5 ident Kp1.2 notchQ.7                  6 | 0.67 +0.17 0.346  |   0.75  | 0.47 0.55 +0.28  57.3 +3.30     |  6.73  2 0.070 +0.024 0.444 0.74
  R5 ident Kp1.2 notchQ.7                  8 | 0.65 +0.27 0.347  |   0.80  | 0.48 0.55 +0.31  36.5 +2.07     |  4.57  2 0.030 +0.012 0.402 0.67
  R5 ident Kp1.2 notchQ.7                 12 | 0.62 +0.15 0.340  |   0.79  | 0.48 0.54 +0.30  21.0 +0.93     |  6.35  3 0.143 +0.030 0.441 0.78
  R5 ident Kp1.2 notchQ.7                 19 | 0.60 +0.17 0.339  |   0.29  | 0.52 0.58 +0.35  10.6 +0.49     |  5.48  0 0.093 +0.039 0.394 0.72
  R5 ident Kp1.2 notchQ.7                 26 | 0.58 +0.13 0.333  |   0.16  | 0.53 0.58 +0.45   7.4 +0.40     |  4.66  0 0.098 +0.049 0.374 0.72
  R5 b.002 Kp1.0 Kv1e-3 rc.01 DOB.6 nx1.3   6 | 0.67 +0.16 0.346  |   1.34  | 0.46 0.55 +0.22  53.0 +2.61     |  5.16  2 0.129 +0.026 0.455 0.76
  R5 b.002 Kp1.0 Kv1e-3 rc.01 DOB.6 nx1.3   8 | 0.65 +0.25 0.346  |   0.52  | 0.47 0.55 +0.23  33.2 +1.51     |  3.38  2 0.073 +0.017 0.414 0.73
  R5 b.002 Kp1.0 Kv1e-3 rc.01 DOB.6 nx1.3  12 | 0.61 +0.36 0.344  |   0.83  | 0.47 0.54 +0.29  19.4 +0.90     |  2.50  2 0.102 +0.041 0.323 0.67
  R5 b.002 Kp1.0 Kv1e-3 rc.01 DOB.6 nx1.3  19 | 0.59 +0.37 0.345  |   0.42  | 0.52 0.58 +0.31   9.9 +0.44     |  2.94  0 0.182 +0.073 0.303 0.62
  R5 b.002 Kp1.0 Kv1e-3 rc.01 DOB.6 nx1.3  26 | 0.57 +0.32 0.338  |   0.07  | 0.53 0.59 +0.40   6.8 +0.36     |  3.63  0 0.196 +0.078 0.309 0.19

======================================================================================================================================================
WORLD ident (b F1, J 1e-4) | hold NEED x1.0
  cfg                                      v | T2 rise ov rms     | T3 pkpk | T7 t50 t90 ov pk-rate past     | T8 mode-rms bursts max|e|hold ov rms-e damp
  R4-flown                                 6 | 0.81 +0.13 0.368  |   0.96  | 0.53 0.72 +0.08  34.4 +0.93     |  2.39  2 0.247 +0.099 0.506 0.83
  R4-flown                                 8 | 0.77 +0.18 0.368  |   0.94  | 0.54 0.75 +0.09  20.5 +0.57     |  1.62  2 0.194 +0.077 0.470 0.82
  R4-flown                                12 | 0.84 +0.14 0.380  |   0.04  | 0.61 1.20 +0.21   7.5 +0.65     |  0.57  1 0.379 +0.151 0.505 0.85
  R4-flown                                19 | 0.78 +0.27 0.385  |   0.92  | 0.67 1.46 +0.48   3.6 +0.69     |  0.41  0 0.453 +0.181 0.442 0.84
  R4-flown                                26 | 0.75 +0.27 0.380  |   0.42  | 0.70 1.68 -0.00   1.9 -0.00     |  0.30  0 0.371 +0.148 0.408 0.85
  R5 ident Kp1.2                           6 | 0.80 +0.11 0.365  |   1.22  | 0.52 0.67 +0.17  37.3 +2.00     |  2.58  2 0.134 +0.054 0.486 0.38
  R5 ident Kp1.2                           8 | 0.76 +0.18 0.364  |   1.27  | 0.52 0.66 +0.20  23.2 +1.36     |  1.82  2 0.147 +0.059 0.437 0.09
  R5 ident Kp1.2                          12 | 0.83 +0.10 0.370  |   0.19  | 0.57 0.78 +0.22   8.7 +0.69     |  0.61  1 0.136 +0.054 0.510 0.03
  R5 ident Kp1.2                          19 | 0.77 +0.16 0.370  |   0.38  | 0.62 0.81 +0.37   4.0 +0.53     |  0.43  0 0.208 +0.083 0.437 0.05
  R5 ident Kp1.2                          26 | 0.74 +0.19 0.367  |   0.08  | 0.62 0.80 +0.47   3.6 +0.42     |  0.38  0 0.207 +0.083 0.421 0.06
  R5 ident Kp.85                           6 | 0.80 +0.11 0.365  |   1.14  | 0.52 0.67 +0.17  37.0 +1.95     |  2.60  2 0.160 +0.064 0.496 0.39
  R5 ident Kp.85                           8 | 0.76 +0.17 0.365  |   1.40  | 0.53 0.67 +0.20  22.8 +1.37     |  1.76  2 0.157 +0.063 0.447 0.10
  R5 ident Kp.85                          12 | 0.84 +0.08 0.372  |   0.62  | 0.58 0.81 +0.23   8.4 +0.73     |  0.63  1 0.159 +0.064 0.545 0.03
  R5 ident Kp.85                          19 | 0.80 +0.14 0.372  |   0.45  | 0.64 0.89 +0.42   3.6 +0.60     |  0.42  0 0.210 +0.084 0.466 0.06
  R5 ident Kp.85                          26 | 0.77 +0.16 0.370  |   0.05  | 0.66 0.91 +0.54   3.6 +0.49     |  0.35  0 0.217 +0.087 0.441 0.07
  R5 ident Kp.85 Kv1e-3 rc.01              6 | 0.81 +0.08 0.362  |   0.95  | 0.51 0.67 +0.15  36.6 +1.70     |  2.48  2 0.132 +0.053 0.506 0.57
  R5 ident Kp.85 Kv1e-3 rc.01              8 | 0.76 +0.15 0.361  |   1.18  | 0.52 0.67 +0.18  22.3 +1.22     |  1.64  2 0.128 +0.051 0.453 0.28
  R5 ident Kp.85 Kv1e-3 rc.01             12 | 0.84 +0.07 0.369  |   0.16  | 0.57 0.82 +0.22   8.4 +0.70     |  0.63  1 0.149 +0.059 0.544 0.03
  R5 ident Kp.85 Kv1e-3 rc.01             19 | 0.80 +0.13 0.371  |   0.16  | 0.64 0.90 +0.41   3.6 +0.59     |  0.41  0 0.204 +0.081 0.467 0.06
  R5 ident Kp.85 Kv1e-3 rc.01             26 | 0.77 +0.15 0.369  |   0.05  | 0.66 0.92 +0.54   3.6 +0.48     |  0.37  0 0.219 +0.088 0.441 0.08
  R5 ident Kp1.0 Kv1e-3 rc.01 DOB.6        6 | 0.81 +0.09 0.362  |   1.12  | 0.51 0.68 +0.13  36.0 +1.54     |  2.46  2 0.118 +0.047 0.504 0.61
  R5 ident Kp1.0 Kv1e-3 rc.01 DOB.6        8 | 0.76 +0.15 0.361  |   1.35  | 0.52 0.69 +0.16  21.7 +1.06     |  1.65  2 0.122 +0.049 0.451 0.29
  R5 ident Kp1.0 Kv1e-3 rc.01 DOB.6       12 | 0.84 +0.07 0.369  |   0.17  | 0.58 0.86 +0.24   8.1 +0.76     |  0.62  1 0.137 +0.055 0.538 0.05
  R5 ident Kp1.0 Kv1e-3 rc.01 DOB.6       19 | 0.79 +0.13 0.371  |   0.27  | 0.64 0.99 +0.44   3.6 +0.63     |  0.42  0 0.203 +0.081 0.461 0.08
  R5 ident Kp1.0 Kv1e-3 rc.01 DOB.6       26 | 0.76 +0.16 0.369  |   0.07  | 0.66 1.14 +0.56   3.6 +0.50     |  0.35  0 0.214 +0.086 0.435 0.10
  R5 b.002 Kp1.2                           6 | 0.81 +0.08 0.364  |   0.81  | 0.52 0.67 +0.14  37.0 +1.62     |  2.67  2 0.098 +0.039 0.508 0.60
  R5 b.002 Kp1.2                           8 | 0.76 +0.15 0.362  |   1.11  | 0.52 0.66 +0.18  23.1 +1.23     |  1.82  2 0.104 +0.042 0.452 0.57
  R5 b.002 Kp1.2                          12 | 0.79 +0.28 0.385  |   1.18  | 0.57 0.74 +0.32   8.9 +1.00     |  0.73  2 0.433 +0.173 0.446 0.12
  R5 b.002 Kp1.2                          19 | 0.75 +0.34 0.386  |   0.70  | 0.61 0.78 +0.47   4.1 +0.67     |  0.47  0 0.435 +0.174 0.415 0.11
  R5 b.002 Kp1.2                          26 | 0.72 +0.36 0.384  |   0.17  | 0.62 0.77 +0.61   3.6 +0.54     |  0.36  0 0.385 +0.154 0.391 0.13
  R5 b.002 Kp.85 Kv1e-3 rc.01              6 | 0.81 +0.05 0.361  |   0.50  | 0.51 0.68 +0.12  36.4 +1.43     |  2.55  2 0.129 +0.052 0.529 0.55
  R5 b.002 Kp.85 Kv1e-3 rc.01              8 | 0.77 +0.12 0.360  |   1.02  | 0.52 0.68 +0.16  22.2 +1.04     |  1.73  2 0.106 +0.042 0.476 0.61
  R5 b.002 Kp.85 Kv1e-3 rc.01             12 | 0.80 +0.25 0.382  |   0.69  | 0.57 0.76 +0.31   8.6 +0.96     |  0.64  2 0.426 +0.170 0.454 0.12
  R5 b.002 Kp.85 Kv1e-3 rc.01             19 | 0.77 +0.30 0.387  |   0.96  | 0.63 0.83 +0.50   3.6 +0.71     |  0.43  0 0.479 +0.191 0.428 0.10
  R5 b.002 Kp.85 Kv1e-3 rc.01             26 | 0.74 +0.34 0.388  |   0.43  | 0.65 0.84 +0.63   3.6 +0.56     |  0.31  0 0.436 +0.175 0.409 0.10
  R5 b.002 Kp1.0 Kv1e-3 rc.01 DOB.6        6 | 0.81 +0.06 0.361  |   0.49  | 0.51 0.69 +0.11  35.8 +1.33     |  2.60  2 0.116 +0.042 0.524 0.56
  R5 b.002 Kp1.0 Kv1e-3 rc.01 DOB.6        8 | 0.76 +0.12 0.360  |   1.14  | 0.52 0.69 +0.15  21.6 +1.01     |  1.66  2 0.092 +0.037 0.471 0.64
  R5 b.002 Kp1.0 Kv1e-3 rc.01 DOB.6       12 | 0.81 +0.22 0.381  |   0.14  | 0.58 0.80 +0.29   8.2 +0.91     |  0.63  2 0.417 +0.167 0.465 0.16
  R5 b.002 Kp1.0 Kv1e-3 rc.01 DOB.6       19 | 0.77 +0.27 0.384  |   0.93  | 0.64 0.89 +0.48   3.6 +0.68     |  0.38  0 0.468 +0.187 0.429 0.14
  R5 b.002 Kp1.0 Kv1e-3 rc.01 DOB.6       26 | 0.75 +0.29 0.383  |   0.48  | 0.66 0.91 +0.61   3.6 +0.55     |  0.30  0 0.430 +0.172 0.406 0.13
  R5 b.003 Kp1.0 Kv1e-3 rc.01 DOB.6        6 | 0.86 +0.03 0.363  |   2.73  | 0.51 0.72 +0.07  35.1 +0.76     |  2.58  2 0.340 +0.050 0.602 0.84
  R5 b.003 Kp1.0 Kv1e-3 rc.01 DOB.6        8 | 0.79 +0.04 0.358  |   1.11  | 0.52 0.72 +0.09  21.3 +0.61     |  1.76  2 0.235 +0.042 0.546 0.73
  R5 b.003 Kp1.0 Kv1e-3 rc.01 DOB.6       12 | 0.83 +0.13 0.372  |   0.46  | 0.58 0.83 +0.25   8.2 +0.77     |  0.55  1 0.220 +0.088 0.495 0.10
  R5 b.003 Kp1.0 Kv1e-3 rc.01 DOB.6       19 | 0.78 +0.20 0.376  |   0.60  | 0.64 0.92 +0.46   3.6 +0.65     |  0.38  0 0.327 +0.131 0.433 0.08
  R5 b.003 Kp1.0 Kv1e-3 rc.01 DOB.6       26 | 0.75 +0.24 0.377  |   0.43  | 0.66 0.94 +0.59   3.6 +0.53     |  0.31  0 0.346 +0.138 0.404 0.07
  R5 b.003 Kp.85 Kv1e-3 rc.01 DOB.6        6 | 0.86 +0.04 0.363  |   2.68  | 0.51 0.72 +0.07  35.0 +0.82     |  2.56  2 0.339 +0.061 0.611 0.85
  R5 b.003 Kp.85 Kv1e-3 rc.01 DOB.6        8 | 0.79 +0.04 0.358  |   1.07  | 0.52 0.72 +0.10  21.2 +0.65     |  1.76  2 0.240 +0.050 0.556 0.75
  R5 b.003 Kp.85 Kv1e-3 rc.01 DOB.6       12 | 0.83 +0.12 0.373  |   0.83  | 0.58 0.85 +0.25   8.1 +0.80     |  0.54  1 0.227 +0.091 0.508 0.10
  R5 b.003 Kp.85 Kv1e-3 rc.01 DOB.6       19 | 0.79 +0.19 0.377  |   0.62  | 0.66 0.98 +0.48   3.6 +0.68     |  0.39  0 0.341 +0.136 0.442 0.07
  R5 b.003 Kp.85 Kv1e-3 rc.01 DOB.6       26 | 0.76 +0.23 0.379  |   0.47  | 0.68 1.03 +0.62   3.6 +0.56     |  0.30  0 0.364 +0.145 0.413 0.06
  R5 ident Kp1.2 notchx1.35                6 | 0.79 +0.12 0.364  |   1.10  | 0.52 0.66 +0.17  38.3 +2.00     |  2.33  2 0.115 +0.046 0.482 0.40
  R5 ident Kp1.2 notchx1.35                8 | 0.75 +0.19 0.364  |   1.23  | 0.52 0.65 +0.20  23.9 +1.37     |  1.77  2 0.140 +0.056 0.434 0.10
  R5 ident Kp1.2 notchx1.35               12 | 0.82 +0.09 0.369  |   0.19  | 0.57 0.76 +0.21   9.1 +0.67     |  0.67  1 0.129 +0.051 0.508 0.03
  R5 ident Kp1.2 notchx1.35               19 | 0.77 +0.15 0.368  |   0.27  | 0.61 0.79 +0.36   4.2 +0.52     |  0.46  0 0.196 +0.078 0.436 0.05
  R5 ident Kp1.2 notchx1.35               26 | 0.74 +0.17 0.365  |   0.04  | 0.61 0.79 +0.46   3.6 +0.41     |  0.43  0 0.201 +0.081 0.419 0.07
  R5 ident Kp1.2 notchQ.7                  6 | 0.81 +0.11 0.366  |   1.34  | 0.52 0.68 +0.17  36.5 +1.97     |  2.52  2 0.156 +0.062 0.494 0.38
  R5 ident Kp1.2 notchQ.7                  8 | 0.76 +0.18 0.366  |   1.26  | 0.53 0.67 +0.21  22.6 +1.43     |  1.74  2 0.159 +0.064 0.442 0.09
  R5 ident Kp1.2 notchQ.7                 12 | 0.84 +0.10 0.372  |   0.50  | 0.58 0.79 +0.23   8.5 +0.71     |  0.59  1 0.147 +0.059 0.514 0.04
  R5 ident Kp1.2 notchQ.7                 19 | 0.78 +0.17 0.372  |   0.40  | 0.63 0.83 +0.40   3.8 +0.58     |  0.40  0 0.215 +0.086 0.441 0.04
  R5 ident Kp1.2 notchQ.7                 26 | 0.75 +0.20 0.369  |   0.17  | 0.64 0.82 +0.52   3.6 +0.46     |  0.33  0 0.216 +0.087 0.411 0.06
  R5 b.002 Kp1.0 Kv1e-3 rc.01 DOB.6 nx1.3   6 | 0.80 +0.07 0.361  |   0.51  | 0.51 0.68 +0.11  36.5 +1.32     |  2.51  2 0.109 +0.040 0.520 0.56
  R5 b.002 Kp1.0 Kv1e-3 rc.01 DOB.6 nx1.3   8 | 0.76 +0.13 0.360  |   1.12  | 0.52 0.67 +0.14  22.1 +0.95     |  1.68  2 0.088 +0.035 0.468 0.64
  R5 b.002 Kp1.0 Kv1e-3 rc.01 DOB.6 nx1.3  12 | 0.81 +0.21 0.379  |   0.12  | 0.57 0.79 +0.28   8.5 +0.88     |  0.66  2 0.404 +0.161 0.463 0.16
  R5 b.002 Kp1.0 Kv1e-3 rc.01 DOB.6 nx1.3  19 | 0.77 +0.25 0.382  |   0.91  | 0.63 0.88 +0.47   3.6 +0.67     |  0.39  0 0.457 +0.183 0.426 0.14
  R5 b.002 Kp1.0 Kv1e-3 rc.01 DOB.6 nx1.3  26 | 0.74 +0.28 0.381  |   0.47  | 0.65 0.92 +0.60   3.6 +0.54     |  0.33  0 0.426 +0.170 0.403 0.13

======================================================================================================================================================
WORLD ident (b F1, J 1e-4) | hold NEED x1.5
  cfg                                      v | T2 rise ov rms     | T3 pkpk | T7 t50 t90 ov pk-rate past     | T8 mode-rms bursts max|e|hold ov rms-e damp
  R4-flown                                 6 | 0.98 -0.02 0.381  |   1.52  | 0.54 1.98 -0.03  31.0 -0.34     |  2.60  2 0.375 -0.011 0.553 0.69
  R4-flown                                 8 | 0.87 -0.03 0.380  |   0.60  | 0.56 2.21 -0.03  18.4 -0.20     |  1.75  2 0.369 -0.036 0.535 0.67
  R4-flown                                12 | 1.31 +0.01 0.381  |   0.90  | 0.64 1.76 +0.04   6.8 +0.14     |  0.57  1 0.328 +0.050 0.582 0.59
  R4-flown                                19 | 0.86 +0.02 0.372  |   0.57  | 0.71 2.08 -0.00   2.9 -0.00     |  0.32  0 0.188 +0.075 0.469 0.59
  R4-flown                                26 | 0.83 +0.02 0.369  |   0.01  | 0.75 2.19 -0.00   1.7 -0.00     |  0.27  0 0.091 +0.037 0.479 0.52
  R5 ident Kp1.2                           6 | 0.90 +0.02 0.367  |   0.45  | 0.53 0.75 +0.08  33.7 +0.95     |  2.29  2 0.129 +0.052 0.533 0.48
  R5 ident Kp1.2                           8 | 0.82 +0.03 0.363  |   0.84  | 0.53 0.75 +0.12  20.9 +0.81     |  1.50  2 0.124 +0.049 0.486 0.50
  R5 ident Kp1.2                          12 | 0.96 +0.05 0.374  |   0.37  | 0.59 1.04 +0.21   7.9 +0.66     |  0.58  1 0.170 +0.057 0.576 0.41
  R5 ident Kp1.2                          19 | 0.86 +0.04 0.370  |   0.10  | 0.64 1.09 +0.36   3.6 +0.51     |  0.42  0 0.156 +0.062 0.509 0.48
  R5 ident Kp1.2                          26 | 0.81 +0.03 0.366  |   0.05  | 0.64 1.18 +0.47   3.6 +0.42     |  0.34  0 0.136 +0.055 0.485 0.47
  R5 ident Kp.85                           6 | 0.91 +0.03 0.368  |   0.78  | 0.53 0.76 +0.10  33.5 +1.16     |  2.22  2 0.173 +0.069 0.547 0.47
  R5 ident Kp.85                           8 | 0.83 +0.04 0.365  |   0.95  | 0.54 0.77 +0.13  20.6 +0.90     |  1.47  2 0.151 +0.060 0.505 0.49
  R5 ident Kp.85                          12 | 1.02 +0.07 0.377  |   0.36  | 0.60 1.20 +0.23   7.6 +0.72     |  0.56  1 0.220 +0.075 0.611 0.39
  R5 ident Kp.85                          19 | 0.90 +0.07 0.375  |   0.13  | 0.67 1.27 +0.39   3.6 +0.56     |  0.38  0 0.190 +0.076 0.551 0.47
  R5 ident Kp.85                          26 | 0.86 +0.05 0.371  |   0.07  | 0.69 1.29 +0.50   3.6 +0.45     |  0.29  0 0.176 +0.070 0.523 0.49
  R5 ident Kp.85 Kv1e-3 rc.01              6 | 0.92 +0.03 0.365  |   0.85  | 0.52 0.77 +0.11  33.4 +1.26     |  2.28  2 0.163 +0.065 0.555 0.40
  R5 ident Kp.85 Kv1e-3 rc.01              8 | 0.83 +0.04 0.362  |   0.31  | 0.53 0.78 +0.15  20.2 +1.04     |  1.51  2 0.138 +0.055 0.514 0.43
  R5 ident Kp.85 Kv1e-3 rc.01             12 | 1.03 +0.06 0.375  |   0.40  | 0.59 1.24 +0.22   7.6 +0.68     |  0.56  1 0.227 +0.071 0.608 0.39
  R5 ident Kp.85 Kv1e-3 rc.01             19 | 0.91 +0.07 0.374  |   0.13  | 0.66 1.29 +0.39   3.6 +0.55     |  0.35  0 0.182 +0.073 0.551 0.47
  R5 ident Kp.85 Kv1e-3 rc.01             26 | 0.86 +0.05 0.370  |   0.07  | 0.68 1.30 +0.49   3.6 +0.44     |  0.29  0 0.175 +0.070 0.523 0.49
  R5 ident Kp1.0 Kv1e-3 rc.01 DOB.6        6 | 0.93 +0.03 0.366  |   1.08  | 0.52 0.82 +0.11  32.8 +1.30     |  2.36  2 0.200 +0.058 0.562 0.37
  R5 ident Kp1.0 Kv1e-3 rc.01 DOB.6        8 | 0.84 +0.04 0.362  |   0.42  | 0.53 0.85 +0.12  19.7 +0.80     |  1.59  2 0.123 +0.049 0.523 0.37
  R5 ident Kp1.0 Kv1e-3 rc.01 DOB.6       12 | 1.07 +0.06 0.376  |   0.52  | 0.60 1.49 +0.23   7.4 +0.73     |  0.56  1 0.260 +0.065 0.610 0.39
  R5 ident Kp1.0 Kv1e-3 rc.01 DOB.6       19 | 0.91 +0.05 0.373  |   0.16  | 0.67 1.49 +0.42   3.6 +0.59     |  0.35  0 0.149 +0.060 0.558 0.46
  R5 ident Kp1.0 Kv1e-3 rc.01 DOB.6       26 | 0.86 +0.03 0.369  |   0.08  | 0.70 1.49 +0.51   3.6 +0.45     |  0.26  0 0.120 +0.048 0.534 0.48
  R5 b.002 Kp1.2                           6 | 0.93 +0.03 0.368  |   1.06  | 0.53 0.77 +0.08  33.5 +0.95     |  2.49  2 0.177 +0.048 0.556 0.37
  R5 b.002 Kp1.2                           8 | 0.83 +0.03 0.364  |   0.69  | 0.53 0.76 +0.11  20.8 +0.76     |  1.64  2 0.108 +0.043 0.509 0.44
  R5 b.002 Kp1.2                          12 | 0.87 +0.11 0.375  |   0.93  | 0.59 0.84 +0.22   8.1 +0.69     |  0.50  1 0.353 +0.141 0.485 0.53
  R5 b.002 Kp1.2                          19 | 0.81 +0.14 0.374  |   0.51  | 0.63 0.87 +0.39   3.6 +0.55     |  0.42  0 0.344 +0.138 0.448 0.48
  R5 b.002 Kp1.2                          26 | 0.78 +0.15 0.370  |   0.27  | 0.64 0.87 +0.49   3.6 +0.44     |  0.35  0 0.282 +0.113 0.426 0.42
  R5 b.002 Kp.85 Kv1e-3 rc.01              6 | 0.96 +0.04 0.366  |   1.14  | 0.52 0.80 +0.11  33.2 +1.33     |  2.40  2 0.210 +0.068 0.575 0.39
  R5 b.002 Kp.85 Kv1e-3 rc.01              8 | 0.85 +0.05 0.362  |   0.45  | 0.53 0.80 +0.16  20.1 +1.06     |  1.59  2 0.143 +0.057 0.532 0.38
  R5 b.002 Kp.85 Kv1e-3 rc.01             12 | 0.89 +0.09 0.374  |   0.30  | 0.59 0.89 +0.22   7.8 +0.70     |  0.53  1 0.334 +0.134 0.502 0.50
  R5 b.002 Kp.85 Kv1e-3 rc.01             19 | 0.84 +0.12 0.375  |   0.55  | 0.65 0.98 +0.42   3.6 +0.59     |  0.37  0 0.353 +0.141 0.465 0.50
  R5 b.002 Kp.85 Kv1e-3 rc.01             26 | 0.81 +0.13 0.372  |   0.37  | 0.68 1.01 +0.52   3.6 +0.47     |  0.32  0 0.295 +0.118 0.444 0.40
  R5 b.002 Kp1.0 Kv1e-3 rc.01 DOB.6        6 | 0.97 +0.04 0.367  |   1.44  | 0.52 0.85 +0.11  32.7 +1.34     |  2.47  2 0.247 +0.060 0.579 0.41
  R5 b.002 Kp1.0 Kv1e-3 rc.01 DOB.6        8 | 0.85 +0.04 0.362  |   0.59  | 0.53 0.90 +0.11  19.6 +0.76     |  1.59  2 0.160 +0.049 0.537 0.36
  R5 b.002 Kp1.0 Kv1e-3 rc.01 DOB.6       12 | 0.92 +0.06 0.373  |   0.58  | 0.59 1.07 +0.24   7.5 +0.74     |  0.54  1 0.295 +0.118 0.524 0.48
  R5 b.002 Kp1.0 Kv1e-3 rc.01 DOB.6       19 | 0.85 +0.08 0.372  |   0.38  | 0.67 1.25 +0.43   3.6 +0.61     |  0.35  0 0.295 +0.118 0.476 0.51
  R5 b.002 Kp1.0 Kv1e-3 rc.01 DOB.6       26 | 0.81 +0.09 0.370  |   0.02  | 0.69 1.29 +0.54   3.6 +0.48     |  0.35  0 0.246 +0.099 0.466 0.50
  R5 b.003 Kp1.0 Kv1e-3 rc.01 DOB.6        6 | 1.79 +0.05 0.375  |   4.00  | 0.53 1.49 +0.12  32.0 +1.38     |  2.57  2 0.451 +0.061 0.656 0.54
  R5 b.003 Kp1.0 Kv1e-3 rc.01 DOB.6        8 | 1.69 +0.06 0.368  |   1.80  | 0.53 1.27 +0.10  19.3 +0.67     |  1.65  2 0.351 +0.055 0.607 0.45
  R5 b.003 Kp1.0 Kv1e-3 rc.01 DOB.6       12 | 0.97 +0.06 0.374  |   0.22  | 0.60 1.35 +0.24   7.4 +0.74     |  0.55  1 0.187 +0.075 0.578 0.39
  R5 b.003 Kp1.0 Kv1e-3 rc.01 DOB.6       19 | 0.87 +0.05 0.372  |   0.08  | 0.67 1.38 +0.42   3.6 +0.59     |  0.36  0 0.207 +0.083 0.510 0.49
  R5 b.003 Kp1.0 Kv1e-3 rc.01 DOB.6       26 | 0.83 +0.06 0.369  |   0.04  | 0.69 1.36 +0.53   3.6 +0.47     |  0.30  0 0.190 +0.076 0.486 0.48
  R5 b.003 Kp.85 Kv1e-3 rc.01 DOB.6        6 | 1.78 +0.06 0.375  |   4.04  | 0.53 1.57 +0.12  31.9 +1.45     |  2.56  2 0.451 +0.074 0.667 0.54
  R5 b.003 Kp.85 Kv1e-3 rc.01 DOB.6        8 | 1.69 +0.06 0.369  |   1.83  | 0.53 1.29 +0.11  19.2 +0.72     |  1.65  2 0.359 +0.066 0.619 0.45
  R5 b.003 Kp.85 Kv1e-3 rc.01 DOB.6       12 | 1.00 +0.07 0.375  |   0.18  | 0.60 1.38 +0.24   7.3 +0.75     |  0.54  1 0.209 +0.083 0.594 0.40
  R5 b.003 Kp.85 Kv1e-3 rc.01 DOB.6       19 | 0.89 +0.06 0.374  |   0.09  | 0.69 1.42 +0.43   3.6 +0.62     |  0.37  0 0.219 +0.088 0.528 0.47
  R5 b.003 Kp.85 Kv1e-3 rc.01 DOB.6       26 | 0.84 +0.06 0.371  |   0.04  | 0.72 1.40 +0.55   3.6 +0.49     |  0.30  0 0.200 +0.080 0.499 0.47
  R5 ident Kp1.2 notchx1.35                6 | 0.87 +0.02 0.367  |   0.82  | 0.53 0.72 +0.07  34.6 +0.85     |  2.27  2 0.114 +0.045 0.532 0.42
  R5 ident Kp1.2 notchx1.35                8 | 0.80 +0.03 0.363  |   0.83  | 0.53 0.71 +0.10  21.5 +0.69     |  1.48  2 0.109 +0.043 0.485 0.46
  R5 ident Kp1.2 notchx1.35               12 | 0.94 +0.05 0.373  |   0.37  | 0.58 1.16 +0.21   8.2 +0.65     |  0.62  1 0.168 +0.054 0.572 0.40
  R5 ident Kp1.2 notchx1.35               19 | 0.84 +0.04 0.369  |   0.11  | 0.62 1.19 +0.36   3.8 +0.52     |  0.48  0 0.151 +0.060 0.507 0.47
  R5 ident Kp1.2 notchx1.35               26 | 0.81 +0.03 0.365  |   0.06  | 0.63 1.20 +0.46   3.6 +0.41     |  0.39  0 0.131 +0.052 0.483 0.47
  R5 ident Kp1.2 notchQ.7                  6 | 0.92 +0.02 0.369  |   0.60  | 0.54 0.78 +0.10  33.0 +1.17     |  2.20  2 0.161 +0.064 0.539 0.52
  R5 ident Kp1.2 notchQ.7                  8 | 0.84 +0.03 0.365  |   0.95  | 0.54 0.77 +0.15  20.4 +1.01     |  1.43  2 0.146 +0.058 0.491 0.52
  R5 ident Kp1.2 notchQ.7                 12 | 0.98 +0.05 0.376  |   0.35  | 0.60 1.04 +0.22   7.7 +0.68     |  0.58  1 0.173 +0.062 0.581 0.42
  R5 ident Kp1.2 notchQ.7                 19 | 0.87 +0.04 0.372  |   0.10  | 0.65 1.04 +0.37   3.6 +0.52     |  0.38  0 0.168 +0.067 0.510 0.50
  R5 ident Kp1.2 notchQ.7                 26 | 0.82 +0.04 0.368  |   0.05  | 0.66 1.07 +0.47   3.6 +0.42     |  0.32  0 0.146 +0.058 0.488 0.48
  R5 b.002 Kp1.0 Kv1e-3 rc.01 DOB.6 nx1.3   6 | 0.92 +0.03 0.366  |   1.50  | 0.52 0.78 +0.07  33.3 +0.86     |  2.40  2 0.237 +0.058 0.573 0.40
  R5 b.002 Kp1.0 Kv1e-3 rc.01 DOB.6 nx1.3   8 | 0.83 +0.04 0.362  |   0.62  | 0.53 0.80 +0.10  20.1 +0.65     |  1.54  2 0.154 +0.048 0.533 0.36
  R5 b.002 Kp1.0 Kv1e-3 rc.01 DOB.6 nx1.3  12 | 0.90 +0.06 0.372  |   0.77  | 0.59 1.12 +0.23   7.7 +0.74     |  0.56  1 0.283 +0.113 0.522 0.48
  R5 b.002 Kp1.0 Kv1e-3 rc.01 DOB.6 nx1.3  19 | 0.84 +0.08 0.371  |   0.40  | 0.65 1.27 +0.42   3.6 +0.60     |  0.36  0 0.285 +0.114 0.474 0.50
  R5 b.002 Kp1.0 Kv1e-3 rc.01 DOB.6 nx1.3  26 | 0.81 +0.09 0.369  |   0.02  | 0.68 1.29 +0.53   3.6 +0.47     |  0.38  0 0.237 +0.095 0.464 0.49

======================================================================================================================================================
WORLD ident, delays x1.5 | hold NEED x1.0
  cfg                                      v | T2 rise ov rms     | T3 pkpk | T7 t50 t90 ov pk-rate past     | T8 mode-rms bursts max|e|hold ov rms-e damp
  R4-flown                                 6 | 0.82 +0.15 0.378  |   0.84  | 0.56 0.73 +0.08  36.0 +0.97     |  2.67  2 0.282 +0.113 0.520 0.83
  R4-flown                                 8 | 0.78 +0.20 0.378  |   0.83  | 0.57 0.75 +0.09  21.6 +0.60     |  1.80  2 0.230 +0.092 0.483 0.82
  R4-flown                                12 | 0.85 +0.17 0.391  |   0.20  | 0.63 1.16 +0.21   7.8 +0.67     |  0.61  2 0.430 +0.172 0.519 0.84
  R4-flown                                19 | 0.79 +0.32 0.400  |   1.00  | 0.70 1.15 +0.50   3.6 +0.72     |  0.46  0 0.524 +0.209 0.473 0.85
  R4-flown                                26 | 0.77 +0.32 0.394  |   0.45  | 0.72 1.67 -0.00   2.0 -0.00     |  0.31  0 0.425 +0.170 0.432 0.86
  R5 ident Kp1.2                           6 | 0.79 +0.16 0.374  |   1.35  | 0.54 0.67 +0.21  40.3 +2.45     |  2.87  2 0.147 +0.059 0.489 0.29
  R5 ident Kp1.2                           8 | 0.76 +0.24 0.375  |   1.42  | 0.55 0.66 +0.25  25.2 +1.67     |  2.10  2 0.168 +0.067 0.441 0.13
  R5 ident Kp1.2                          12 | 0.82 +0.15 0.379  |   0.58  | 0.59 0.77 +0.24   9.4 +0.75     |  0.72  2 0.143 +0.057 0.511 0.04
  R5 ident Kp1.2                          19 | 0.78 +0.24 0.381  |   0.34  | 0.64 0.80 +0.40   4.3 +0.57     |  0.43  0 0.237 +0.095 0.444 0.03
  R5 ident Kp1.2                          26 | 0.75 +0.27 0.379  |   0.18  | 0.65 0.80 +0.52   3.5 +0.46     |  0.30  0 0.248 +0.099 0.417 0.04
  R5 ident Kp.85                           6 | 0.80 +0.15 0.374  |   1.40  | 0.54 0.67 +0.20  40.0 +2.35     |  2.85  2 0.169 +0.067 0.499 0.30
  R5 ident Kp.85                           8 | 0.77 +0.23 0.376  |   1.53  | 0.55 0.67 +0.24  24.8 +1.61     |  2.05  2 0.178 +0.071 0.451 0.11
  R5 ident Kp.85                          12 | 0.84 +0.13 0.381  |   0.57  | 0.60 0.80 +0.24   9.0 +0.76     |  0.66  2 0.163 +0.065 0.542 0.02
  R5 ident Kp.85                          19 | 0.80 +0.20 0.383  |   0.50  | 0.66 0.87 +0.42   3.9 +0.60     |  0.41  0 0.238 +0.095 0.467 0.04
  R5 ident Kp.85                          26 | 0.77 +0.23 0.382  |   0.22  | 0.68 0.88 +0.54   3.6 +0.49     |  0.32  0 0.247 +0.099 0.436 0.06
  R5 ident Kp.85 Kv1e-3 rc.01              6 | 0.80 +0.12 0.369  |   1.02  | 0.53 0.67 +0.17  39.5 +1.96     |  2.98  2 0.132 +0.053 0.507 0.48
  R5 ident Kp.85 Kv1e-3 rc.01              8 | 0.76 +0.19 0.370  |   1.35  | 0.54 0.67 +0.20  24.4 +1.33     |  2.00  2 0.144 +0.057 0.455 0.20
  R5 ident Kp.85 Kv1e-3 rc.01             12 | 0.84 +0.11 0.378  |   0.21  | 0.59 0.80 +0.23   9.1 +0.71     |  0.70  1 0.143 +0.057 0.548 0.02
  R5 ident Kp.85 Kv1e-3 rc.01             19 | 0.80 +0.18 0.381  |   0.50  | 0.65 0.87 +0.41   3.9 +0.59     |  0.43  0 0.231 +0.092 0.466 0.04
  R5 ident Kp.85 Kv1e-3 rc.01             26 | 0.77 +0.22 0.381  |   0.24  | 0.68 0.88 +0.54   3.6 +0.48     |  0.32  0 0.244 +0.098 0.436 0.06
  R5 ident Kp1.0 Kv1e-3 rc.01 DOB.6        6 | 0.80 +0.12 0.370  |   1.22  | 0.53 0.68 +0.16  38.3 +1.85     |  2.88  2 0.124 +0.050 0.505 0.49
  R5 ident Kp1.0 Kv1e-3 rc.01 DOB.6        8 | 0.77 +0.19 0.371  |   1.53  | 0.54 0.68 +0.19  23.5 +1.26     |  1.94  2 0.147 +0.059 0.453 0.21
  R5 ident Kp1.0 Kv1e-3 rc.01 DOB.6       12 | 0.84 +0.11 0.378  |   0.45  | 0.60 0.84 +0.23   8.7 +0.72     |  0.65  1 0.149 +0.060 0.535 0.03
  R5 ident Kp1.0 Kv1e-3 rc.01 DOB.6       19 | 0.80 +0.19 0.382  |   0.57  | 0.66 0.93 +0.46   3.7 +0.65     |  0.42  0 0.238 +0.095 0.462 0.06
  R5 ident Kp1.0 Kv1e-3 rc.01 DOB.6       26 | 0.77 +0.22 0.381  |   0.05  | 0.68 0.97 +0.59   3.6 +0.53     |  0.35  0 0.247 +0.099 0.446 0.08
  R5 b.002 Kp1.2                           6 | 0.80 +0.12 0.372  |   0.52  | 0.54 0.67 +0.17  40.1 +2.03     |  3.00  2 0.098 +0.039 0.508 0.52
  R5 b.002 Kp1.2                           8 | 0.76 +0.21 0.373  |   0.14  | 0.55 0.67 +0.21  25.1 +1.42     |  2.13  2 0.119 +0.048 0.454 0.26
  R5 b.002 Kp1.2                          12 | 0.80 +0.35 0.400  |   1.38  | 0.59 0.75 +0.35   9.5 +1.11     |  0.85  2 0.484 +0.194 0.461 0.12
  R5 b.002 Kp1.2                          19 | 0.77 +0.42 0.403  |   0.76  | 0.64 0.79 +0.52   4.3 +0.74     |  0.53  0 0.478 +0.191 0.436 0.13
  R5 b.002 Kp1.2                          26 | 0.74 +0.45 0.402  |   0.43  | 0.65 0.78 +0.64   3.5 +0.57     |  0.36  0 0.425 +0.170 0.410 0.14
  R5 b.002 Kp.85 Kv1e-3 rc.01              6 | 0.80 +0.08 0.368  |   0.46  | 0.53 0.67 +0.15  39.3 +1.71     |  3.21  2 0.124 +0.050 0.531 0.52
  R5 b.002 Kp.85 Kv1e-3 rc.01              8 | 0.77 +0.16 0.368  |   1.08  | 0.54 0.67 +0.18  24.3 +1.18     |  2.05  2 0.106 +0.042 0.476 0.43
  R5 b.002 Kp.85 Kv1e-3 rc.01             12 | 0.81 +0.30 0.396  |   1.25  | 0.59 0.77 +0.34   9.2 +1.06     |  0.77  2 0.477 +0.191 0.467 0.11
  R5 b.002 Kp.85 Kv1e-3 rc.01             19 | 0.78 +0.37 0.403  |   0.95  | 0.65 0.84 +0.53   3.9 +0.75     |  0.49  0 0.540 +0.216 0.451 0.10
  R5 b.002 Kp.85 Kv1e-3 rc.01             26 | 0.76 +0.41 0.405  |   0.50  | 0.67 0.85 +0.67   3.6 +0.60     |  0.36  0 0.486 +0.195 0.434 0.12
  R5 b.002 Kp1.0 Kv1e-3 rc.01 DOB.6        6 | 0.80 +0.09 0.368  |   0.64  | 0.53 0.68 +0.13  38.2 +1.56     |  3.15  2 0.098 +0.039 0.528 0.56
  R5 b.002 Kp1.0 Kv1e-3 rc.01 DOB.6        8 | 0.77 +0.17 0.369  |   1.25  | 0.54 0.68 +0.17  23.5 +1.12     |  1.96  2 0.099 +0.040 0.472 0.49
  R5 b.002 Kp1.0 Kv1e-3 rc.01 DOB.6       12 | 0.82 +0.26 0.394  |   0.60  | 0.60 0.80 +0.31   8.8 +0.97     |  0.69  2 0.472 +0.189 0.478 0.17
  R5 b.002 Kp1.0 Kv1e-3 rc.01 DOB.6       19 | 0.79 +0.32 0.399  |   0.98  | 0.66 0.88 +0.51   3.7 +0.72     |  0.48  0 0.531 +0.212 0.451 0.15
  R5 b.002 Kp1.0 Kv1e-3 rc.01 DOB.6       26 | 0.76 +0.35 0.399  |   0.50  | 0.68 0.90 +0.64   3.6 +0.57     |  0.32  0 0.487 +0.195 0.428 0.14
  R5 b.003 Kp1.0 Kv1e-3 rc.01 DOB.6        6 | 0.83 +0.03 0.369  |   2.66  | 0.53 0.70 +0.06  37.6 +0.65     |  3.20  2 0.319 +0.050 0.603 0.85
  R5 b.003 Kp1.0 Kv1e-3 rc.01 DOB.6        8 | 0.78 +0.06 0.365  |   1.08  | 0.54 0.70 +0.10  23.2 +0.66     |  2.12  2 0.212 +0.041 0.548 0.70
  R5 b.003 Kp1.0 Kv1e-3 rc.01 DOB.6       12 | 0.83 +0.17 0.382  |   0.36  | 0.60 0.82 +0.26   8.7 +0.82     |  0.67  2 0.250 +0.100 0.500 0.09
  R5 b.003 Kp1.0 Kv1e-3 rc.01 DOB.6       19 | 0.79 +0.26 0.389  |   0.85  | 0.66 0.90 +0.48   3.7 +0.68     |  0.39  0 0.377 +0.151 0.447 0.11
  R5 b.003 Kp1.0 Kv1e-3 rc.01 DOB.6       26 | 0.76 +0.30 0.391  |   0.45  | 0.68 0.91 +0.62   3.6 +0.55     |  0.31  0 0.400 +0.160 0.423 0.11
  R5 b.003 Kp.85 Kv1e-3 rc.01 DOB.6        6 | 0.83 +0.04 0.369  |   2.61  | 0.53 0.70 +0.06  37.5 +0.72     |  3.13  2 0.318 +0.060 0.612 0.85
  R5 b.003 Kp.85 Kv1e-3 rc.01 DOB.6        8 | 0.78 +0.06 0.366  |   1.06  | 0.54 0.70 +0.10  23.1 +0.67     |  2.08  2 0.217 +0.050 0.558 0.72
  R5 b.003 Kp.85 Kv1e-3 rc.01 DOB.6       12 | 0.84 +0.16 0.383  |   0.42  | 0.60 0.84 +0.26   8.6 +0.83     |  0.62  2 0.256 +0.102 0.511 0.09
  R5 b.003 Kp.85 Kv1e-3 rc.01 DOB.6       19 | 0.80 +0.24 0.390  |   0.91  | 0.68 0.95 +0.50   3.6 +0.71     |  0.39  0 0.387 +0.155 0.456 0.09
  R5 b.003 Kp.85 Kv1e-3 rc.01 DOB.6       26 | 0.77 +0.29 0.393  |   0.50  | 0.70 0.98 +0.63   3.6 +0.57     |  0.30  0 0.415 +0.166 0.432 0.10
  R5 ident Kp1.2 notchx1.35                6 | 0.79 +0.17 0.373  |   1.22  | 0.54 0.66 +0.23  41.4 +2.63     |  2.58  2 0.135 +0.054 0.484 0.27
  R5 ident Kp1.2 notchx1.35                8 | 0.75 +0.26 0.375  |   1.40  | 0.55 0.66 +0.26  26.0 +1.72     |  1.97  2 0.168 +0.067 0.438 0.15
  R5 ident Kp1.2 notchx1.35               12 | 0.81 +0.14 0.378  |   0.57  | 0.59 0.75 +0.23   9.7 +0.74     |  0.77  2 0.134 +0.054 0.509 0.04
  R5 ident Kp1.2 notchx1.35               19 | 0.77 +0.22 0.380  |   0.31  | 0.63 0.78 +0.39   4.5 +0.56     |  0.46  0 0.229 +0.092 0.442 0.04
  R5 ident Kp1.2 notchx1.35               26 | 0.74 +0.25 0.377  |   0.17  | 0.64 0.78 +0.51   3.5 +0.45     |  0.34  0 0.240 +0.096 0.415 0.04
  R5 ident Kp1.2 notchQ.7                  6 | 0.80 +0.15 0.375  |   0.18  | 0.55 0.68 +0.21  39.3 +2.42     |  2.74  2 0.165 +0.066 0.498 0.31
  R5 ident Kp1.2 notchQ.7                  8 | 0.77 +0.24 0.377  |   1.40  | 0.55 0.67 +0.24  24.6 +1.60     |  1.97  2 0.178 +0.071 0.447 0.12
  R5 ident Kp1.2 notchQ.7                 12 | 0.83 +0.15 0.381  |   0.71  | 0.60 0.79 +0.25   9.1 +0.78     |  0.67  2 0.155 +0.062 0.515 0.04
  R5 ident Kp1.2 notchQ.7                 19 | 0.79 +0.24 0.384  |   0.55  | 0.65 0.82 +0.42   4.1 +0.60     |  0.42  0 0.242 +0.097 0.448 0.03
  R5 ident Kp1.2 notchQ.7                 26 | 0.76 +0.28 0.382  |   0.09  | 0.66 0.81 +0.53   3.5 +0.48     |  0.33  0 0.253 +0.101 0.427 0.03
  R5 b.002 Kp1.0 Kv1e-3 rc.01 DOB.6 nx1.3   6 | 0.80 +0.10 0.368  |   0.59  | 0.53 0.67 +0.14  39.0 +1.64     |  2.90  2 0.095 +0.038 0.523 0.54
  R5 b.002 Kp1.0 Kv1e-3 rc.01 DOB.6 nx1.3   8 | 0.76 +0.18 0.369  |   1.16  | 0.54 0.67 +0.17  24.0 +1.15     |  1.97  2 0.093 +0.037 0.469 0.46
  R5 b.002 Kp1.0 Kv1e-3 rc.01 DOB.6 nx1.3  12 | 0.81 +0.25 0.392  |   0.53  | 0.59 0.79 +0.30   9.0 +0.93     |  0.71  2 0.458 +0.183 0.475 0.16
  R5 b.002 Kp1.0 Kv1e-3 rc.01 DOB.6 nx1.3  19 | 0.78 +0.31 0.397  |   0.95  | 0.65 0.87 +0.49   3.9 +0.70     |  0.51  0 0.519 +0.208 0.446 0.14
  R5 b.002 Kp1.0 Kv1e-3 rc.01 DOB.6 nx1.3  26 | 0.76 +0.34 0.397  |   0.50  | 0.67 0.89 +0.63   3.6 +0.56     |  0.37  0 0.478 +0.191 0.424 0.13

======================================================================================================================================================
WORLD mode, delays x1.5 | hold NEED x1.0
  cfg                                      v | T2 rise ov rms     | T3 pkpk | T7 t50 t90 ov pk-rate past     | T8 mode-rms bursts max|e|hold ov rms-e damp
  R4-flown                                 6 | 0.67 +0.45 0.377  |   2.18  | 0.49 0.57 +0.40  61.1 +4.70     |  6.38  4 0.304 +0.122 0.348 0.82
  R4-flown                                 8 | 0.66 +0.55 0.386  |   1.37  | 0.51 0.59 +0.34  37.1 +2.31     |  4.72  2 0.255 +0.102 0.327 0.72
  R4-flown                                12 | 0.62 +0.69 0.393  |   0.78  | 0.52 0.58 +0.38  21.2 +1.18     |  3.65  3 0.290 +0.116 0.325 0.72
  R4-flown                                19 | 0.60 +0.69 0.395  |   0.61  | 0.57 0.63 +0.39   9.9 +0.56     |  2.91  1 0.299 +0.120 0.338 0.73
  R4-flown                                26 | 0.59 +0.59 0.375  |   0.09  | 0.58 0.64 +0.51   6.5 +0.45     |  2.62  0 0.184 +0.074 0.300 0.54
  R5 ident Kp1.2                           6 | 0.67 +0.29 0.358  |   0.57  | 0.49 0.56 +0.46  66.6 +5.38     | 10.56  2 0.056 +0.022 0.441 0.70
  R5 ident Kp1.2                           8 | 0.65 +0.40 0.362  |   0.43  | 0.50 0.56 +0.50  42.4 +3.36     |  7.10  2 0.040 +0.016 0.402 0.55
  R5 ident Kp1.2                          12 | 0.62 +0.29 0.361  |   0.49  | 0.50 0.56 +0.53  24.4 +1.68     |  9.01  5 0.182 +0.027 0.436 0.71
  R5 ident Kp1.2                          19 | 0.60 +0.34 0.373  | 206.13  | 0.55 0.59 +0.58  12.4 +0.82     |  8.03  2 0.391 +0.156 0.438 0.43
  R5 ident Kp1.2                          26 | 0.58 +0.31 0.380  | 970.79  | 0.55 0.60 +0.66   8.6 +0.59     | 53.51 12 2.997 +1.199 20.012 0.60
  R5 ident Kp.85                           6 | 0.67 +0.29 0.358  |   0.88  | 0.49 0.56 +0.45  66.2 +5.31     | 10.39  2 0.084 +0.034 0.449 0.71
  R5 ident Kp.85                           8 | 0.65 +0.40 0.362  |   0.45  | 0.50 0.57 +0.49  41.9 +3.27     |  6.84  2 0.033 +0.013 0.411 0.59
  R5 ident Kp.85                          12 | 0.63 +0.28 0.361  |   0.65  | 0.51 0.56 +0.50  23.8 +1.56     |  8.79  5 0.154 +0.034 0.458 0.70
  R5 ident Kp.85                          19 | 0.61 +0.34 0.365  |   0.90  | 0.56 0.61 +0.47  11.3 +0.67     |  4.35  2 0.172 +0.069 0.422 0.66
  R5 ident Kp.85                          26 | 0.59 +0.31 0.356  | 309.22  | 0.57 0.62 +0.51   7.5 +0.46     |  3.82  0 0.345 +0.138 0.406 0.50
  R5 ident Kp.85 Kv1e-3 rc.01              6 | 0.67 +0.18 0.350  |   0.51  | 0.47 0.55 +0.31  60.5 +3.58     |  9.02  2 0.086 +0.034 0.456 0.73
  R5 ident Kp.85 Kv1e-3 rc.01              8 | 0.66 +0.28 0.352  |   0.67  | 0.49 0.56 +0.33  38.9 +2.20     |  6.37  2 0.051 +0.020 0.414 0.63
  R5 ident Kp.85 Kv1e-3 rc.01             12 | 0.64 +0.19 0.347  |   0.83  | 0.50 0.55 +0.35  22.6 +1.11     |  6.51  3 0.159 +0.034 0.460 0.79
  R5 ident Kp.85 Kv1e-3 rc.01             19 | 0.61 +0.26 0.351  |   0.24  | 0.55 0.60 +0.39  11.2 +0.55     |  4.99  2 0.085 +0.034 0.412 0.80
  R5 ident Kp.85 Kv1e-3 rc.01             26 | 0.59 +0.25 0.348  |   0.23  | 0.57 0.61 +0.44   7.5 +0.40     |  4.08  0 0.276 +0.117 0.395 0.56
  R5 ident Kp1.0 Kv1e-3 rc.01 DOB.6        6 | 0.67 +0.23 0.353  |   0.53  | 0.47 0.56 +0.30  59.2 +3.50     |  7.71  2 0.067 +0.023 0.440 0.74
  R5 ident Kp1.0 Kv1e-3 rc.01 DOB.6        8 | 0.66 +0.33 0.356  |   0.73  | 0.49 0.56 +0.30  37.6 +2.03     |  5.57  2 0.026 +0.003 0.400 0.58
  R5 ident Kp1.0 Kv1e-3 rc.01 DOB.6       12 | 0.63 +0.29 0.352  |   0.48  | 0.50 0.56 +0.32  21.8 +1.02     |  3.95  3 0.161 +0.023 0.438 0.82
  R5 ident Kp1.0 Kv1e-3 rc.01 DOB.6       19 | 0.61 +0.33 0.356  |   0.23  | 0.55 0.61 +0.36  10.8 +0.51     |  3.78  0 0.075 +0.030 0.396 0.82
  R5 ident Kp1.0 Kv1e-3 rc.01 DOB.6       26 | 0.59 +0.31 0.351  |   0.27  | 0.57 0.62 +0.41   7.2 +0.36     |  3.79  0 0.211 +0.086 0.383 0.69
  R5 b.002 Kp1.2                           6 | 0.67 +0.26 0.357  |   1.12  | 0.49 0.56 +0.44  66.3 +5.16     | 12.18  2 0.094 +0.025 0.461 0.75
  R5 b.002 Kp1.2                           8 | 0.65 +0.37 0.360  |   0.64  | 0.50 0.57 +0.49  42.2 +3.26     |  7.34  2 0.042 +0.017 0.418 0.57
  R5 b.002 Kp1.2                          12 | 0.61 +0.51 0.366  |   0.86  | 0.50 0.56 +0.61  24.7 +1.92     |  5.30  4 0.101 +0.040 0.334 0.63
  R5 b.002 Kp1.2                          19 | 0.60 +0.54 0.373  |   0.62  | 0.55 0.59 +0.68  12.5 +0.97     |  4.20  2 0.223 +0.089 0.330 0.41
  R5 b.002 Kp1.2                          26 | 0.58 +0.49 0.362  |   0.49  | 0.55 0.60 +0.75   8.7 +0.67     |  3.36  0 0.444 +0.178 0.330 0.15
  R5 b.002 Kp.85 Kv1e-3 rc.01              6 | 0.68 +0.16 0.350  |   1.03  | 0.47 0.55 +0.29  60.2 +3.39     |  9.55  2 0.123 +0.040 0.477 0.74
  R5 b.002 Kp.85 Kv1e-3 rc.01              8 | 0.66 +0.25 0.351  |   0.49  | 0.49 0.56 +0.32  38.7 +2.11     |  6.50  2 0.067 +0.027 0.433 0.71
  R5 b.002 Kp.85 Kv1e-3 rc.01             12 | 0.63 +0.40 0.353  |   0.49  | 0.50 0.55 +0.41  22.8 +1.29     |  4.10  3 0.136 +0.054 0.340 0.65
  R5 b.002 Kp.85 Kv1e-3 rc.01             19 | 0.61 +0.45 0.360  |   0.60  | 0.55 0.60 +0.51  11.3 +0.73     |  3.16  0 0.182 +0.073 0.325 0.47
  R5 b.002 Kp.85 Kv1e-3 rc.01             26 | 0.59 +0.44 0.357  |   0.40  | 0.57 0.61 +0.54   7.5 +0.48     |  3.61  0 0.297 +0.119 0.327 0.13
  R5 b.002 Kp1.0 Kv1e-3 rc.01 DOB.6        6 | 0.67 +0.21 0.353  |   1.51  | 0.47 0.56 +0.29  59.0 +3.37     |  7.91  2 0.112 +0.026 0.459 0.75
  R5 b.002 Kp1.0 Kv1e-3 rc.01 DOB.6        8 | 0.66 +0.31 0.355  |   0.52  | 0.49 0.56 +0.29  37.5 +1.96     |  5.31  2 0.053 +0.016 0.417 0.68
  R5 b.002 Kp1.0 Kv1e-3 rc.01 DOB.6       12 | 0.63 +0.44 0.358  |   0.65  | 0.50 0.56 +0.37  22.0 +1.18     |  3.63  3 0.149 +0.059 0.336 0.68
  R5 b.002 Kp1.0 Kv1e-3 rc.01 DOB.6       19 | 0.61 +0.48 0.364  |   0.49  | 0.55 0.61 +0.43  10.8 +0.61     |  2.91  0 0.167 +0.067 0.318 0.44
  R5 b.002 Kp1.0 Kv1e-3 rc.01 DOB.6       26 | 0.59 +0.45 0.358  |   0.52  | 0.57 0.62 +0.50   7.2 +0.45     |  3.19  0 0.280 +0.112 0.324 0.19
  R5 b.003 Kp1.0 Kv1e-3 rc.01 DOB.6        6 | 0.68 +0.12 0.357  |   3.30  | 0.48 0.56 +0.24  58.0 +2.79     |  9.49  3 0.313 +0.034 0.552 0.88
  R5 b.003 Kp1.0 Kv1e-3 rc.01 DOB.6        8 | 0.66 +0.21 0.355  |   1.53  | 0.49 0.56 +0.25  37.2 +1.70     |  6.04  2 0.241 +0.029 0.500 0.84
  R5 b.003 Kp1.0 Kv1e-3 rc.01 DOB.6       12 | 0.63 +0.35 0.353  |   0.36  | 0.50 0.56 +0.34  21.9 +1.08     |  4.02  3 0.067 +0.009 0.396 0.74
  R5 b.003 Kp1.0 Kv1e-3 rc.01 DOB.6       19 | 0.61 +0.41 0.360  |   0.43  | 0.55 0.61 +0.40  10.8 +0.58     |  3.17  0 0.056 +0.022 0.352 0.83
  R5 b.003 Kp1.0 Kv1e-3 rc.01 DOB.6       26 | 0.59 +0.40 0.354  |   0.23  | 0.57 0.62 +0.48   7.2 +0.43     |  3.65  0 0.251 +0.101 0.343 0.66
  R5 b.003 Kp.85 Kv1e-3 rc.01 DOB.6        6 | 0.68 +0.12 0.357  |   3.39  | 0.48 0.56 +0.24  57.9 +2.77     |  9.53  3 0.313 +0.043 0.560 0.89
  R5 b.003 Kp.85 Kv1e-3 rc.01 DOB.6        8 | 0.67 +0.21 0.355  |   1.91  | 0.49 0.56 +0.25  37.0 +1.67     |  6.03  2 0.247 +0.037 0.509 0.85
  R5 b.003 Kp.85 Kv1e-3 rc.01 DOB.6       12 | 0.63 +0.34 0.353  |   0.25  | 0.50 0.56 +0.33  21.7 +1.05     |  3.89  3 0.073 +0.013 0.402 0.74
  R5 b.003 Kp.85 Kv1e-3 rc.01 DOB.6       19 | 0.61 +0.40 0.359  |   0.58  | 0.56 0.61 +0.36  10.3 +0.51     |  3.04  0 0.057 +0.023 0.359 0.82
  R5 b.003 Kp.85 Kv1e-3 rc.01 DOB.6       26 | 0.59 +0.40 0.357  |   0.15  | 0.57 0.63 +0.48   6.7 +0.43     |  3.18  0 0.219 +0.088 0.342 0.72
  R5 ident Kp1.2 notchx1.35                6 | 0.66 +0.34 0.362  |   0.80  | 0.49 0.56 +0.52  68.4 +6.06     |  7.63  2 0.080 +0.020 0.439 0.69
  R5 ident Kp1.2 notchx1.35                8 | 0.65 +0.45 0.369  |   0.92  | 0.50 0.56 +0.57  43.8 +3.83     |  5.09  4 0.038 +0.015 0.401 0.62
  R5 ident Kp1.2 notchx1.35               12 | 0.62 +2.54 0.824  |   0.42  | 0.50 0.55 +0.60  25.2 +1.88     | 60.80 21 0.431 +0.172 0.726 0.51
  R5 ident Kp1.2 notchx1.35               19 | 0.59 +43.37 3.945  | 824.43  | 0.54 0.59 +0.67  13.0 +0.95     | 51.49 13 6.462 +1.645 13.968 0.67
  R5 ident Kp1.2 notchx1.35               26 | 0.57 +76.43 10.576  | 915.01  | 0.55 0.59 +0.72   9.1 +0.64     | 62.70 11 25.718 +10.287 29.827 0.65
  R5 ident Kp1.2 notchQ.7                  6 | 0.67 +0.28 0.358  |   0.74  | 0.49 0.56 +0.44  65.2 +5.13     |  9.34  2 0.063 +0.025 0.446 0.68
  R5 ident Kp1.2 notchQ.7                  8 | 0.65 +0.40 0.362  |   0.54  | 0.50 0.57 +0.48  41.5 +3.21     |  6.15  2 0.035 +0.014 0.401 0.63
  R5 ident Kp1.2 notchQ.7                 12 | 0.62 +0.29 0.361  |   0.54  | 0.51 0.56 +0.51  23.9 +1.60     |  8.57  5 0.125 +0.028 0.441 0.71
  R5 ident Kp1.2 notchQ.7                 19 | 0.60 +0.35 0.368  |   2.13  | 0.55 0.60 +0.54  11.8 +0.77     |  4.45  2 0.200 +0.080 0.398 0.63
  R5 ident Kp1.2 notchQ.7                 26 | 0.58 +0.32 0.364  | 586.51  | 0.56 0.61 +0.60   8.2 +0.54     |  3.54  0 0.334 +0.134 0.387 0.44
  R5 b.002 Kp1.0 Kv1e-3 rc.01 DOB.6 nx1.3   6 | 0.67 +0.24 0.354  |   1.26  | 0.48 0.56 +0.33  60.2 +3.81     |  7.07  2 0.119 +0.025 0.457 0.73
  R5 b.002 Kp1.0 Kv1e-3 rc.01 DOB.6 nx1.3   8 | 0.66 +0.34 0.356  |   0.42  | 0.49 0.56 +0.33  38.4 +2.24     |  4.84  2 0.062 +0.014 0.416 0.70
  R5 b.002 Kp1.0 Kv1e-3 rc.01 DOB.6 nx1.3  12 | 0.62 +0.46 0.358  |   0.65  | 0.50 0.55 +0.41  22.5 +1.28     |  3.87  3 0.139 +0.056 0.333 0.69
  R5 b.002 Kp1.0 Kv1e-3 rc.01 DOB.6 nx1.3  19 | 0.60 +0.50 0.362  |   0.65  | 0.55 0.60 +0.45  11.2 +0.64     |  4.25  1 0.236 +0.094 0.325 0.45
  R5 b.002 Kp1.0 Kv1e-3 rc.01 DOB.6 nx1.3  26 | 0.58 +0.45 0.355  |   0.32  | 0.56 0.61 +0.52   7.6 +0.47     |  4.18  0 0.374 +0.153 0.330 0.25