v293r5_design_dobb -- the observer's model b, every world.  R5 = Kp 1.2, notch Q1, Kv 6e-4 rc .03, DOB .8, Ki .3 flat unless named.

======================================================================================================================================================
WORLD mode (b .0006, J 1e-4) | hold NEED x1.0
  cfg                            v | T1 dist |e| .5 1 2 s, rms  | T2 rise ov rms     | T3 pkpk | T5 rms e, pk rate, dwells, max|e| | T7 t50 t90 ov pk-rate past     | T8 mode-rms bursts max|e|hold ov rms-e damp
  R4-flown                       6 | 0.035 0.038 0.035 0.031    | 0.66 +0.40 0.365  |   1.84  | 0.033   11.7  1 0.063          | 0.47 0.56 +0.33  56.1 +3.88     |  5.08  4 0.264 +0.106 0.333 0.84
  R4-flown                       8 | 0.057 0.060 0.053 0.048    | 0.64 +0.49 0.372  |   1.53  | 0.039    6.9  1 0.074          | 0.49 0.57 +0.27  33.9 +1.82     |  3.62  2 0.217 +0.087 0.313 0.72
  R4-flown                      12 | 0.092 0.085 0.048 0.056    | 0.60 +0.61 0.374  |   0.15  | 0.040    4.1  0 0.084          | 0.49 0.55 +0.31  19.3 +0.97     |  2.58  2 0.238 +0.095 0.298 0.67
  R4-flown                      19 | 0.165 0.085 0.021 0.074    | 0.59 +0.57 0.369  |   0.48  | 0.045    3.5  0 0.105          | 0.54 0.60 +0.34   9.1 +0.48     |  2.22  1 0.206 +0.083 0.312 0.65
  R4-flown                      26 | 0.201 0.102 0.021 0.088    | 0.57 +0.47 0.352  |   0.29  | 0.048    3.6  0 0.113          | 0.55 0.61 +0.34   6.0 +0.31     |  2.48  0 0.169 +0.068 0.298 0.57
  R5 dobb ident                  6 | 0.029 0.011 0.001 0.012    | 0.66 +0.17 0.346  |   0.52  | 0.031   15.2  1 0.060          | 0.46 0.55 +0.30  58.3 +3.45     |  7.19  2 0.060 +0.021 0.439 0.77
  R5 dobb ident                  8 | 0.046 0.012 0.003 0.020    | 0.65 +0.27 0.346  |   0.64  | 0.030   10.3  1 0.067          | 0.47 0.55 +0.32  37.1 +2.15     |  4.89  2 0.020 +0.008 0.398 0.67
  R5 dobb ident                 12 | 0.065 0.013 0.011 0.026    | 0.62 +0.14 0.339  |   0.61  | 0.036    6.2  1 0.075          | 0.48 0.54 +0.31  21.3 +0.97     |  6.40  3 0.141 +0.029 0.437 0.82
  R5 dobb ident                 19 | 0.098 0.001 0.010 0.044    | 0.60 +0.16 0.337  |   0.32  | 0.034    4.1  0 0.092          | 0.52 0.57 +0.35  11.0 +0.50     |  5.57  0 0.104 +0.044 0.395 0.66
  R5 dobb ident                 26 | 0.036 0.005 0.005 0.054    | 0.57 +0.11 0.331  |   0.51  | 0.033    3.2  0 0.097          | 0.52 0.57 +0.40   7.7 +0.36     |  4.81  0 0.097 +0.056 0.375 0.68
  R5 dobb .0006                  6 | 0.031 0.017 0.009 0.015    | 0.65 +0.41 0.362  |   2.68  | 0.024   16.1  1 0.060          | 0.46 0.54 +0.46  61.4 +5.36     |  5.81  4 0.282 +0.113 0.333 0.51
  R5 dobb .0006                  8 | 0.050 0.019 0.014 0.022    | 0.63 +0.51 0.370  |   1.99  | 0.025   10.8  1 0.067          | 0.47 0.55 +0.47  38.5 +3.13     |  4.36  2 0.285 +0.114 0.313 0.44
  R5 dobb .0006                 12 | 0.077 0.010 0.016 0.033    | 0.60 +0.62 0.370  |   1.09  | 0.027    6.6  1 0.075          | 0.47 0.53 +0.52  22.3 +1.64     |  3.22  3 0.387 +0.155 0.292 0.36
  R5 dobb .0006                 19 | 0.137 0.010 0.023 0.053    | 0.58 +0.55 0.360  |   0.70  | 0.032    4.3  0 0.092          | 0.52 0.57 +0.59  11.3 +0.84     |  3.06  1 0.240 +0.096 0.293 0.20
  R5 dobb .0006                 26 | 0.127 0.014 0.019 0.062    | 0.56 +0.44 0.346  |   0.20  | 0.029    3.5  0 0.097          | 0.52 0.57 +0.64   7.9 +0.57     |  3.38  0 0.346 +0.139 0.292 0.18
  R5 dobb .0010                  6 | 0.030 0.015 0.007 0.014    | 0.65 +0.32 0.352  |   1.91  | 0.026   15.8  1 0.060          | 0.46 0.54 +0.40  60.3 +4.65     |  5.89  3 0.175 +0.070 0.358 0.68
  R5 dobb .0010                  8 | 0.049 0.015 0.012 0.022    | 0.64 +0.42 0.357  |   1.49  | 0.027   10.6  1 0.067          | 0.47 0.55 +0.41  38.0 +2.75     |  4.36  2 0.194 +0.078 0.328 0.71
  R5 dobb .0010                 12 | 0.076 0.012 0.017 0.032    | 0.60 +0.54 0.359  |   0.97  | 0.028    6.5  1 0.075          | 0.47 0.53 +0.49  22.2 +1.52     |  3.22  3 0.302 +0.121 0.293 0.47
  R5 dobb .0010                 19 | 0.137 0.010 0.021 0.053    | 0.58 +0.50 0.355  |   0.62  | 0.033    4.3  0 0.092          | 0.52 0.57 +0.55  11.3 +0.79     |  3.10  1 0.205 +0.082 0.294 0.19
  R5 dobb .0010                 26 | 0.129 0.026 0.012 0.063    | 0.56 +0.41 0.343  |   0.35  | 0.029    3.5  0 0.097          | 0.52 0.57 +0.59   7.9 +0.53     |  3.74  0 0.335 +0.135 0.300 0.16
  R5 dobb .0006 Kv1e-3 rc.01     6 | 0.026 0.021 0.005 0.013    | 0.66 +0.31 0.354  |   2.43  | 0.024   13.3  1 0.057          | 0.45 0.54 +0.35  55.4 +4.05     |  4.80  3 0.248 +0.099 0.334 0.71
  R5 dobb .0006 Kv1e-3 rc.01     8 | 0.042 0.028 0.010 0.021    | 0.64 +0.41 0.360  |   1.91  | 0.025    8.8  1 0.065          | 0.46 0.54 +0.35  34.6 +2.36     |  3.33  2 0.259 +0.104 0.308 0.48
  R5 dobb .0006 Kv1e-3 rc.01    12 | 0.069 0.020 0.006 0.031    | 0.61 +0.52 0.362  |   1.24  | 0.026    5.5  1 0.073          | 0.47 0.53 +0.40  20.2 +1.25     |  2.41  2 0.366 +0.147 0.281 0.37
  R5 dobb .0006 Kv1e-3 rc.01    19 | 0.129 0.013 0.045 0.054    | 0.58 +0.50 0.356  |   0.58  | 0.033    3.9  0 0.091          | 0.51 0.56 +0.50  10.8 +0.72     |  2.19  0 0.291 +0.117 0.292 0.26
  R5 dobb .0006 Kv1e-3 rc.01    26 | 0.132 0.017 0.024 0.062    | 0.56 +0.42 0.345  |   0.26  | 0.035    3.5  0 0.097          | 0.52 0.57 +0.59   7.7 +0.53     |  2.84  0 0.296 +0.119 0.289 0.12
  R5 dobb .0006 Kv1e-3 rc.03     6 | 0.027 0.020 0.005 0.014    | 0.65 +0.31 0.354  |   2.35  | 0.024   14.3  1 0.058          | 0.45 0.54 +0.36  57.7 +4.25     |  5.57  4 0.249 +0.100 0.333 0.70
  R5 dobb .0006 Kv1e-3 rc.03     8 | 0.044 0.025 0.007 0.021    | 0.64 +0.41 0.360  |   1.89  | 0.025    9.5  1 0.065          | 0.46 0.54 +0.36  36.5 +2.43     |  3.93  2 0.260 +0.104 0.308 0.48
  R5 dobb .0006 Kv1e-3 rc.03    12 | 0.070 0.018 0.008 0.031    | 0.60 +0.52 0.360  |   1.14  | 0.026    6.0  1 0.073          | 0.47 0.53 +0.43  21.4 +1.36     |  2.76  2 0.365 +0.146 0.279 0.35
  R5 dobb .0006 Kv1e-3 rc.03    19 | 0.135 0.001 0.034 0.053    | 0.58 +0.50 0.355  |   0.57  | 0.033    4.1  0 0.091          | 0.51 0.56 +0.54  11.3 +0.77     |  2.78  1 0.284 +0.114 0.292 0.21
  R5 dobb .0006 Kv1e-3 rc.03    26 | 0.128 0.009 0.021 0.062    | 0.56 +0.41 0.344  |   0.12  | 0.030    3.6  0 0.097          | 0.52 0.57 +0.62   7.9 +0.55     |  3.03  0 0.295 +0.118 0.290 0.16
  R5 dobb .0006 Kp1.0            6 | 0.031 0.017 0.009 0.015    | 0.65 +0.41 0.362  |   2.80  | 0.024   16.1  1 0.060          | 0.46 0.54 +0.46  61.2 +5.35     |  5.70  4 0.286 +0.114 0.334 0.51
  R5 dobb .0006 Kp1.0            8 | 0.051 0.020 0.014 0.023    | 0.63 +0.51 0.371  |   2.16  | 0.025   10.8  1 0.068          | 0.48 0.55 +0.46  38.3 +3.10     |  4.33  2 0.288 +0.115 0.312 0.44
  R5 dobb .0006 Kp1.0           12 | 0.081 0.011 0.016 0.034    | 0.60 +0.62 0.371  |   1.44  | 0.027    6.5  1 0.076          | 0.48 0.54 +0.52  22.1 +1.64     |  3.11  2 0.400 +0.160 0.293 0.35
  R5 dobb .0006 Kp1.0           19 | 0.144 0.001 0.039 0.057    | 0.58 +0.56 0.363  |   0.85  | 0.033    4.3  0 0.094          | 0.52 0.58 +0.58  10.8 +0.83     |  2.89  1 0.285 +0.114 0.299 0.19
  R5 dobb .0006 Kp1.0           26 | 0.152 0.013 0.027 0.067    | 0.56 +0.46 0.350  |   0.23  | 0.029    3.5  0 0.100          | 0.53 0.58 +0.59   7.4 +0.52     |  3.44  0 0.329 +0.132 0.296 0.15
  R5 dobb .0006 DOB.6            6 | 0.033 0.026 0.002 0.016    | 0.65 +0.41 0.363  |   2.77  | 0.024   15.0  1 0.061          | 0.46 0.55 +0.42  59.7 +4.96     |  5.57  4 0.282 +0.113 0.331 0.60
  R5 dobb .0006 DOB.6            8 | 0.051 0.036 0.003 0.025    | 0.63 +0.51 0.371  |   2.19  | 0.026    9.9  1 0.069          | 0.48 0.55 +0.42  37.1 +2.80     |  3.97  2 0.284 +0.114 0.308 0.48
  R5 dobb .0006 DOB.6           12 | 0.082 0.030 0.006 0.037    | 0.60 +0.61 0.369  |   1.25  | 0.028    5.9  1 0.077          | 0.48 0.54 +0.46  21.3 +1.43     |  2.86  3 0.390 +0.156 0.287 0.35
  R5 dobb .0006 DOB.6           19 | 0.148 0.036 0.044 0.062    | 0.58 +0.54 0.360  |   0.52  | 0.036    3.9  0 0.096          | 0.52 0.58 +0.47  10.5 +0.67     |  2.55  0 0.249 +0.100 0.288 0.17
  R5 dobb .0006 DOB.6           26 | 0.155 0.021 0.045 0.070    | 0.56 +0.43 0.345  |   0.05  | 0.032    3.6  0 0.102          | 0.53 0.58 +0.53   7.2 +0.48     |  3.13  0 0.331 +0.132 0.295 0.18
  R5 dobb .0006 DOB1.0           6 | 0.029 0.008 0.009 0.013    | 0.65 +0.40 0.361  |   2.59  | 0.023   17.0  1 0.059          | 0.46 0.54 +0.48  62.9 +5.65     |  5.99  4 0.282 +0.113 0.332 0.49
  R5 dobb .0006 DOB1.0           8 | 0.048 0.003 0.015 0.021    | 0.63 +0.51 0.369  |   1.88  | 0.024   11.6  1 0.066          | 0.47 0.54 +0.50  39.8 +3.36     |  4.67  3 0.284 +0.114 0.314 0.41
  R5 dobb .0006 DOB1.0          12 | 0.075 0.000 0.019 0.030    | 0.59 +0.62 0.370  |   1.01  | 0.026    7.1  1 0.073          | 0.47 0.53 +0.58  23.3 +1.81     |  3.62  3 0.382 +0.153 0.294 0.32
  R5 dobb .0006 DOB1.0          19 | 0.135 0.040 0.002 0.052    | 0.58 +0.56 0.361  |   0.72  | 0.029    4.7  0 0.089          | 0.51 0.56 +0.68  12.2 +0.97     |  3.36  1 0.240 +0.096 0.295 0.14
  R5 dobb .0006 DOB1.0          26 | 0.101 0.047 0.014 0.063    | 0.56 +0.45 0.346  |   0.38  | 0.028    3.6  0 0.094          | 0.52 0.56 +0.72   8.5 +0.64     |  3.85  0 0.352 +0.144 0.288 0.13

======================================================================================================================================================
WORLD mode (b .0006, J 1e-4) | hold NEED x1.5
  cfg                            v | T1 dist |e| .5 1 2 s, rms  | T2 rise ov rms     | T3 pkpk | T5 rms e, pk rate, dwells, max|e| | T7 t50 t90 ov pk-rate past     | T8 mode-rms bursts max|e|hold ov rms-e damp
  R4-flown                       6 | 0.030 0.032 0.029 0.026    | 0.70 +0.11 0.370  |   1.82  | 0.070    9.9  1 0.093          | 0.48 0.58 +0.07  48.0 +0.85     |  5.22  2 0.212 -0.049 0.419 0.68
  R4-flown                       8 | 0.048 0.049 0.044 0.040    | 0.68 +0.15 0.373  |   1.38  | 0.076    5.7  1 0.098          | 0.49 0.60 +0.01  29.0 +0.09     |  3.57  2 0.249 -0.080 0.418 0.57
  R4-flown                      12 | 0.073 0.066 0.040 0.046    | 0.66 +0.14 0.360  |   0.23  | 0.065    3.5  0 0.084          | 0.50 0.59 +0.00  16.1 +0.00     |  2.39  2 0.173 -0.039 0.411 0.49
  R4-flown                      19 | 0.127 0.085 0.012 0.060    | 0.64 +0.13 0.347  |   0.35  | 0.054    3.5  0 0.105          | 0.55 0.70 +0.08   7.7 +0.12     |  2.12  0 0.066 +0.004 0.393 0.51
  R4-flown                      26 | 0.145 0.077 0.008 0.068    | 0.63 +0.06 0.341  |   0.07  | 0.056    3.6  0 0.113          | 0.56 0.72 +0.10   4.9 +0.09     |  1.88  0 0.114 +0.003 0.405 0.35
  R5 dobb ident                  6 | 0.024 0.014 0.000 0.011    | 0.72 +0.02 0.350  |   1.03  | 0.037   13.1  1 0.060          | 0.47 0.57 +0.08  50.3 +0.95     |  8.19  2 0.124 +0.035 0.483 0.54
  R5 dobb ident                  8 | 0.040 0.016 0.001 0.017    | 0.69 +0.05 0.347  |   0.51  | 0.037    8.7  1 0.067          | 0.48 0.57 +0.09  32.0 +0.57     |  4.70  2 0.071 +0.028 0.451 0.55
  R5 dobb ident                 12 | 0.055 0.018 0.008 0.023    | 0.72 +0.04 0.348  |   0.84  | 0.043    5.1  1 0.075          | 0.48 0.56 +0.03  17.8 +0.09     |  6.17  3 0.239 +0.041 0.503 0.64
  R5 dobb ident                 19 | 0.090 0.012 0.013 0.038    | 0.71 +0.06 0.343  |   0.18  | 0.039    3.4  0 0.092          | 0.52 0.59 +0.09   9.3 +0.12     |  4.25  0 0.143 +0.049 0.459 0.61
  R5 dobb ident                 26 | 0.063 0.014 0.009 0.045    | 1.13 +0.04 0.339  |   0.10  | 0.037    3.3  0 0.097          | 0.53 0.59 +0.21   6.3 +0.19     |  3.01  0 0.124 +0.036 0.443 0.56
  R5 dobb .0006                  6 | 0.026 0.017 0.001 0.013    | 0.69 +0.17 0.348  |   1.90  | 0.030   13.6  1 0.060          | 0.47 0.56 +0.20  52.7 +2.29     |  5.90  3 0.288 +0.115 0.375 0.55
  R5 dobb .0006                  8 | 0.042 0.021 0.003 0.019    | 0.67 +0.23 0.349  |   1.57  | 0.031    9.0  1 0.067          | 0.48 0.56 +0.19  33.0 +1.28     |  4.27  2 0.278 +0.111 0.353 0.56
  R5 dobb .0006                 12 | 0.062 0.022 0.003 0.028    | 0.65 +0.23 0.342  |   0.86  | 0.032    5.3  1 0.075          | 0.48 0.55 +0.20  18.5 +0.62     |  3.20  3 0.340 +0.136 0.332 0.55
  R5 dobb .0006                 19 | 0.109 0.029 0.007 0.048    | 0.63 +0.18 0.340  |   0.56  | 0.037    3.5  0 0.092          | 0.52 0.59 +0.28   9.4 +0.40     |  2.69  0 0.239 +0.095 0.342 0.57
  R5 dobb .0006                 26 | 0.124 0.001 0.014 0.053    | 0.62 +0.11 0.335  |   0.07  | 0.039    3.6  0 0.097          | 0.53 0.59 +0.34   6.4 +0.30     |  2.03  0 0.153 +0.061 0.344 0.54
  R5 dobb .0010                  6 | 0.026 0.016 0.001 0.012    | 0.69 +0.10 0.347  |   1.32  | 0.032   13.4  1 0.060          | 0.47 0.56 +0.15  51.9 +1.79     |  5.98  2 0.150 +0.060 0.404 0.55
  R5 dobb .0010                  8 | 0.041 0.020 0.002 0.018    | 0.68 +0.16 0.346  |   1.21  | 0.032    8.9  1 0.067          | 0.48 0.57 +0.16  32.7 +1.04     |  4.17  2 0.158 +0.063 0.375 0.56
  R5 dobb .0010                 12 | 0.063 0.022 0.003 0.027    | 0.65 +0.18 0.340  |   0.71  | 0.034    5.3  1 0.075          | 0.48 0.55 +0.18  18.4 +0.56     |  3.09  3 0.244 +0.097 0.341 0.57
  R5 dobb .0010                 19 | 0.111 0.017 0.027 0.045    | 0.63 +0.14 0.339  |   0.60  | 0.038    3.5  0 0.092          | 0.52 0.59 +0.26   9.4 +0.36     |  2.89  0 0.191 +0.076 0.351 0.57
  R5 dobb .0010                 26 | 0.115 0.002 0.017 0.052    | 0.63 +0.08 0.335  |   0.21  | 0.039    3.6  0 0.097          | 0.53 0.59 +0.32   6.4 +0.29     |  2.10  0 0.129 +0.051 0.352 0.53
  R5 dobb .0006 Kv1e-3 rc.01     6 | 0.023 0.019 0.001 0.012    | 0.69 +0.12 0.345  |   1.55  | 0.029   11.6  1 0.057          | 0.46 0.56 +0.14  48.1 +1.66     |  4.76  2 0.224 +0.090 0.374 0.59
  R5 dobb .0006 Kv1e-3 rc.01     8 | 0.036 0.028 0.002 0.018    | 0.68 +0.18 0.346  |   1.38  | 0.030    7.6  1 0.065          | 0.47 0.57 +0.14  30.0 +0.93     |  3.15  2 0.230 +0.092 0.347 0.57
  R5 dobb .0006 Kv1e-3 rc.01    12 | 0.058 0.027 0.003 0.027    | 0.65 +0.20 0.341  |   0.87  | 0.032    4.6  0 0.073          | 0.47 0.55 +0.16  16.9 +0.50     |  1.99  3 0.318 +0.127 0.320 0.62
  R5 dobb .0006 Kv1e-3 rc.01    19 | 0.106 0.028 0.007 0.047    | 0.64 +0.17 0.339  |   0.36  | 0.036    3.5  0 0.091          | 0.52 0.59 +0.29   9.2 +0.41     |  2.02  0 0.232 +0.093 0.341 0.57
  R5 dobb .0006 Kv1e-3 rc.01    26 | 0.113 0.024 0.009 0.056    | 0.63 +0.11 0.335  |   0.17  | 0.038    3.6  0 0.097          | 0.53 0.59 +0.36   6.3 +0.32     |  1.81  0 0.156 +0.062 0.345 0.52
  R5 dobb .0006 Kv1e-3 rc.03     6 | 0.024 0.019 0.001 0.012    | 0.69 +0.12 0.345  |   1.59  | 0.029   12.5  1 0.058          | 0.46 0.56 +0.14  49.9 +1.68     |  5.48  2 0.223 +0.089 0.373 0.58
  R5 dobb .0006 Kv1e-3 rc.03     8 | 0.038 0.025 0.002 0.018    | 0.67 +0.18 0.346  |   1.24  | 0.030    8.2  1 0.065          | 0.47 0.56 +0.15  31.5 +1.02     |  3.63  2 0.229 +0.092 0.347 0.56
  R5 dobb .0006 Kv1e-3 rc.03    12 | 0.060 0.024 0.003 0.028    | 0.65 +0.20 0.340  |   0.74  | 0.032    4.9  0 0.073          | 0.47 0.55 +0.16  17.9 +0.52     |  2.76  4 0.315 +0.126 0.325 0.60
  R5 dobb .0006 Kv1e-3 rc.03    19 | 0.105 0.028 0.007 0.047    | 0.64 +0.16 0.339  |   0.41  | 0.037    3.5  0 0.091          | 0.52 0.58 +0.26   9.5 +0.38     |  2.36  0 0.233 +0.093 0.339 0.56
  R5 dobb .0006 Kv1e-3 rc.03    26 | 0.112 0.023 0.009 0.057    | 0.63 +0.11 0.335  |   0.10  | 0.039    3.6  0 0.097          | 0.53 0.59 +0.35   6.4 +0.31     |  1.86  0 0.153 +0.061 0.345 0.52
  R5 dobb .0006 Kp1.0            6 | 0.027 0.017 0.002 0.013    | 0.69 +0.17 0.348  |   2.05  | 0.029   13.6  1 0.060          | 0.47 0.56 +0.19  52.6 +2.28     |  5.76  3 0.295 +0.118 0.376 0.55
  R5 dobb .0006 Kp1.0            8 | 0.042 0.023 0.003 0.020    | 0.67 +0.23 0.349  |   1.71  | 0.031    9.0  1 0.068          | 0.48 0.57 +0.20  32.8 +1.34     |  4.18  2 0.283 +0.113 0.354 0.57
  R5 dobb .0006 Kp1.0           12 | 0.064 0.023 0.004 0.029    | 0.65 +0.22 0.342  |   1.03  | 0.033    5.2  1 0.076          | 0.48 0.56 +0.19  18.3 +0.59     |  3.01  3 0.355 +0.142 0.332 0.58
  R5 dobb .0006 Kp1.0           19 | 0.113 0.031 0.009 0.050    | 0.63 +0.17 0.341  |   0.47  | 0.038    3.5  0 0.094          | 0.53 0.60 +0.28   9.0 +0.40     |  2.73  0 0.244 +0.098 0.345 0.56
  R5 dobb .0006 Kp1.0           26 | 0.139 0.011 0.028 0.057    | 0.63 +0.10 0.336  |   0.07  | 0.040    3.6  0 0.100          | 0.54 0.61 +0.33   6.0 +0.29     |  1.81  0 0.161 +0.064 0.348 0.55
  R5 dobb .0006 DOB.6            6 | 0.028 0.023 0.000 0.013    | 0.69 +0.15 0.348  |   2.06  | 0.032   12.6  1 0.061          | 0.47 0.57 +0.16  51.2 +1.89     |  5.41  3 0.258 +0.103 0.382 0.52
  R5 dobb .0006 DOB.6            8 | 0.043 0.034 0.000 0.021    | 0.67 +0.21 0.348  |   1.61  | 0.033    8.2  1 0.069          | 0.48 0.57 +0.15  31.8 +0.99     |  3.87  2 0.242 +0.097 0.358 0.54
  R5 dobb .0006 DOB.6           12 | 0.065 0.041 0.000 0.030    | 0.65 +0.20 0.341  |   1.02  | 0.035    4.7  0 0.077          | 0.49 0.56 +0.15  17.7 +0.46     |  2.60  3 0.290 +0.116 0.335 0.58
  R5 dobb .0006 DOB.6           19 | 0.116 0.047 0.004 0.052    | 0.64 +0.15 0.340  |   0.37  | 0.041    3.5  0 0.096          | 0.53 0.60 +0.24   8.7 +0.34     |  2.28  0 0.183 +0.073 0.347 0.58
  R5 dobb .0006 DOB.6           26 | 0.136 0.044 0.007 0.064    | 0.63 +0.08 0.335  |   0.05  | 0.043    3.6  0 0.102          | 0.54 0.61 +0.29   5.9 +0.26     |  1.84  0 0.104 +0.042 0.359 0.52
  R5 dobb .0006 DOB1.0           6 | 0.025 0.011 0.002 0.012    | 0.68 +0.19 0.349  |   1.91  | 0.028   14.5  1 0.059          | 0.47 0.56 +0.22  54.1 +2.63     |  6.19  3 0.298 +0.119 0.370 0.54
  R5 dobb .0006 DOB1.0           8 | 0.041 0.012 0.003 0.018    | 0.67 +0.25 0.349  |   1.51  | 0.029    9.7  1 0.066          | 0.48 0.56 +0.24  34.2 +1.59     |  4.61  2 0.290 +0.116 0.350 0.57
  R5 dobb .0006 DOB1.0          12 | 0.059 0.014 0.004 0.026    | 0.64 +0.25 0.342  |   0.70  | 0.030    5.8  1 0.073          | 0.48 0.54 +0.26  19.3 +0.81     |  3.67  4 0.359 +0.144 0.329 0.55
  R5 dobb .0006 DOB1.0          19 | 0.106 0.001 0.019 0.042    | 0.62 +0.20 0.340  |   0.69  | 0.034    3.8  0 0.089          | 0.52 0.57 +0.37  10.1 +0.53     |  3.27  1 0.259 +0.104 0.337 0.50
  R5 dobb .0006 DOB1.0          26 | 0.097 0.010 0.009 0.050    | 0.62 +0.13 0.335  |   0.12  | 0.036    3.6  0 0.094          | 0.52 0.58 +0.37   6.9 +0.33     |  2.37  0 0.177 +0.071 0.337 0.51

======================================================================================================================================================
WORLD ident (b F1, J 1e-4) | hold NEED x1.0
  cfg                            v | T1 dist |e| .5 1 2 s, rms  | T2 rise ov rms     | T3 pkpk | T5 rms e, pk rate, dwells, max|e| | T7 t50 t90 ov pk-rate past     | T8 mode-rms bursts max|e|hold ov rms-e damp
  R4-flown                       6 | 0.026 0.031 0.032 0.028    | 0.81 +0.13 0.368  |   0.96  | 0.040    9.7  1 0.068          | 0.53 0.72 +0.08  34.4 +0.93     |  2.39  2 0.247 +0.099 0.506 0.83
  R4-flown                       8 | 0.042 0.049 0.050 0.044    | 0.77 +0.18 0.368  |   0.94  | 0.045    5.7  0 0.078          | 0.54 0.75 +0.09  20.5 +0.57     |  1.62  2 0.194 +0.077 0.470 0.82
  R4-flown                      12 | 0.052 0.065 0.056 0.048    | 0.84 +0.14 0.380  |   0.04  | 0.048    3.6  0 0.091          | 0.61 1.20 +0.21   7.5 +0.65     |  0.57  1 0.379 +0.151 0.505 0.85
  R4-flown                      19 | 0.094 0.104 0.033 0.059    | 0.78 +0.27 0.385  |   0.92  | 0.049    3.6  0 0.108          | 0.67 1.46 +0.48   3.6 +0.69     |  0.41  0 0.453 +0.181 0.442 0.84
  R4-flown                      26 | 0.119 0.117 0.021 0.066    | 0.75 +0.27 0.380  |   0.42  | 0.052    3.6  0 0.116          | 0.70 1.68 -0.00   1.9 -0.00     |  0.30  0 0.371 +0.148 0.408 0.85
  R5 dobb ident                  6 | 0.020 0.018 0.001 0.012    | 0.80 +0.11 0.365  |   1.22  | 0.032   11.6  1 0.062          | 0.52 0.67 +0.17  37.3 +2.00     |  2.58  2 0.134 +0.054 0.486 0.38
  R5 dobb ident                  8 | 0.032 0.028 0.003 0.018    | 0.76 +0.18 0.364  |   1.27  | 0.032    7.6  1 0.069          | 0.52 0.66 +0.20  23.2 +1.36     |  1.82  2 0.147 +0.059 0.437 0.09
  R5 dobb ident                 12 | 0.041 0.034 0.004 0.022    | 0.83 +0.10 0.370  |   0.19  | 0.038    3.6  0 0.078          | 0.57 0.78 +0.22   8.7 +0.69     |  0.61  1 0.136 +0.054 0.510 0.03
  R5 dobb ident                 19 | 0.081 0.052 0.007 0.040    | 0.77 +0.16 0.370  |   0.38  | 0.040    3.6  0 0.094          | 0.62 0.81 +0.37   4.0 +0.53     |  0.43  0 0.208 +0.083 0.437 0.05
  R5 dobb ident                 26 | 0.101 0.051 0.032 0.042    | 0.74 +0.19 0.367  |   0.08  | 0.040    3.6  0 0.099          | 0.62 0.80 +0.47   3.6 +0.42     |  0.38  0 0.207 +0.083 0.421 0.06
  R5 dobb .0006                  6 | 0.021 0.021 0.005 0.013    | 0.77 +0.37 0.391  |   3.68  | 0.026   13.7  1 0.062          | 0.52 0.65 +0.38  38.9 +4.47     |  2.64  4 0.550 +0.220 0.448 0.27
  R5 dobb .0006                  8 | 0.035 0.031 0.009 0.020    | 0.73 +0.43 0.395  |   2.69  | 0.027    8.7  1 0.069          | 0.52 0.65 +0.39  23.9 +2.62     |  2.03  2 0.514 +0.206 0.416 0.21
  R5 dobb .0006                 12 | 0.045 0.043 0.008 0.028    | 0.77 +0.49 0.423  |   2.34  | 0.030    4.3  0 0.078          | 0.57 0.72 +0.43   9.1 +1.36     |  0.83  2 0.843 +0.337 0.500 0.17
  R5 dobb .0006                 19 | 0.087 0.068 0.025 0.048    | 0.74 +0.48 0.410  |   0.67  | 0.036    3.5  0 0.094          | 0.61 0.76 +0.58   4.1 +0.82     |  0.54  0 0.648 +0.259 0.458 0.19
  R5 dobb .0006                 26 | 0.112 0.080 0.045 0.056    | 0.72 +0.46 0.400  |   0.51  | 0.038    3.6  0 0.099          | 0.62 0.76 +0.66   3.5 +0.59     |  0.35  0 0.483 +0.193 0.402 0.19
  R5 dobb .0010                  6 | 0.020 0.020 0.003 0.013    | 0.77 +0.27 0.377  |   2.72  | 0.028   12.9  1 0.062          | 0.52 0.65 +0.30  38.3 +3.54     |  2.65  3 0.372 +0.149 0.440 0.21
  R5 dobb .0010                  8 | 0.034 0.031 0.007 0.020    | 0.74 +0.34 0.380  |   2.14  | 0.029    8.3  1 0.069          | 0.52 0.65 +0.32  23.6 +2.12     |  1.97  2 0.370 +0.148 0.404 0.18
  R5 dobb .0010                 12 | 0.044 0.041 0.006 0.027    | 0.78 +0.42 0.409  |   2.05  | 0.031    4.1  0 0.078          | 0.57 0.73 +0.40   9.1 +1.27     |  0.84  2 0.708 +0.283 0.467 0.14
  R5 dobb .0010                 19 | 0.085 0.067 0.022 0.047    | 0.74 +0.44 0.402  |   0.68  | 0.036    3.6  0 0.094          | 0.61 0.77 +0.54   4.1 +0.77     |  0.54  0 0.579 +0.232 0.437 0.17
  R5 dobb .0010                 26 | 0.110 0.072 0.037 0.054    | 0.72 +0.43 0.394  |   0.46  | 0.038    3.6  0 0.099          | 0.62 0.76 +0.64   3.5 +0.58     |  0.35  0 0.453 +0.181 0.395 0.17
  R5 dobb .0006 Kv1e-3 rc.01     6 | 0.019 0.019 0.001 0.012    | 0.76 +0.31 0.380  |   3.11  | 0.026   12.8  1 0.060          | 0.51 0.64 +0.33  38.4 +3.89     |  2.63  4 0.474 +0.190 0.432 0.24
  R5 dobb .0006 Kv1e-3 rc.01     8 | 0.031 0.030 0.006 0.020    | 0.73 +0.37 0.385  |   2.21  | 0.027    8.2  1 0.066          | 0.51 0.64 +0.34  23.3 +2.25     |  1.94  2 0.471 +0.188 0.403 0.21
  R5 dobb .0006 Kv1e-3 rc.01    12 | 0.043 0.043 0.005 0.028    | 0.77 +0.45 0.414  |   2.21  | 0.030    4.1  0 0.076          | 0.56 0.72 +0.41   9.0 +1.27     |  0.84  2 0.790 +0.316 0.475 0.16
  R5 dobb .0006 Kv1e-3 rc.01    19 | 0.084 0.066 0.023 0.047    | 0.74 +0.46 0.407  |   0.68  | 0.036    3.6  0 0.093          | 0.61 0.76 +0.55   4.0 +0.78     |  0.54  0 0.643 +0.257 0.452 0.18
  R5 dobb .0006 Kv1e-3 rc.01    26 | 0.111 0.081 0.045 0.055    | 0.72 +0.45 0.398  |   0.49  | 0.038    3.6  0 0.098          | 0.62 0.76 +0.65   3.6 +0.58     |  0.34  0 0.485 +0.194 0.400 0.18
  R5 dobb .0006 Kv1e-3 rc.03     6 | 0.019 0.019 0.001 0.012    | 0.76 +0.31 0.381  |   3.10  | 0.026   12.8  1 0.060          | 0.51 0.64 +0.33  39.1 +3.91     |  2.77  4 0.471 +0.188 0.431 0.24
  R5 dobb .0006 Kv1e-3 rc.03     8 | 0.031 0.030 0.005 0.019    | 0.73 +0.37 0.385  |   2.31  | 0.027    8.2  1 0.067          | 0.51 0.64 +0.34  23.8 +2.30     |  2.05  2 0.468 +0.187 0.401 0.22
  R5 dobb .0006 Kv1e-3 rc.03    12 | 0.042 0.043 0.005 0.028    | 0.77 +0.45 0.414  |   2.20  | 0.030    4.1  0 0.076          | 0.56 0.72 +0.41   9.2 +1.28     |  0.87  2 0.788 +0.315 0.474 0.16
  R5 dobb .0006 Kv1e-3 rc.03    19 | 0.084 0.066 0.023 0.047    | 0.74 +0.46 0.406  |   0.68  | 0.036    3.5  0 0.093          | 0.61 0.76 +0.54   4.1 +0.77     |  0.54  0 0.645 +0.258 0.451 0.18
  R5 dobb .0006 Kv1e-3 rc.03    26 | 0.111 0.074 0.039 0.055    | 0.72 +0.45 0.397  |   0.48  | 0.038    3.6  0 0.098          | 0.62 0.76 +0.65   3.6 +0.58     |  0.36  0 0.485 +0.194 0.400 0.18
  R5 dobb .0006 Kp1.0            6 | 0.021 0.021 0.005 0.014    | 0.77 +0.37 0.392  |   4.14  | 0.026   13.7  1 0.062          | 0.52 0.65 +0.38  38.7 +4.46     |  2.61  4 0.567 +0.227 0.451 0.25
  R5 dobb .0006 Kp1.0            8 | 0.035 0.032 0.009 0.021    | 0.74 +0.43 0.396  |   2.95  | 0.027    8.7  1 0.069          | 0.52 0.65 +0.38  23.7 +2.58     |  2.06  3 0.535 +0.214 0.420 0.20
  R5 dobb .0006 Kp1.0           12 | 0.046 0.046 0.009 0.030    | 0.78 +0.49 0.427  |   2.85  | 0.031    4.3  0 0.079          | 0.57 0.73 +0.44   8.9 +1.38     |  0.85  2 0.890 +0.356 0.509 0.15
  R5 dobb .0006 Kp1.0           19 | 0.089 0.075 0.027 0.051    | 0.75 +0.47 0.415  |   0.79  | 0.037    3.6  0 0.096          | 0.63 0.79 +0.58   3.9 +0.83     |  0.55  0 0.717 +0.287 0.481 0.19
  R5 dobb .0006 Kp1.0           26 | 0.113 0.086 0.039 0.060    | 0.73 +0.46 0.404  |   0.63  | 0.039    3.6  0 0.101          | 0.64 0.79 +0.69   3.6 +0.62     |  0.36  0 0.530 +0.212 0.420 0.18
  R5 dobb .0006 DOB.6            6 | 0.022 0.023 0.002 0.015    | 0.78 +0.32 0.386  |   3.55  | 0.027   13.0  1 0.063          | 0.52 0.66 +0.32  37.4 +3.73     |  2.47  4 0.557 +0.223 0.449 0.23
  R5 dobb .0006 DOB.6            8 | 0.036 0.036 0.001 0.023    | 0.74 +0.37 0.389  |   2.47  | 0.029    8.2  1 0.071          | 0.53 0.66 +0.32  22.8 +2.13     |  2.01  2 0.523 +0.209 0.416 0.22
  R5 dobb .0006 DOB.6           12 | 0.046 0.050 0.007 0.032    | 0.79 +0.40 0.413  |   2.57  | 0.033    4.0  0 0.081          | 0.58 0.76 +0.39   8.6 +1.21     |  0.75  2 0.820 +0.328 0.489 0.17
  R5 dobb .0006 DOB.6           19 | 0.089 0.081 0.012 0.054    | 0.75 +0.40 0.402  |   1.04  | 0.039    3.6  0 0.098          | 0.63 0.82 +0.53   3.7 +0.76     |  0.51  0 0.669 +0.267 0.452 0.17
  R5 dobb .0006 DOB.6           26 | 0.115 0.087 0.017 0.061    | 0.73 +0.38 0.393  |   0.45  | 0.041    3.6  0 0.104          | 0.64 0.83 +0.62   3.6 +0.55     |  0.36  0 0.516 +0.206 0.408 0.17
  R5 dobb .0006 DOB1.0           6 | 0.020 0.019 0.007 0.012    | 0.76 +0.40 0.394  |   2.06  | 0.025   14.1  1 0.061          | 0.51 0.64 +0.43  40.3 +5.04     |  2.68  4 0.528 +0.211 0.445 0.24
  R5 dobb .0006 DOB1.0           8 | 0.033 0.030 0.012 0.019    | 0.73 +0.47 0.399  |   2.22  | 0.026    9.1  1 0.067          | 0.52 0.63 +0.44  25.0 +2.96     |  1.97  4 0.491 +0.196 0.412 0.20
  R5 dobb .0006 DOB1.0          12 | 0.044 0.039 0.014 0.026    | 0.76 +0.55 0.432  |   1.25  | 0.029    4.5  0 0.076          | 0.56 0.70 +0.50   9.7 +1.57     |  0.88  2 0.831 +0.333 0.511 0.18
  R5 dobb .0006 DOB1.0          19 | 0.084 0.062 0.045 0.044    | 0.73 +0.55 0.419  |   0.88  | 0.034    3.6  0 0.090          | 0.60 0.73 +0.62   4.5 +0.89     |  0.55  0 0.600 +0.240 0.449 0.14
  R5 dobb .0006 DOB1.0          26 | 0.108 0.064 0.068 0.052    | 0.71 +0.52 0.406  |   0.42  | 0.036    3.6  0 0.095          | 0.60 0.73 +0.70   3.5 +0.63     |  0.40  0 0.435 +0.174 0.389 0.14

======================================================================================================================================================
WORLD ident (b F1, J 1e-4) | hold NEED x1.5
  cfg                            v | T1 dist |e| .5 1 2 s, rms  | T2 rise ov rms     | T3 pkpk | T5 rms e, pk rate, dwells, max|e| | T7 t50 t90 ov pk-rate past     | T8 mode-rms bursts max|e|hold ov rms-e damp
  R4-flown                       6 | 0.022 0.026 0.027 0.023    | 0.98 -0.02 0.381  |   1.52  | 0.075    7.8  1 0.097          | 0.54 1.98 -0.03  31.0 -0.34     |  2.60  2 0.375 -0.011 0.553 0.69
  R4-flown                       8 | 0.035 0.041 0.041 0.035    | 0.87 -0.03 0.380  |   0.60  | 0.080    4.5  0 0.101          | 0.56 2.21 -0.03  18.4 -0.20     |  1.75  2 0.369 -0.036 0.535 0.67
  R4-flown                      12 | 0.043 0.055 0.043 0.039    | 1.31 +0.01 0.381  |   0.90  | 0.071    2.2  0 0.093          | 0.64 1.76 +0.04   6.8 +0.14     |  0.57  1 0.328 +0.050 0.582 0.59
  R4-flown                      19 | 0.080 0.087 0.034 0.050    | 0.86 +0.02 0.372  |   0.57  | 0.058    3.6  0 0.109          | 0.71 2.08 -0.00   2.9 -0.00     |  0.32  0 0.188 +0.075 0.469 0.59
  R4-flown                      26 | 0.101 0.092 0.024 0.054    | 0.83 +0.02 0.369  |   0.01  | 0.060    3.6  0 0.116          | 0.75 2.19 -0.00   1.7 -0.00     |  0.27  0 0.091 +0.037 0.479 0.52
  R5 dobb ident                  6 | 0.018 0.016 0.002 0.010    | 0.90 +0.02 0.367  |   0.45  | 0.038   10.0  1 0.063          | 0.53 0.75 +0.08  33.7 +0.95     |  2.29  2 0.129 +0.052 0.533 0.48
  R5 dobb ident                  8 | 0.029 0.025 0.001 0.015    | 0.82 +0.03 0.363  |   0.84  | 0.038    6.4  1 0.069          | 0.53 0.75 +0.12  20.9 +0.81     |  1.50  2 0.124 +0.049 0.486 0.50
  R5 dobb ident                 12 | 0.036 0.031 0.001 0.019    | 0.96 +0.05 0.374  |   0.37  | 0.043    3.6  0 0.078          | 0.59 1.04 +0.21   7.9 +0.66     |  0.58  1 0.170 +0.057 0.576 0.41
  R5 dobb ident                 19 | 0.069 0.044 0.015 0.031    | 0.86 +0.04 0.370  |   0.10  | 0.045    3.6  0 0.094          | 0.64 1.09 +0.36   3.6 +0.51     |  0.42  0 0.156 +0.062 0.509 0.48
  R5 dobb ident                 26 | 0.091 0.041 0.015 0.036    | 0.81 +0.03 0.366  |   0.05  | 0.045    3.6  0 0.099          | 0.64 1.18 +0.47   3.6 +0.42     |  0.34  0 0.136 +0.055 0.485 0.47
  R5 dobb .0006                  6 | 0.018 0.018 0.000 0.012    | 0.82 +0.20 0.373  |   2.58  | 0.031   11.6  1 0.063          | 0.53 0.70 +0.20  35.1 +2.39     |  2.42  2 0.343 +0.137 0.449 0.51
  R5 dobb .0006                  8 | 0.030 0.028 0.002 0.018    | 0.78 +0.22 0.372  |   2.14  | 0.032    7.3  1 0.069          | 0.53 0.70 +0.21  21.4 +1.44     |  2.01  2 0.477 +0.191 0.432 0.51
  R5 dobb .0006                 12 | 0.040 0.038 0.002 0.024    | 0.83 +0.26 0.387  |   1.93  | 0.035    3.6  0 0.078          | 0.58 0.79 +0.29   8.2 +0.90     |  0.73  2 0.725 +0.290 0.484 0.47
  R5 dobb .0006                 19 | 0.076 0.058 0.008 0.041    | 0.79 +0.25 0.382  |   0.73  | 0.039    3.6  0 0.094          | 0.63 0.83 +0.43   3.7 +0.62     |  0.45  0 0.537 +0.215 0.450 0.43
  R5 dobb .0006                 26 | 0.098 0.055 0.036 0.042    | 0.76 +0.23 0.376  |   0.27  | 0.040    3.6  0 0.099          | 0.64 0.84 +0.53   3.6 +0.47     |  0.30  0 0.378 +0.151 0.419 0.42
  R5 dobb .0010                  6 | 0.018 0.018 0.000 0.011    | 0.84 +0.12 0.369  |   1.84  | 0.033   11.0  1 0.063          | 0.53 0.71 +0.15  34.6 +1.74     |  2.49  2 0.341 +0.136 0.471 0.57
  R5 dobb .0010                  8 | 0.030 0.027 0.001 0.017    | 0.79 +0.15 0.367  |   1.67  | 0.034    7.0  1 0.069          | 0.53 0.71 +0.17  21.2 +1.15     |  1.85  2 0.336 +0.135 0.437 0.57
  R5 dobb .0010                 12 | 0.039 0.038 0.004 0.024    | 0.84 +0.21 0.382  |   1.45  | 0.036    3.6  0 0.078          | 0.58 0.80 +0.26   8.2 +0.83     |  0.63  2 0.604 +0.241 0.472 0.48
  R5 dobb .0010                 19 | 0.074 0.055 0.004 0.039    | 0.80 +0.22 0.379  |   0.75  | 0.039    3.6  0 0.094          | 0.63 0.84 +0.42   3.6 +0.60     |  0.41  0 0.476 +0.191 0.445 0.44
  R5 dobb .0010                 26 | 0.099 0.051 0.033 0.042    | 0.77 +0.21 0.374  |   0.25  | 0.041    3.6  0 0.099          | 0.64 0.85 +0.51   3.6 +0.46     |  0.31  0 0.348 +0.139 0.420 0.42
  R5 dobb .0006 Kv1e-3 rc.01     6 | 0.017 0.017 0.002 0.011    | 0.82 +0.16 0.368  |   1.91  | 0.031   11.0  1 0.060          | 0.52 0.70 +0.17  35.0 +1.98     |  2.30  2 0.300 +0.120 0.448 0.53
  R5 dobb .0006 Kv1e-3 rc.01     8 | 0.027 0.027 0.001 0.017    | 0.78 +0.19 0.367  |   1.75  | 0.032    6.9  1 0.067          | 0.52 0.70 +0.19  21.1 +1.27     |  1.75  2 0.416 +0.166 0.423 0.54
  R5 dobb .0006 Kv1e-3 rc.01    12 | 0.038 0.037 0.006 0.023    | 0.83 +0.23 0.383  |   1.57  | 0.035    3.6  0 0.077          | 0.57 0.79 +0.27   8.1 +0.86     |  0.65  2 0.667 +0.267 0.468 0.48
  R5 dobb .0006 Kv1e-3 rc.01    19 | 0.074 0.057 0.002 0.039    | 0.79 +0.24 0.380  |   0.75  | 0.039    3.6  0 0.093          | 0.62 0.84 +0.42   3.6 +0.60     |  0.42  0 0.527 +0.211 0.445 0.44
  R5 dobb .0006 Kv1e-3 rc.01    26 | 0.097 0.051 0.034 0.042    | 0.76 +0.22 0.375  |   0.25  | 0.040    3.6  0 0.098          | 0.64 0.84 +0.52   3.6 +0.46     |  0.29  0 0.376 +0.150 0.418 0.42
  R5 dobb .0006 Kv1e-3 rc.03     6 | 0.017 0.017 0.002 0.011    | 0.81 +0.16 0.368  |   1.92  | 0.031   11.0  1 0.060          | 0.52 0.69 +0.18  35.4 +2.07     |  2.44  2 0.298 +0.119 0.448 0.53
  R5 dobb .0006 Kv1e-3 rc.03     8 | 0.027 0.027 0.001 0.017    | 0.78 +0.19 0.367  |   1.75  | 0.032    6.9  1 0.067          | 0.52 0.69 +0.19  21.5 +1.26     |  1.90  2 0.413 +0.165 0.422 0.54
  R5 dobb .0006 Kv1e-3 rc.03    12 | 0.038 0.037 0.006 0.023    | 0.83 +0.23 0.383  |   1.61  | 0.035    3.6  0 0.076          | 0.57 0.79 +0.27   8.3 +0.86     |  0.68  2 0.668 +0.267 0.468 0.48
  R5 dobb .0006 Kv1e-3 rc.03    19 | 0.073 0.057 0.002 0.039    | 0.79 +0.24 0.380  |   0.75  | 0.039    3.6  0 0.093          | 0.62 0.84 +0.42   3.7 +0.60     |  0.43  0 0.526 +0.210 0.444 0.43
  R5 dobb .0006 Kv1e-3 rc.03    26 | 0.097 0.055 0.035 0.042    | 0.76 +0.22 0.375  |   0.28  | 0.040    3.6  0 0.098          | 0.63 0.84 +0.52   3.6 +0.46     |  0.30  0 0.376 +0.150 0.418 0.42
  R5 dobb .0006 Kp1.0            6 | 0.018 0.018 0.000 0.012    | 0.82 +0.20 0.374  |   2.84  | 0.031   11.6  1 0.063          | 0.53 0.70 +0.20  34.9 +2.30     |  2.35  2 0.357 +0.143 0.451 0.51
  R5 dobb .0006 Kp1.0            8 | 0.031 0.029 0.003 0.018    | 0.78 +0.22 0.372  |   2.38  | 0.032    7.3  1 0.070          | 0.53 0.70 +0.20  21.2 +1.37     |  1.95  2 0.494 +0.198 0.435 0.52
  R5 dobb .0006 Kp1.0           12 | 0.040 0.039 0.004 0.025    | 0.84 +0.25 0.389  |   2.17  | 0.036    3.6  0 0.079          | 0.59 0.81 +0.29   8.0 +0.92     |  0.63  2 0.757 +0.303 0.489 0.47
  R5 dobb .0006 Kp1.0           19 | 0.078 0.062 0.007 0.043    | 0.80 +0.24 0.384  |   0.89  | 0.040    3.6  0 0.096          | 0.64 0.87 +0.45   3.6 +0.64     |  0.38  0 0.574 +0.229 0.460 0.45
  R5 dobb .0006 Kp1.0           26 | 0.102 0.062 0.039 0.045    | 0.78 +0.22 0.378  |   0.37  | 0.042    3.6  0 0.102          | 0.66 0.89 +0.54   3.6 +0.48     |  0.30  0 0.400 +0.160 0.429 0.42
  R5 dobb .0006 DOB.6            6 | 0.019 0.021 0.006 0.012    | 0.84 +0.14 0.371  |   1.95  | 0.033   10.9  1 0.064          | 0.53 0.73 +0.14  33.7 +1.67     |  2.39  2 0.353 +0.141 0.464 0.55
  R5 dobb .0006 DOB.6            8 | 0.030 0.031 0.007 0.019    | 0.80 +0.15 0.368  |   1.73  | 0.035    6.8  1 0.071          | 0.54 0.74 +0.17  20.5 +1.11     |  1.64  2 0.436 +0.174 0.438 0.56
  R5 dobb .0006 DOB.6           12 | 0.040 0.043 0.015 0.025    | 0.86 +0.17 0.382  |   1.50  | 0.039    3.6  0 0.081          | 0.60 0.88 +0.26   7.7 +0.81     |  0.56  2 0.644 +0.258 0.484 0.51
  R5 dobb .0006 DOB.6           19 | 0.076 0.068 0.010 0.041    | 0.81 +0.16 0.377  |   0.82  | 0.043    3.6  0 0.098          | 0.65 0.97 +0.43   3.6 +0.62     |  0.39  0 0.478 +0.191 0.451 0.49
  R5 dobb .0006 DOB.6           26 | 0.098 0.073 0.021 0.046    | 0.78 +0.15 0.371  |   0.39  | 0.045    3.6  0 0.104          | 0.66 1.06 +0.53   3.6 +0.47     |  0.29  0 0.331 +0.132 0.427 0.42
  R5 dobb .0006 DOB1.0           6 | 0.018 0.017 0.003 0.011    | 0.80 +0.24 0.376  |   2.55  | 0.030   12.1  1 0.061          | 0.52 0.68 +0.25  36.4 +2.91     |  2.66  2 0.335 +0.134 0.440 0.48
  R5 dobb .0006 DOB1.0           8 | 0.030 0.025 0.005 0.017    | 0.77 +0.28 0.375  |   2.10  | 0.030    7.7  1 0.068          | 0.53 0.67 +0.25  22.4 +1.69     |  2.10  2 0.487 +0.195 0.429 0.45
  R5 dobb .0006 DOB1.0          12 | 0.039 0.034 0.005 0.022    | 0.81 +0.33 0.393  |   1.70  | 0.033    3.8  0 0.076          | 0.57 0.75 +0.32   8.7 +1.02     |  0.79  2 0.758 +0.303 0.492 0.42
  R5 dobb .0006 DOB1.0          19 | 0.074 0.049 0.014 0.037    | 0.77 +0.32 0.386  |   0.75  | 0.036    3.6  0 0.090          | 0.61 0.78 +0.46   4.0 +0.66     |  0.51  0 0.553 +0.221 0.449 0.37
  R5 dobb .0006 DOB1.0          26 | 0.096 0.047 0.021 0.043    | 0.75 +0.29 0.379  |   0.10  | 0.037    3.6  0 0.095          | 0.62 0.77 +0.55   3.6 +0.49     |  0.32  0 0.390 +0.156 0.409 0.37

======================================================================================================================================================
WORLD ident, delays x1.5 | hold NEED x1.0
  cfg                            v | T1 dist |e| .5 1 2 s, rms  | T2 rise ov rms     | T3 pkpk | T5 rms e, pk rate, dwells, max|e| | T7 t50 t90 ov pk-rate past     | T8 mode-rms bursts max|e|hold ov rms-e damp
  R4-flown                       6 | 0.026 0.031 0.033 0.028    | 0.82 +0.15 0.378  |   0.84  | 0.040    9.9  1 0.070          | 0.56 0.73 +0.08  36.0 +0.97     |  2.67  2 0.282 +0.113 0.520 0.83
  R4-flown                       8 | 0.042 0.050 0.051 0.044    | 0.78 +0.20 0.378  |   0.83  | 0.046    5.8  0 0.080          | 0.57 0.75 +0.09  21.6 +0.60     |  1.80  2 0.230 +0.092 0.483 0.82
  R4-flown                      12 | 0.053 0.066 0.058 0.048    | 0.85 +0.17 0.391  |   0.20  | 0.049    3.6  0 0.094          | 0.63 1.16 +0.21   7.8 +0.67     |  0.61  2 0.430 +0.172 0.519 0.84
  R4-flown                      19 | 0.093 0.107 0.036 0.061    | 0.79 +0.32 0.400  |   1.00  | 0.050    3.6  0 0.111          | 0.70 1.15 +0.50   3.6 +0.72     |  0.46  0 0.524 +0.209 0.473 0.85
  R4-flown                      26 | 0.122 0.123 0.018 0.068    | 0.77 +0.32 0.394  |   0.45  | 0.053    3.6  0 0.118          | 0.72 1.67 -0.00   2.0 -0.00     |  0.31  0 0.425 +0.170 0.432 0.86
  R5 dobb ident                  6 | 0.021 0.019 0.002 0.012    | 0.79 +0.16 0.374  |   1.35  | 0.032   12.1  1 0.065          | 0.54 0.67 +0.21  40.3 +2.45     |  2.87  2 0.147 +0.059 0.489 0.29
  R5 dobb ident                  8 | 0.035 0.030 0.005 0.019    | 0.76 +0.24 0.375  |   1.42  | 0.032    7.9  1 0.072          | 0.55 0.66 +0.25  25.2 +1.67     |  2.10  2 0.168 +0.067 0.441 0.13
  R5 dobb ident                 12 | 0.043 0.037 0.000 0.024    | 0.82 +0.15 0.379  |   0.58  | 0.038    3.7  0 0.081          | 0.59 0.77 +0.24   9.4 +0.75     |  0.72  2 0.143 +0.057 0.511 0.04
  R5 dobb ident                 19 | 0.084 0.060 0.009 0.041    | 0.78 +0.24 0.381  |   0.34  | 0.041    3.6  0 0.097          | 0.64 0.80 +0.40   4.3 +0.57     |  0.43  0 0.237 +0.095 0.444 0.03
  R5 dobb ident                 26 | 0.109 0.065 0.010 0.049    | 0.75 +0.27 0.379  |   0.18  | 0.041    3.6  0 0.102          | 0.65 0.80 +0.52   3.5 +0.46     |  0.30  0 0.248 +0.099 0.417 0.04
  R5 dobb .0006                  6 | 0.022 0.022 0.007 0.014    | 0.77 +0.43 0.408  |   3.30  | 0.026   14.3  1 0.065          | 0.54 0.66 +0.44  41.6 +5.09     |  2.77  4 0.603 +0.241 0.473 0.29
  R5 dobb .0006                  8 | 0.037 0.034 0.012 0.022    | 0.75 +0.50 0.415  |   2.64  | 0.028    9.1  1 0.072          | 0.55 0.66 +0.44  25.8 +2.96     |  2.22  4 0.566 +0.226 0.441 0.24
  R5 dobb .0006                 12 | 0.047 0.046 0.011 0.030    | 0.79 +0.57 0.449  |   2.05  | 0.032    4.5  0 0.081          | 0.59 0.74 +0.49   9.6 +1.54     |  0.90  2 0.937 +0.375 0.547 0.21
  R5 dobb .0006                 19 | 0.089 0.076 0.035 0.050    | 0.76 +0.57 0.435  |   0.08  | 0.037    3.6  0 0.097          | 0.64 0.78 +0.62   4.4 +0.88     |  0.57  0 0.720 +0.288 0.500 0.18
  R5 dobb .0006                 26 | 0.116 0.082 0.059 0.059    | 0.73 +0.55 0.423  |   0.09  | 0.040    3.6  0 0.102          | 0.64 0.78 +0.74   3.5 +0.66     |  0.42  0 0.526 +0.210 0.433 0.17
  R5 dobb .0010                  6 | 0.022 0.021 0.005 0.013    | 0.78 +0.33 0.390  |   2.97  | 0.028   13.5  1 0.065          | 0.54 0.66 +0.35  41.1 +4.14     |  3.21  4 0.407 +0.163 0.452 0.21
  R5 dobb .0010                  8 | 0.036 0.032 0.009 0.021    | 0.75 +0.40 0.396  |   2.36  | 0.029    8.7  1 0.072          | 0.55 0.66 +0.37  25.6 +2.49     |  2.37  2 0.406 +0.163 0.419 0.18
  R5 dobb .0010                 12 | 0.046 0.043 0.009 0.029    | 0.79 +0.50 0.430  |   2.13  | 0.032    4.3  0 0.081          | 0.59 0.74 +0.45   9.6 +1.42     |  0.89  2 0.787 +0.315 0.502 0.16
  R5 dobb .0010                 19 | 0.089 0.075 0.032 0.049    | 0.76 +0.52 0.424  |   0.81  | 0.037    3.5  0 0.097          | 0.64 0.78 +0.59   4.3 +0.84     |  0.57  0 0.639 +0.256 0.473 0.17
  R5 dobb .0010                 26 | 0.114 0.081 0.055 0.058    | 0.74 +0.52 0.416  |   0.47  | 0.040    3.6  0 0.102          | 0.64 0.78 +0.72   3.5 +0.64     |  0.36  0 0.495 +0.198 0.423 0.17
  R5 dobb .0006 Kv1e-3 rc.01     6 | 0.019 0.021 0.003 0.013    | 0.77 +0.36 0.393  |   3.27  | 0.026   13.3  1 0.062          | 0.53 0.65 +0.37  41.0 +4.37     |  3.23  4 0.523 +0.209 0.449 0.26
  R5 dobb .0006 Kv1e-3 rc.01     8 | 0.031 0.030 0.005 0.020    | 0.74 +0.43 0.400  |   2.49  | 0.028    8.5  1 0.069          | 0.53 0.65 +0.39  25.2 +2.60     |  2.27  2 0.516 +0.206 0.421 0.22
  R5 dobb .0006 Kv1e-3 rc.01    12 | 0.044 0.044 0.006 0.028    | 0.79 +0.51 0.435  |   2.33  | 0.031    4.3  0 0.079          | 0.58 0.74 +0.47   9.6 +1.46     |  0.91  2 0.873 +0.349 0.511 0.17
  R5 dobb .0006 Kv1e-3 rc.01    19 | 0.086 0.073 0.029 0.049    | 0.76 +0.54 0.429  |   0.37  | 0.037    3.6  0 0.096          | 0.63 0.78 +0.60   4.3 +0.85     |  0.58  0 0.712 +0.285 0.492 0.18
  R5 dobb .0006 Kv1e-3 rc.01    26 | 0.113 0.084 0.054 0.058    | 0.73 +0.54 0.420  |   0.53  | 0.039    3.6  0 0.101          | 0.64 0.78 +0.73   3.5 +0.65     |  0.41  0 0.529 +0.212 0.432 0.18
  R5 dobb .0006 Kv1e-3 rc.03     6 | 0.019 0.020 0.002 0.013    | 0.77 +0.36 0.394  |   3.28  | 0.026   13.4  1 0.063          | 0.53 0.65 +0.38  42.0 +4.45     |  3.47  4 0.518 +0.207 0.447 0.26
  R5 dobb .0006 Kv1e-3 rc.03     8 | 0.033 0.032 0.008 0.020    | 0.74 +0.43 0.400  |   2.46  | 0.028    8.5  1 0.070          | 0.53 0.64 +0.39  26.0 +2.61     |  2.42  2 0.514 +0.206 0.419 0.22
  R5 dobb .0006 Kv1e-3 rc.03    12 | 0.044 0.043 0.006 0.028    | 0.78 +0.51 0.435  |   2.29  | 0.031    4.3  0 0.079          | 0.58 0.73 +0.46   9.8 +1.45     |  0.92  2 0.871 +0.349 0.510 0.17
  R5 dobb .0006 Kv1e-3 rc.03    19 | 0.086 0.073 0.029 0.049    | 0.76 +0.54 0.430  |   0.37  | 0.037    3.6  0 0.096          | 0.63 0.77 +0.59   4.4 +0.85     |  0.59  0 0.710 +0.284 0.490 0.18
  R5 dobb .0006 Kv1e-3 rc.03    26 | 0.114 0.084 0.054 0.059    | 0.73 +0.54 0.420  |   0.53  | 0.039    3.6  0 0.101          | 0.64 0.77 +0.73   3.5 +0.65     |  0.42  0 0.529 +0.212 0.432 0.18
  R5 dobb .0006 Kp1.0            6 | 0.022 0.022 0.006 0.014    | 0.78 +0.43 0.409  |   3.67  | 0.026   14.3  1 0.065          | 0.54 0.66 +0.44  41.3 +5.14     |  2.70  4 0.620 +0.248 0.476 0.28
  R5 dobb .0006 Kp1.0            8 | 0.037 0.035 0.012 0.022    | 0.75 +0.50 0.416  |   2.99  | 0.028    9.1  1 0.072          | 0.55 0.66 +0.44  25.5 +2.94     |  2.24  4 0.591 +0.236 0.447 0.26
  R5 dobb .0006 Kp1.0           12 | 0.047 0.048 0.011 0.031    | 0.80 +0.56 0.452  |   2.84  | 0.032    4.5  0 0.081          | 0.60 0.75 +0.49   9.4 +1.55     |  0.88  2 0.991 +0.396 0.557 0.16
  R5 dobb .0006 Kp1.0           19 | 0.091 0.080 0.034 0.054    | 0.77 +0.56 0.440  |   0.40  | 0.039    3.6  0 0.099          | 0.65 0.80 +0.63   4.1 +0.90     |  0.59  0 0.800 +0.320 0.530 0.19
  R5 dobb .0006 Kp1.0           26 | 0.116 0.090 0.051 0.063    | 0.74 +0.54 0.427  |   0.62  | 0.041    3.6  0 0.104          | 0.66 0.81 +0.74   3.6 +0.66     |  0.40  0 0.591 +0.236 0.457 0.17
  R5 dobb .0006 DOB.6            6 | 0.023 0.024 0.001 0.015    | 0.79 +0.37 0.401  |   4.09  | 0.027   13.5  1 0.066          | 0.54 0.67 +0.37  39.7 +4.27     |  2.86  4 0.614 +0.246 0.471 0.24
  R5 dobb .0006 DOB.6            8 | 0.037 0.038 0.003 0.024    | 0.76 +0.44 0.406  |   2.90  | 0.029    8.6  1 0.074          | 0.55 0.67 +0.36  24.4 +2.40     |  2.32  2 0.583 +0.233 0.439 0.23
  R5 dobb .0006 DOB.6           12 | 0.047 0.053 0.004 0.033    | 0.81 +0.47 0.434  |   2.72  | 0.034    4.1  0 0.083          | 0.60 0.77 +0.42   9.0 +1.30     |  0.82  2 0.914 +0.365 0.525 0.17
  R5 dobb .0006 DOB.6           19 | 0.091 0.085 0.016 0.056    | 0.77 +0.47 0.422  |   1.04  | 0.041    3.6  0 0.101          | 0.65 0.83 +0.57   3.9 +0.81     |  0.54  0 0.748 +0.299 0.489 0.19
  R5 dobb .0006 DOB.6           26 | 0.117 0.091 0.024 0.064    | 0.75 +0.45 0.411  |   0.55  | 0.042    3.6  0 0.107          | 0.66 0.83 +0.67   3.6 +0.60     |  0.39  0 0.578 +0.231 0.437 0.18
  R5 dobb .0006 DOB1.0           6 | 0.022 0.020 0.008 0.013    | 0.76 +0.47 0.412  |   1.21  | 0.026   14.7  1 0.064          | 0.54 0.65 +0.49  43.4 +5.72     |  2.89  4 0.575 +0.230 0.468 0.22
  R5 dobb .0006 DOB1.0           8 | 0.036 0.030 0.015 0.020    | 0.74 +0.55 0.421  |   1.47  | 0.027    9.5  1 0.070          | 0.54 0.64 +0.51  27.1 +3.44     |  2.22  4 0.531 +0.212 0.435 0.19
  R5 dobb .0006 DOB1.0          12 | 0.045 0.041 0.018 0.027    | 0.78 +0.64 0.461  |   1.44  | 0.030    4.7  0 0.078          | 0.58 0.71 +0.56  10.3 +1.75     |  0.94  2 0.920 +0.368 0.564 0.18
  R5 dobb .0006 DOB1.0          19 | 0.088 0.066 0.052 0.047    | 0.75 +0.65 0.449  |   1.40  | 0.035    3.5  0 0.093          | 0.62 0.74 +0.69   4.8 +0.98     |  0.52  0 0.651 +0.260 0.482 0.14
  R5 dobb .0006 DOB1.0          26 | 0.113 0.065 0.076 0.055    | 0.72 +0.63 0.434  |   0.57  | 0.037    3.6  0 0.098          | 0.63 0.74 +0.79   3.5 +0.71     |  0.42  0 0.455 +0.182 0.410 0.12

======================================================================================================================================================
WORLD ident, delays x1.5 | hold NEED x1.5
  cfg                            v | T1 dist |e| .5 1 2 s, rms  | T2 rise ov rms     | T3 pkpk | T5 rms e, pk rate, dwells, max|e| | T7 t50 t90 ov pk-rate past     | T8 mode-rms bursts max|e|hold ov rms-e damp
  R4-flown                       6 | 0.022 0.026 0.027 0.024    | 0.96 -0.02 0.388  |   1.85  | 0.075    8.0  1 0.097          | 0.57 1.92 -0.03  32.3 -0.33     |  2.94  2 0.363 -0.010 0.565 0.72
  R4-flown                       8 | 0.035 0.042 0.041 0.035    | 0.87 -0.03 0.387  |   1.03  | 0.081    4.6  0 0.101          | 0.58 2.51 -0.03  19.4 -0.18     |  1.94  2 0.353 -0.035 0.547 0.65
  R4-flown                      12 | 0.044 0.056 0.043 0.039    | 1.05 +0.01 0.388  |   0.94  | 0.071    2.3  0 0.096          | 0.66 1.72 +0.05   7.1 +0.15     |  0.60  1 0.311 +0.056 0.594 0.59
  R4-flown                      19 | 0.080 0.089 0.034 0.051    | 0.87 +0.06 0.381  |   0.60  | 0.058    3.6  0 0.111          | 0.73 2.05 -0.00   3.0 -0.00     |  0.36  0 0.236 +0.094 0.483 0.68
  R4-flown                      26 | 0.106 0.094 0.023 0.055    | 0.84 +0.06 0.378  |   0.01  | 0.061    3.6  0 0.119          | 0.76 2.16 -0.00   1.8 -0.00     |  0.31  0 0.124 +0.049 0.492 0.66
  R5 dobb ident                  6 | 0.019 0.018 0.000 0.010    | 0.87 +0.02 0.374  |   0.64  | 0.038   10.3  1 0.065          | 0.55 0.73 +0.09  36.2 +1.04     |  2.63  2 0.134 +0.054 0.534 0.50
  R5 dobb ident                  8 | 0.031 0.027 0.001 0.016    | 0.81 +0.07 0.371  |   0.90  | 0.038    6.6  1 0.072          | 0.56 0.72 +0.12  22.6 +0.83     |  1.76  2 0.139 +0.055 0.488 0.55
  R5 dobb ident                 12 | 0.039 0.032 0.003 0.020    | 0.92 +0.05 0.381  |   0.35  | 0.045    3.6  0 0.081          | 0.61 0.92 +0.22   8.4 +0.69     |  0.67  1 0.137 +0.055 0.580 0.43
  R5 dobb ident                 19 | 0.073 0.048 0.017 0.033    | 0.84 +0.06 0.378  |   0.10  | 0.045    3.6  0 0.097          | 0.65 0.93 +0.31   3.8 +0.44     |  0.43  0 0.165 +0.066 0.512 0.53
  R5 dobb ident                 26 | 0.095 0.039 0.016 0.038    | 0.81 +0.08 0.375  |   0.05  | 0.046    3.6  0 0.102          | 0.66 0.94 +0.40   3.6 +0.36     |  0.38  0 0.153 +0.061 0.492 0.50
  R5 dobb .0006                  6 | 0.020 0.019 0.002 0.012    | 0.82 +0.24 0.385  |   2.87  | 0.031   12.1  1 0.065          | 0.55 0.70 +0.24  37.3 +2.77     |  2.94  3 0.369 +0.148 0.462 0.51
  R5 dobb .0006                  8 | 0.032 0.030 0.004 0.019    | 0.79 +0.28 0.384  |   2.37  | 0.033    7.6  1 0.072          | 0.55 0.70 +0.24  23.0 +1.61     |  2.41  2 0.532 +0.213 0.452 0.50
  R5 dobb .0006                 12 | 0.040 0.040 0.001 0.025    | 0.84 +0.31 0.402  |   2.13  | 0.036    3.7  0 0.081          | 0.61 0.80 +0.32   8.6 +1.01     |  0.81  2 0.813 +0.325 0.516 0.46
  R5 dobb .0006                 19 | 0.077 0.060 0.011 0.042    | 0.80 +0.31 0.396  |   0.73  | 0.039    3.6  0 0.097          | 0.65 0.84 +0.46   3.9 +0.66     |  0.50  0 0.612 +0.245 0.479 0.41
  R5 dobb .0006                 26 | 0.100 0.058 0.042 0.045    | 0.78 +0.29 0.389  |   0.23  | 0.041    3.6  0 0.102          | 0.66 0.84 +0.57   3.6 +0.51     |  0.34  0 0.432 +0.173 0.440 0.39
  R5 dobb .0010                  6 | 0.020 0.019 0.001 0.012    | 0.83 +0.16 0.378  |   2.13  | 0.034   11.4  1 0.065          | 0.55 0.71 +0.17  36.9 +2.04     |  2.94  2 0.370 +0.148 0.481 0.55
  R5 dobb .0010                  8 | 0.032 0.029 0.003 0.018    | 0.79 +0.20 0.377  |   1.75  | 0.034    7.2  1 0.072          | 0.55 0.70 +0.19  22.8 +1.27     |  2.27  2 0.379 +0.151 0.448 0.55
  R5 dobb .0010                 12 | 0.040 0.039 0.002 0.025    | 0.85 +0.26 0.395  |   1.79  | 0.037    3.6  0 0.081          | 0.61 0.81 +0.29   8.6 +0.92     |  0.82  2 0.677 +0.271 0.497 0.47
  R5 dobb .0010                 19 | 0.078 0.059 0.009 0.041    | 0.81 +0.27 0.392  |   0.71  | 0.040    3.6  0 0.097          | 0.65 0.85 +0.45   3.9 +0.64     |  0.48  0 0.543 +0.217 0.469 0.42
  R5 dobb .0010                 26 | 0.102 0.060 0.042 0.045    | 0.78 +0.26 0.387  |   0.22  | 0.041    3.6  0 0.102          | 0.66 0.84 +0.56   3.6 +0.50     |  0.33  0 0.399 +0.160 0.440 0.40
  R5 dobb .0006 Kv1e-3 rc.01     6 | 0.017 0.018 0.002 0.011    | 0.82 +0.19 0.377  |   1.65  | 0.031   11.4  1 0.063          | 0.53 0.70 +0.20  37.0 +2.34     |  2.69  2 0.322 +0.129 0.458 0.52
  R5 dobb .0006 Kv1e-3 rc.01     8 | 0.029 0.028 0.001 0.018    | 0.78 +0.23 0.377  |   1.96  | 0.032    7.2  1 0.069          | 0.54 0.70 +0.22  22.6 +1.46     |  2.19  2 0.462 +0.185 0.437 0.53
  R5 dobb .0006 Kv1e-3 rc.01    12 | 0.038 0.039 0.004 0.024    | 0.84 +0.28 0.396  |   1.87  | 0.036    3.6  0 0.079          | 0.59 0.80 +0.30   8.6 +0.95     |  0.77  2 0.745 +0.298 0.494 0.47
  R5 dobb .0006 Kv1e-3 rc.01    19 | 0.075 0.060 0.009 0.041    | 0.80 +0.29 0.394  |   0.75  | 0.039    3.6  0 0.096          | 0.65 0.84 +0.46   3.9 +0.65     |  0.51  0 0.598 +0.239 0.473 0.42
  R5 dobb .0006 Kv1e-3 rc.01    26 | 0.099 0.059 0.039 0.044    | 0.78 +0.28 0.388  |   0.26  | 0.041    3.6  0 0.101          | 0.66 0.84 +0.56   3.6 +0.50     |  0.33  0 0.429 +0.172 0.439 0.40
  R5 dobb .0006 Kv1e-3 rc.03     6 | 0.018 0.018 0.001 0.011    | 0.81 +0.20 0.378  |   1.62  | 0.031   11.5  1 0.063          | 0.54 0.69 +0.20  37.8 +2.37     |  2.90  2 0.320 +0.128 0.458 0.52
  R5 dobb .0006 Kv1e-3 rc.03     8 | 0.031 0.028 0.002 0.018    | 0.78 +0.23 0.378  |   1.96  | 0.032    7.2  1 0.070          | 0.54 0.69 +0.22  23.3 +1.47     |  2.36  2 0.460 +0.184 0.436 0.53
  R5 dobb .0006 Kv1e-3 rc.03    12 | 0.037 0.039 0.003 0.024    | 0.84 +0.28 0.396  |   1.86  | 0.036    3.6  0 0.079          | 0.59 0.80 +0.30   8.8 +0.96     |  0.83  2 0.744 +0.297 0.494 0.47
  R5 dobb .0006 Kv1e-3 rc.03    19 | 0.075 0.059 0.007 0.041    | 0.80 +0.29 0.394  |   0.73  | 0.039    3.6  0 0.096          | 0.64 0.84 +0.45   3.9 +0.64     |  0.51  0 0.598 +0.239 0.472 0.41
  R5 dobb .0006 Kv1e-3 rc.03    26 | 0.099 0.059 0.041 0.044    | 0.78 +0.28 0.388  |   0.26  | 0.041    3.6  0 0.101          | 0.66 0.84 +0.56   3.6 +0.50     |  0.32  0 0.429 +0.172 0.439 0.40
  R5 dobb .0006 Kp1.0            6 | 0.020 0.020 0.002 0.013    | 0.82 +0.24 0.385  |   2.98  | 0.031   12.0  1 0.065          | 0.55 0.70 +0.23  37.1 +2.73     |  2.82  3 0.384 +0.153 0.464 0.50
  R5 dobb .0006 Kp1.0            8 | 0.032 0.030 0.005 0.019    | 0.79 +0.27 0.385  |   2.51  | 0.033    7.5  1 0.072          | 0.56 0.70 +0.24  22.7 +1.60     |  2.34  2 0.552 +0.221 0.455 0.50
  R5 dobb .0006 Kp1.0           12 | 0.040 0.041 0.002 0.026    | 0.85 +0.30 0.403  |   2.38  | 0.037    3.7  0 0.082          | 0.61 0.82 +0.31   8.4 +0.98     |  0.76  2 0.848 +0.339 0.521 0.46
  R5 dobb .0006 Kp1.0           19 | 0.078 0.066 0.010 0.044    | 0.82 +0.29 0.398  |   0.85  | 0.041    3.6  0 0.099          | 0.67 0.87 +0.48   3.7 +0.68     |  0.49  0 0.656 +0.262 0.492 0.41
  R5 dobb .0006 Kp1.0           26 | 0.103 0.066 0.044 0.048    | 0.79 +0.27 0.391  |   0.37  | 0.043    3.6  0 0.105          | 0.68 0.89 +0.57   3.6 +0.51     |  0.33  0 0.459 +0.184 0.452 0.40
  R5 dobb .0006 DOB.6            6 | 0.019 0.021 0.005 0.013    | 0.84 +0.17 0.381  |   2.29  | 0.034   11.3  1 0.066          | 0.55 0.73 +0.17  35.6 +1.95     |  2.70  2 0.382 +0.153 0.476 0.55
  R5 dobb .0006 DOB.6            8 | 0.033 0.033 0.003 0.020    | 0.80 +0.20 0.379  |   1.66  | 0.035    7.1  1 0.074          | 0.56 0.74 +0.19  21.8 +1.26     |  2.13  2 0.494 +0.197 0.455 0.55
  R5 dobb .0006 DOB.6           12 | 0.041 0.044 0.015 0.026    | 0.87 +0.21 0.394  |   1.32  | 0.039    3.6  0 0.084          | 0.62 0.87 +0.27   8.1 +0.85     |  0.65  2 0.726 +0.291 0.508 0.51
  R5 dobb .0006 DOB.6           19 | 0.077 0.071 0.008 0.043    | 0.82 +0.21 0.390  |   0.89  | 0.044    3.6  0 0.101          | 0.67 0.95 +0.45   3.6 +0.64     |  0.40  0 0.551 +0.221 0.475 0.49
  R5 dobb .0006 DOB.6           26 | 0.100 0.075 0.024 0.047    | 0.80 +0.20 0.384  |   0.41  | 0.046    3.6  0 0.107          | 0.69 0.98 +0.56   3.6 +0.50     |  0.34  0 0.391 +0.157 0.447 0.43
  R5 dobb .0006 DOB1.0           6 | 0.019 0.018 0.004 0.011    | 0.80 +0.30 0.388  |   2.49  | 0.030   12.6  1 0.064          | 0.54 0.68 +0.29  38.9 +3.42     |  3.17  4 0.359 +0.144 0.454 0.46
  R5 dobb .0006 DOB1.0           8 | 0.032 0.029 0.008 0.017    | 0.77 +0.34 0.389  |   2.05  | 0.031    7.9  1 0.071          | 0.55 0.68 +0.30  24.1 +2.02     |  2.43  3 0.536 +0.214 0.450 0.44
  R5 dobb .0006 DOB1.0          12 | 0.039 0.035 0.007 0.023    | 0.82 +0.39 0.410  |   1.49  | 0.034    3.9  0 0.079          | 0.59 0.76 +0.37   9.2 +1.15     |  0.95  2 0.845 +0.338 0.532 0.40
  R5 dobb .0006 DOB1.0          19 | 0.077 0.056 0.022 0.040    | 0.79 +0.39 0.403  |   0.12  | 0.037    3.6  0 0.093          | 0.64 0.79 +0.52   4.2 +0.73     |  0.60  0 0.619 +0.248 0.482 0.34
  R5 dobb .0006 DOB1.0          26 | 0.099 0.060 0.043 0.046    | 0.76 +0.36 0.394  |   0.31  | 0.038    3.6  0 0.098          | 0.64 0.79 +0.62   3.6 +0.55     |  0.36  0 0.432 +0.173 0.429 0.35

======================================================================================================================================================
WORLD mode, delays x1.5 | hold NEED x1.0
  cfg                            v | T1 dist |e| .5 1 2 s, rms  | T2 rise ov rms     | T3 pkpk | T5 rms e, pk rate, dwells, max|e| | T7 t50 t90 ov pk-rate past     | T8 mode-rms bursts max|e|hold ov rms-e damp
  R4-flown                       6 | 0.038 0.039 0.035 0.032    | 0.67 +0.45 0.377  |   2.18  | 0.034   12.9  1 0.066          | 0.49 0.57 +0.40  61.1 +4.70     |  6.38  4 0.304 +0.122 0.348 0.82
  R4-flown                       8 | 0.062 0.062 0.054 0.049    | 0.66 +0.55 0.386  |   1.37  | 0.040    7.7  1 0.077          | 0.51 0.59 +0.34  37.1 +2.31     |  4.72  2 0.255 +0.102 0.327 0.72
  R4-flown                      12 | 0.100 0.087 0.046 0.057    | 0.62 +0.69 0.393  |   0.78  | 0.041    4.6  0 0.087          | 0.52 0.58 +0.38  21.2 +1.18     |  3.65  3 0.290 +0.116 0.325 0.72
  R4-flown                      19 | 0.182 0.077 0.007 0.076    | 0.60 +0.69 0.395  |   0.61  | 0.045    3.5  0 0.108          | 0.57 0.63 +0.39   9.9 +0.56     |  2.91  1 0.299 +0.120 0.338 0.73
  R4-flown                      26 | 0.229 0.058 0.006 0.086    | 0.59 +0.59 0.375  |   0.09  | 0.050    3.6  0 0.116          | 0.58 0.64 +0.51   6.5 +0.45     |  2.62  0 0.184 +0.074 0.300 0.54
  R5 dobb ident                  6 | 0.032 0.007 0.006 0.013    | 0.67 +0.29 0.358  |   0.57  | 0.031   17.7  1 0.063          | 0.49 0.56 +0.46  66.6 +5.38     | 10.56  2 0.056 +0.022 0.441 0.70
  R5 dobb ident                  8 | 0.052 0.003 0.010 0.021    | 0.65 +0.40 0.362  |   0.43  | 0.031   12.0  1 0.070          | 0.50 0.56 +0.50  42.4 +3.36     |  7.10  2 0.040 +0.016 0.402 0.55
  R5 dobb ident                 12 | 0.076 0.002 0.005 0.027    | 0.62 +0.29 0.361  |   0.49  | 0.036    7.3  1 0.078          | 0.50 0.56 +0.53  24.4 +1.68     |  9.01  5 0.182 +0.027 0.436 0.71
  R5 dobb ident                 19 | 0.097 0.017 0.001 0.050    | 0.60 +0.34 0.373  | 206.13  | 0.034    4.8  0 0.095          | 0.55 0.59 +0.58  12.4 +0.82     |  8.03  2 0.391 +0.156 0.438 0.43
  R5 dobb ident                 26 | 0.023 0.031 0.012 0.063    | 0.58 +0.31 0.380  | 970.79  | 0.034    3.6  0 0.100          | 0.55 0.60 +0.66   8.6 +0.59     | 53.51 12 2.997 +1.199 20.012 0.60
  R5 dobb .0006                  6 | 0.034 0.014 0.009 0.015    | 0.66 +0.52 0.379  |   2.81  | 0.024   18.4  1 0.063          | 0.49 0.56 +0.59  68.9 +6.96     |  7.64  4 0.313 +0.125 0.341 0.49
  R5 dobb .0006                  8 | 0.055 0.012 0.015 0.023    | 0.64 +0.64 0.392  |   2.05  | 0.025   12.4  1 0.070          | 0.50 0.56 +0.61  43.4 +4.10     |  6.08  4 0.319 +0.128 0.327 0.40
  R5 dobb .0006                 12 | 0.086 0.002 0.025 0.034    | 0.61 +0.78 0.398  |   1.13  | 0.027    7.5  1 0.078          | 0.50 0.55 +0.69  25.1 +2.16     |  4.72  5 0.446 +0.179 0.315 0.28
  R5 dobb .0006                 19 | 0.162 0.040 0.009 0.059    | 0.59 +0.72 0.391  |   0.53  | 0.028    4.9  0 0.095          | 0.55 0.59 +0.76  12.5 +1.08     |  3.77  1 0.276 +0.111 0.325 0.24
  R5 dobb .0006                 26 | 0.161 0.052 0.011 0.072    | 0.57 +0.61 0.372  |   0.42  | 0.031    3.7  0 0.100          | 0.55 0.60 +0.84   8.7 +0.75     |  3.33  0 0.446 +0.178 0.304 0.22
  R5 dobb .0010                  6 | 0.034 0.010 0.007 0.015    | 0.66 +0.43 0.366  |   1.92  | 0.026   18.2  1 0.063          | 0.49 0.56 +0.54  68.1 +6.37     |  8.13  3 0.214 +0.086 0.367 0.64
  R5 dobb .0010                  8 | 0.055 0.006 0.014 0.023    | 0.65 +0.55 0.376  |   1.41  | 0.027   12.3  1 0.070          | 0.50 0.56 +0.57  43.1 +3.84     |  6.39  2 0.238 +0.095 0.343 0.68
  R5 dobb .0010                 12 | 0.087 0.001 0.018 0.033    | 0.61 +0.69 0.385  |   1.09  | 0.028    7.5  1 0.078          | 0.50 0.55 +0.66  25.0 +2.09     |  4.81  4 0.358 +0.144 0.318 0.44
  R5 dobb .0010                 19 | 0.162 0.043 0.001 0.059    | 0.59 +0.67 0.384  |   0.75  | 0.029    4.9  0 0.095          | 0.55 0.59 +0.71  12.5 +1.01     |  3.55  1 0.177 +0.071 0.307 0.10
  R5 dobb .0010                 26 | 0.145 0.052 0.009 0.070    | 0.57 +0.58 0.368  |   0.40  | 0.033    3.7  0 0.100          | 0.55 0.60 +0.77   8.7 +0.69     |  3.48  0 0.438 +0.175 0.309 0.22
  R5 dobb .0006 Kv1e-3 rc.01     6 | 0.029 0.019 0.008 0.014    | 0.66 +0.37 0.365  |   2.43  | 0.024   15.8  1 0.060          | 0.47 0.55 +0.42  62.9 +4.90     |  7.34  4 0.276 +0.110 0.341 0.60
  R5 dobb .0006 Kv1e-3 rc.01     8 | 0.048 0.020 0.015 0.022    | 0.65 +0.48 0.374  |   1.92  | 0.025   10.6  1 0.068          | 0.48 0.55 +0.44  40.1 +2.96     |  5.69  2 0.285 +0.114 0.319 0.48
  R5 dobb .0006 Kv1e-3 rc.01    12 | 0.080 0.014 0.025 0.033    | 0.62 +0.63 0.379  |   0.81  | 0.027    6.6  1 0.076          | 0.49 0.55 +0.53  23.6 +1.66     |  4.00  2 0.405 +0.162 0.295 0.33
  R5 dobb .0006 Kv1e-3 rc.01    19 | 0.155 0.023 0.021 0.057    | 0.60 +0.63 0.380  |   0.82  | 0.034    4.6  0 0.094          | 0.54 0.59 +0.66  12.4 +0.94     |  3.39  1 0.327 +0.131 0.312 0.25
  R5 dobb .0006 Kv1e-3 rc.01    26 | 0.163 0.046 0.002 0.070    | 0.58 +0.55 0.367  |   0.32  | 0.030    3.6  0 0.100          | 0.55 0.59 +0.78   8.6 +0.70     |  3.49  0 0.365 +0.146 0.302 0.16
  R5 dobb .0006 Kv1e-3 rc.03     6 | 0.030 0.017 0.008 0.014    | 0.66 +0.39 0.365  |   2.27  | 0.024   17.1  1 0.061          | 0.47 0.55 +0.48  66.6 +5.56     |  8.51  4 0.280 +0.112 0.340 0.61
  R5 dobb .0006 Kv1e-3 rc.03     8 | 0.050 0.017 0.014 0.022    | 0.64 +0.50 0.374  |   1.78  | 0.025   11.3  1 0.068          | 0.49 0.55 +0.49  42.4 +3.31     |  7.06  3 0.291 +0.116 0.318 0.48
  R5 dobb .0006 Kv1e-3 rc.03    12 | 0.080 0.011 0.024 0.033    | 0.61 +0.63 0.378  |   0.72  | 0.027    7.0  1 0.076          | 0.49 0.55 +0.59  24.8 +1.86     |  5.07  3 0.409 +0.164 0.295 0.34
  R5 dobb .0006 Kv1e-3 rc.03    19 | 0.148 0.018 0.025 0.056    | 0.59 +0.63 0.378  |   0.54  | 0.028    4.7  0 0.094          | 0.54 0.59 +0.72  12.7 +1.02     |  3.47  1 0.305 +0.122 0.309 0.23
  R5 dobb .0006 Kv1e-3 rc.03    26 | 0.151 0.046 0.001 0.069    | 0.57 +0.56 0.365  |   0.41  | 0.029    3.6  0 0.100          | 0.55 0.59 +0.79   8.8 +0.70     |  3.82  0 0.397 +0.160 0.306 0.19
  R5 dobb .0006 Kp1.0            6 | 0.034 0.014 0.010 0.016    | 0.66 +0.52 0.380  |   2.82  | 0.024   18.3  1 0.063          | 0.49 0.56 +0.59  68.7 +6.92     |  7.55  4 0.317 +0.127 0.343 0.45
  R5 dobb .0006 Kp1.0            8 | 0.055 0.013 0.016 0.024    | 0.65 +0.64 0.392  |   2.29  | 0.026   12.3  1 0.071          | 0.50 0.57 +0.60  43.1 +4.05     |  5.90  4 0.321 +0.128 0.327 0.40
  R5 dobb .0006 Kp1.0           12 | 0.089 0.004 0.027 0.036    | 0.61 +0.78 0.399  |   1.36  | 0.027    7.4  1 0.079          | 0.50 0.56 +0.67  24.7 +2.09     |  4.53  4 0.457 +0.183 0.318 0.30
  R5 dobb .0006 Kp1.0           19 | 0.164 0.029 0.021 0.061    | 0.60 +0.73 0.392  |   0.80  | 0.031    4.8  0 0.097          | 0.55 0.60 +0.70  11.9 +0.99     |  3.37  1 0.334 +0.134 0.330 0.24
  R5 dobb .0006 Kp1.0           26 | 0.187 0.051 0.006 0.075    | 0.58 +0.62 0.373  |   0.53  | 0.034    3.6  0 0.103          | 0.56 0.61 +0.76   8.1 +0.68     |  3.59  0 0.425 +0.170 0.311 0.19
  R5 dobb .0006 DOB.6            6 | 0.035 0.026 0.006 0.017    | 0.66 +0.50 0.379  |   2.75  | 0.025   16.9  1 0.064          | 0.49 0.56 +0.54  66.3 +6.30     |  7.17  4 0.315 +0.126 0.343 0.49
  R5 dobb .0006 DOB.6            8 | 0.057 0.031 0.010 0.026    | 0.65 +0.62 0.391  |   2.06  | 0.027   11.2  1 0.072          | 0.50 0.57 +0.53  41.4 +3.58     |  5.43  4 0.320 +0.128 0.325 0.45
  R5 dobb .0006 DOB.6           12 | 0.090 0.024 0.015 0.039    | 0.61 +0.75 0.395  |   1.32  | 0.029    6.7  1 0.080          | 0.51 0.56 +0.59  23.7 +1.85     |  4.24  4 0.454 +0.182 0.315 0.36
  R5 dobb .0006 DOB.6           19 | 0.164 0.008 0.038 0.063    | 0.60 +0.69 0.386  |   0.70  | 0.037    4.3  0 0.099          | 0.55 0.60 +0.61  11.5 +0.86     |  3.14  1 0.298 +0.119 0.317 0.26
  R5 dobb .0006 DOB.6           26 | 0.194 0.019 0.014 0.073    | 0.58 +0.58 0.368  |   0.34  | 0.032    3.3  0 0.105          | 0.56 0.61 +0.63   7.9 +0.57     |  3.50  0 0.460 +0.184 0.313 0.20
  R5 dobb .0006 DOB1.0           6 | 0.033 0.002 0.011 0.014    | 0.66 +0.52 0.378  |   2.74  | 0.024   19.7  1 0.062          | 0.48 0.55 +0.64  71.4 +7.51     |  8.53  4 0.312 +0.125 0.338 0.45
  R5 dobb .0006 DOB1.0           8 | 0.054 0.004 0.016 0.022    | 0.64 +0.65 0.391  |   2.06  | 0.025   13.4  1 0.069          | 0.50 0.56 +0.68  45.4 +4.55     |  6.60  4 0.319 +0.128 0.324 0.38
  R5 dobb .0006 DOB1.0          12 | 0.085 0.017 0.014 0.033    | 0.61 +0.79 0.400  |   0.99  | 0.026    8.2  1 0.076          | 0.50 0.55 +0.78  26.4 +2.46     |  5.29  5 0.438 +0.176 0.307 0.26
  R5 dobb .0006 DOB1.0          19 | 0.139 0.057 0.011 0.058    | 0.59 +0.75 0.395  |   0.91  | 0.028    5.4  1 0.092          | 0.54 0.59 +0.88  13.6 +1.25     |  3.66  2 0.242 +0.097 0.303 0.09
  R5 dobb .0006 DOB1.0          26 | 0.121 0.068 0.032 0.075    | 0.57 +0.64 0.375  |   0.60  | 0.032    4.1  0 0.097          | 0.55 0.59 +0.94   9.5 +0.84     |  3.16  0 0.434 +0.174 0.295 0.18

======================================================================================================================================================
WORLD mode, delays x1.5 | hold NEED x1.5
  cfg                            v | T1 dist |e| .5 1 2 s, rms  | T2 rise ov rms     | T3 pkpk | T5 rms e, pk rate, dwells, max|e| | T7 t50 t90 ov pk-rate past     | T8 mode-rms bursts max|e|hold ov rms-e damp
  R4-flown                       6 | 0.032 0.033 0.029 0.026    | 0.71 +0.15 0.378  |   1.83  | 0.070   10.9  1 0.094          | 0.50 0.60 +0.13  51.9 +1.47     |  6.66  2 0.220 -0.033 0.429 0.69
  R4-flown                       8 | 0.051 0.051 0.043 0.041    | 0.70 +0.19 0.381  |   1.42  | 0.077    6.3  1 0.098          | 0.52 0.61 +0.07  31.6 +0.46     |  4.92  2 0.248 -0.072 0.427 0.59
  R4-flown                      12 | 0.075 0.065 0.040 0.046    | 0.68 +0.18 0.368  |   0.51  | 0.066    3.6  0 0.087          | 0.52 0.60 +0.06  17.4 +0.18     |  3.26  2 0.178 -0.035 0.421 0.51
  R4-flown                      19 | 0.135 0.086 0.006 0.062    | 0.65 +0.18 0.357  |   0.34  | 0.054    3.5  0 0.108          | 0.57 0.66 +0.14   8.2 +0.19     |  2.82  1 0.059 +0.007 0.402 0.55
  R4-flown                      26 | 0.164 0.078 0.001 0.073    | 0.65 +0.11 0.351  |   0.16  | 0.058    3.6  0 0.116          | 0.59 0.71 +0.15   5.2 +0.14     |  2.21  0 0.080 +0.003 0.413 0.44
  R5 dobb ident                  6 | 0.028 0.009 0.003 0.012    | 0.71 +0.07 0.358  |   1.38  | 0.037   15.0  1 0.063          | 0.49 0.58 +0.20  57.0 +2.36     | 13.26  2 0.083 +0.033 0.485 0.52
  R5 dobb ident                  8 | 0.044 0.012 0.007 0.019    | 0.69 +0.14 0.355  |   1.09  | 0.037   10.1  1 0.070          | 0.51 0.58 +0.22  36.2 +1.45     |  7.41  2 0.072 +0.029 0.453 0.50
  R5 dobb ident                 12 | 0.062 0.011 0.007 0.024    | 0.69 +0.04 0.354  |   0.59  | 0.043    5.8  1 0.078          | 0.51 0.57 +0.19  20.1 +0.59     |  9.33  5 0.209 +0.030 0.506 0.58
  R5 dobb ident                 19 | 0.092 0.007 0.012 0.040    | 0.66 +0.04 0.350  |   0.55  | 0.040    3.8  0 0.095          | 0.55 0.61 +0.24  10.2 +0.35     |  5.62  0 0.117 +0.047 0.464 0.48
  R5 dobb ident                 26 | 0.047 0.015 0.012 0.048    | 0.66 +0.03 0.346  |   0.24  | 0.038    3.2  0 0.100          | 0.56 0.61 +0.27   6.9 +0.24     |  4.06  0 0.154 +0.033 0.448 0.48
  R5 dobb .0006                  6 | 0.029 0.015 0.005 0.014    | 0.69 +0.25 0.358  |   1.83  | 0.030   15.4  1 0.063          | 0.49 0.57 +0.29  58.7 +3.43     |  7.55  3 0.332 +0.133 0.385 0.52
  R5 dobb .0006                  8 | 0.046 0.017 0.010 0.021    | 0.68 +0.31 0.360  |   1.37  | 0.031   10.3  1 0.070          | 0.51 0.58 +0.29  36.8 +1.93     |  5.89  3 0.323 +0.129 0.367 0.55
  R5 dobb .0006                 12 | 0.069 0.020 0.019 0.030    | 0.66 +0.31 0.354  |   0.96  | 0.033    6.0  1 0.078          | 0.51 0.57 +0.30  20.5 +0.93     |  5.18  4 0.399 +0.160 0.353 0.53
  R5 dobb .0006                 19 | 0.121 0.013 0.030 0.048    | 0.64 +0.25 0.352  |   0.53  | 0.038    3.8  0 0.095          | 0.55 0.61 +0.36  10.2 +0.51     |  3.64  1 0.277 +0.111 0.357 0.50
  R5 dobb .0006                 26 | 0.133 0.009 0.016 0.056    | 0.63 +0.17 0.346  |   0.25  | 0.033    3.5  0 0.100          | 0.56 0.61 +0.43   6.9 +0.38     |  2.76  0 0.206 +0.082 0.358 0.52
  R5 dobb .0010                  6 | 0.029 0.013 0.004 0.013    | 0.70 +0.18 0.355  |   1.35  | 0.032   15.3  1 0.063          | 0.49 0.58 +0.26  58.1 +3.04     |  8.22  2 0.193 +0.077 0.412 0.48
  R5 dobb .0010                  8 | 0.045 0.014 0.009 0.020    | 0.68 +0.25 0.356  |   0.99  | 0.033   10.2  1 0.070          | 0.51 0.58 +0.26  36.6 +1.76     |  6.16  2 0.202 +0.081 0.386 0.50
  R5 dobb .0010                 12 | 0.069 0.021 0.018 0.029    | 0.66 +0.25 0.351  |   0.57  | 0.034    6.0  1 0.078          | 0.51 0.57 +0.26  20.4 +0.81     |  5.34  4 0.299 +0.120 0.360 0.49
  R5 dobb .0010                 19 | 0.121 0.006 0.018 0.047    | 0.64 +0.22 0.350  |   0.25  | 0.039    3.8  0 0.095          | 0.55 0.61 +0.33  10.2 +0.47     |  3.65  1 0.232 +0.093 0.362 0.56
  R5 dobb .0010                 26 | 0.121 0.003 0.018 0.055    | 0.63 +0.15 0.345  |   0.14  | 0.033    3.5  0 0.100          | 0.56 0.61 +0.37   6.9 +0.33     |  2.80  0 0.180 +0.072 0.364 0.51
  R5 dobb .0006 Kv1e-3 rc.01     6 | 0.025 0.018 0.002 0.012    | 0.70 +0.16 0.353  |   1.53  | 0.030   13.7  1 0.060          | 0.48 0.57 +0.18  53.9 +2.13     |  7.50  3 0.260 +0.104 0.381 0.58
  R5 dobb .0006 Kv1e-3 rc.01     8 | 0.041 0.023 0.006 0.020    | 0.68 +0.23 0.355  |   0.98  | 0.031    9.0  1 0.068          | 0.49 0.57 +0.20  34.4 +1.35     |  5.31  2 0.266 +0.106 0.358 0.61
  R5 dobb .0006 Kv1e-3 rc.01    12 | 0.063 0.024 0.018 0.028    | 0.67 +0.26 0.350  |   0.72  | 0.033    5.4  1 0.076          | 0.50 0.56 +0.21  19.6 +0.66     |  3.99  5 0.364 +0.146 0.338 0.58
  R5 dobb .0006 Kv1e-3 rc.01    19 | 0.119 0.017 0.034 0.048    | 0.65 +0.23 0.350  |   0.59  | 0.037    3.6  0 0.094          | 0.54 0.60 +0.34  10.3 +0.48     |  3.06  0 0.273 +0.109 0.352 0.56
  R5 dobb .0006 Kv1e-3 rc.01    26 | 0.134 0.000 0.017 0.055    | 0.63 +0.17 0.345  |   0.21  | 0.039    3.5  0 0.100          | 0.55 0.61 +0.38   6.9 +0.34     |  2.53  0 0.195 +0.078 0.356 0.52
  R5 dobb .0006 Kv1e-3 rc.03     6 | 0.027 0.016 0.005 0.013    | 0.69 +0.17 0.353  |   1.57  | 0.030   14.7  1 0.061          | 0.48 0.56 +0.22  57.1 +2.61     |  8.77  3 0.265 +0.106 0.381 0.61
  R5 dobb .0006 Kv1e-3 rc.03     8 | 0.042 0.020 0.010 0.020    | 0.68 +0.24 0.355  |   1.05  | 0.031    9.7  1 0.068          | 0.49 0.57 +0.22  36.3 +1.50     |  6.91  2 0.274 +0.109 0.359 0.61
  R5 dobb .0006 Kv1e-3 rc.03    12 | 0.065 0.022 0.017 0.028    | 0.66 +0.26 0.350  |   0.98  | 0.033    5.7  1 0.076          | 0.50 0.56 +0.23  20.4 +0.72     |  5.35  6 0.370 +0.148 0.338 0.59
  R5 dobb .0006 Kv1e-3 rc.03    19 | 0.115 0.019 0.027 0.047    | 0.64 +0.22 0.350  |   0.53  | 0.038    3.7  0 0.094          | 0.54 0.60 +0.34  10.5 +0.49     |  3.87  1 0.283 +0.113 0.353 0.53
  R5 dobb .0006 Kv1e-3 rc.03    26 | 0.127 0.003 0.016 0.055    | 0.63 +0.16 0.345  |   0.09  | 0.033    3.5  0 0.100          | 0.55 0.61 +0.40   7.0 +0.36     |  2.60  0 0.194 +0.078 0.356 0.51
  R5 dobb .0006 Kp1.0            6 | 0.029 0.016 0.006 0.014    | 0.69 +0.24 0.359  |   2.10  | 0.030   15.4  1 0.063          | 0.49 0.58 +0.29  58.5 +3.38     |  7.54  3 0.340 +0.136 0.387 0.54
  R5 dobb .0006 Kp1.0            8 | 0.047 0.018 0.010 0.021    | 0.68 +0.31 0.360  |   1.61  | 0.031   10.2  1 0.071          | 0.51 0.58 +0.28  36.6 +1.87     |  5.83  3 0.331 +0.132 0.367 0.57
  R5 dobb .0006 Kp1.0           12 | 0.069 0.021 0.019 0.030    | 0.66 +0.30 0.354  |   1.07  | 0.033    5.8  1 0.079          | 0.51 0.57 +0.26  20.2 +0.81     |  4.67  4 0.418 +0.167 0.353 0.54
  R5 dobb .0006 Kp1.0           19 | 0.123 0.020 0.034 0.051    | 0.64 +0.24 0.353  |   0.74  | 0.038    3.7  0 0.097          | 0.56 0.62 +0.35   9.7 +0.50     |  3.40  1 0.297 +0.119 0.361 0.54
  R5 dobb .0006 Kp1.0           26 | 0.146 0.007 0.030 0.059    | 0.63 +0.17 0.348  |   0.21  | 0.041    3.6  0 0.103          | 0.57 0.63 +0.43   6.4 +0.39     |  2.68  0 0.205 +0.082 0.363 0.51
  R5 dobb .0006 DOB.6            6 | 0.030 0.024 0.000 0.015    | 0.70 +0.22 0.358  |   1.79  | 0.032   14.1  1 0.064          | 0.50 0.58 +0.24  56.4 +2.82     |  7.03  3 0.309 +0.124 0.394 0.46
  R5 dobb .0006 DOB.6            8 | 0.047 0.032 0.001 0.022    | 0.68 +0.28 0.359  |   1.45  | 0.033    9.2  1 0.072          | 0.51 0.59 +0.22  35.2 +1.48     |  5.39  2 0.295 +0.118 0.372 0.54
  R5 dobb .0006 DOB.6           12 | 0.070 0.034 0.000 0.033    | 0.66 +0.27 0.352  |   0.87  | 0.036    5.3  1 0.080          | 0.51 0.58 +0.23  19.4 +0.71     |  4.00  3 0.359 +0.144 0.354 0.55
  R5 dobb .0006 DOB.6           19 | 0.132 0.032 0.027 0.053    | 0.64 +0.21 0.351  |   0.57  | 0.041    3.5  0 0.099          | 0.56 0.62 +0.27   9.4 +0.38     |  3.21  1 0.230 +0.092 0.364 0.57
  R5 dobb .0006 DOB.6           26 | 0.139 0.033 0.034 0.061    | 0.63 +0.14 0.345  |   0.09  | 0.044    3.6  0 0.105          | 0.57 0.63 +0.34   6.3 +0.30     |  2.43  0 0.152 +0.061 0.370 0.54
  R5 dobb .0006 DOB1.0           6 | 0.029 0.007 0.007 0.012    | 0.69 +0.27 0.359  |   1.62  | 0.028   16.6  1 0.062          | 0.49 0.57 +0.34  60.9 +3.96     |  8.22  3 0.335 +0.134 0.376 0.54
  R5 dobb .0006 DOB1.0           8 | 0.044 0.006 0.012 0.019    | 0.67 +0.34 0.361  |   1.22  | 0.029   11.1  1 0.069          | 0.50 0.57 +0.35  38.5 +2.32     |  6.88  3 0.329 +0.132 0.360 0.53
  R5 dobb .0006 DOB1.0          12 | 0.066 0.007 0.016 0.026    | 0.65 +0.34 0.355  |   0.71  | 0.031    6.5  1 0.076          | 0.50 0.56 +0.35  21.5 +1.11     |  5.88  4 0.411 +0.164 0.343 0.48
  R5 dobb .0006 DOB1.0          19 | 0.123 0.015 0.012 0.045    | 0.63 +0.29 0.353  |   0.49  | 0.031    4.2  0 0.092          | 0.54 0.60 +0.46  11.0 +0.65     |  4.11  1 0.298 +0.119 0.350 0.46
  R5 dobb .0006 DOB1.0          26 | 0.113 0.031 0.001 0.053    | 0.62 +0.20 0.346  |   0.28  | 0.032    3.4  0 0.097          | 0.55 0.60 +0.50   7.5 +0.45     |  2.78  0 0.230 +0.092 0.346 0.47

======================================================================================================================================================
WORLD mode, J x1.5 | hold NEED x1.0
  cfg                            v | T1 dist |e| .5 1 2 s, rms  | T2 rise ov rms     | T3 pkpk | T5 rms e, pk rate, dwells, max|e| | T7 t50 t90 ov pk-rate past     | T8 mode-rms bursts max|e|hold ov rms-e damp
  R4-flown                       6 | 0.037 0.039 0.036 0.032    | 0.68 +0.50 0.385  |   1.07  | 0.033   12.7  1 0.065          | 0.50 0.58 +0.43  54.9 +5.04     |  4.33  4 0.289 +0.116 0.345 0.81
  R4-flown                       8 | 0.059 0.060 0.055 0.050    | 0.66 +0.60 0.395  |   2.15  | 0.039    7.5  1 0.076          | 0.51 0.59 +0.36  32.5 +2.42     |  3.09  2 0.234 +0.094 0.322 0.69
  R4-flown                      12 | 0.092 0.086 0.057 0.060    | 0.62 +0.75 0.404  |   0.61  | 0.039    4.3  0 0.086          | 0.51 0.58 +0.38  18.4 +1.20     |  2.20  3 0.275 +0.110 0.321 0.71
  R4-flown                      19 | 0.173 0.086 0.021 0.076    | 0.60 +0.76 0.408  |   0.57  | 0.044    3.3  0 0.106          | 0.56 0.63 +0.37   8.5 +0.53     |  1.94  0 0.399 +0.164 0.330 0.76
  R4-flown                      26 | 0.210 0.083 0.004 0.086    | 0.58 +0.66 0.380  |   0.22  | 0.039    2.4  0 0.114          | 0.57 0.64 +0.37   5.6 +0.33     |  2.03  0 0.055 +0.022 0.299 0.65
  R5 dobb ident                  6 | 0.030 0.013 0.004 0.013    | 0.68 +0.31 0.361  |   0.24  | 0.031   16.3  1 0.062          | 0.49 0.57 +0.44  58.6 +5.16     |  5.41  3 0.074 +0.024 0.440 0.74
  R5 dobb ident                  8 | 0.047 0.014 0.008 0.020    | 0.66 +0.42 0.368  |   0.67  | 0.030   11.0  1 0.069          | 0.50 0.57 +0.47  36.6 +3.17     |  3.46  3 0.077 +0.031 0.404 0.58
  R5 dobb ident                 12 | 0.071 0.007 0.007 0.026    | 0.62 +0.31 0.371  |   0.86  | 0.036    6.4  1 0.076          | 0.50 0.56 +0.45  20.7 +1.42     |  4.24  4 0.290 +0.030 0.440 0.82
  R5 dobb ident                 19 | 0.123 0.019 0.005 0.046    | 0.60 +0.39 0.416  |   0.35  | 0.036    4.2  0 0.093          | 0.54 0.59 +0.47  10.3 +0.67     |  3.78  1 0.218 +0.026 0.390 0.79
  R5 dobb ident                 26 | 0.077 0.007 0.001 0.054    | 0.58 +59.43 0.608  | 329.20  | 0.034    3.2  0 0.098          | 0.54 0.59 +0.54   7.3 +0.49     |  3.27  0 0.254 +0.102 0.376 0.58
  R5 dobb .0006                  6 | 0.032 0.019 0.009 0.015    | 0.67 +0.57 0.390  |   2.76  | 0.024   17.8  1 0.062          | 0.49 0.57 +0.63  61.6 +7.34     |  4.73  4 0.298 +0.119 0.338 0.58
  R5 dobb .0006                  8 | 0.051 0.022 0.015 0.023    | 0.65 +0.69 0.405  |   2.10  | 0.025   11.8  1 0.069          | 0.50 0.57 +0.64  38.0 +4.26     |  3.55  5 0.307 +0.123 0.325 0.43
  R5 dobb .0006                 12 | 0.082 0.000 0.020 0.033    | 0.61 +0.81 0.411  |   1.37  | 0.027    7.0  1 0.076          | 0.50 0.56 +0.69  21.7 +2.18     |  2.74  4 0.493 +0.197 0.322 0.34
  R5 dobb .0006                 19 | 0.151 0.025 0.021 0.055    | 0.59 +0.77 0.407  |   0.53  | 0.033    4.5  0 0.093          | 0.54 0.59 +0.70  10.7 +1.00     |  2.82  1 0.421 +0.175 0.326 0.13
  R5 dobb .0006                 26 | 0.171 0.048 0.003 0.067    | 0.57 +0.66 0.378  |   0.36  | 0.030    3.4  0 0.098          | 0.54 0.59 +0.69   7.5 +0.62     |  2.68  0 0.165 +0.066 0.287 0.05
  R5 dobb .0010                  6 | 0.031 0.017 0.007 0.014    | 0.67 +0.47 0.374  |   1.99  | 0.026   17.2  1 0.062          | 0.49 0.57 +0.56  60.5 +6.53     |  4.78  4 0.224 +0.090 0.367 0.63
  R5 dobb .0010                  8 | 0.049 0.019 0.012 0.021    | 0.65 +0.59 0.386  |   1.45  | 0.027   11.5  1 0.069          | 0.50 0.57 +0.58  37.5 +3.86     |  3.62  3 0.250 +0.100 0.346 0.64
  R5 dobb .0010                 12 | 0.080 0.001 0.017 0.032    | 0.61 +0.72 0.397  |   1.15  | 0.028    6.9  1 0.076          | 0.50 0.56 +0.66  21.6 +2.06     |  2.75  4 0.416 +0.167 0.326 0.56
  R5 dobb .0010                 19 | 0.151 0.028 0.015 0.054    | 0.59 +0.71 0.399  |   0.54  | 0.031    4.5  0 0.093          | 0.54 0.59 +0.66  10.7 +0.94     |  2.94  1 0.309 +0.132 0.336 0.25
  R5 dobb .0010                 26 | 0.159 0.041 0.001 0.065    | 0.57 +0.62 0.376  |   0.33  | 0.031    3.4  0 0.098          | 0.54 0.59 +0.71   7.5 +0.63     |  2.71  0 0.217 +0.087 0.296 0.07
  R5 dobb .0006 Kv1e-3 rc.01     6 | 0.026 0.022 0.006 0.014    | 0.67 +0.43 0.370  |   2.30  | 0.024   15.1  1 0.059          | 0.47 0.56 +0.48  57.1 +5.58     |  4.55  4 0.272 +0.109 0.341 0.65
  R5 dobb .0006 Kv1e-3 rc.01     8 | 0.043 0.030 0.010 0.021    | 0.65 +0.54 0.381  |   1.90  | 0.025    9.9  1 0.066          | 0.48 0.56 +0.48  35.1 +3.24     |  3.24  2 0.277 +0.111 0.317 0.52
  R5 dobb .0006 Kv1e-3 rc.01    12 | 0.071 0.021 0.018 0.031    | 0.61 +0.67 0.385  |   1.24  | 0.026    6.0  1 0.074          | 0.49 0.55 +0.54  20.1 +1.70     |  2.25  3 0.411 +0.164 0.303 0.42
  R5 dobb .0006 Kv1e-3 rc.01    19 | 0.140 0.009 0.029 0.053    | 0.59 +0.68 0.384  |   0.62  | 0.031    4.1  0 0.092          | 0.53 0.59 +0.60  10.3 +0.85     |  2.25  1 0.356 +0.144 0.325 0.27
  R5 dobb .0006 Kv1e-3 rc.01    26 | 0.161 0.027 0.017 0.063    | 0.57 +0.61 0.367  |   0.21  | 0.030    3.2  0 0.098          | 0.54 0.59 +0.66   7.3 +0.59     |  2.79  0 0.310 +0.124 0.300 0.17
  R5 dobb .0006 Kv1e-3 rc.03     6 | 0.027 0.022 0.006 0.014    | 0.66 +0.44 0.371  |   2.19  | 0.024   15.7  1 0.059          | 0.47 0.56 +0.50  59.5 +5.90     |  5.06  4 0.277 +0.111 0.341 0.64
  R5 dobb .0006 Kv1e-3 rc.03     8 | 0.045 0.028 0.010 0.021    | 0.65 +0.55 0.381  |   1.37  | 0.025   10.3  1 0.067          | 0.49 0.56 +0.51  36.8 +3.41     |  3.66  2 0.285 +0.114 0.317 0.54
  R5 dobb .0006 Kv1e-3 rc.03    12 | 0.074 0.014 0.009 0.032    | 0.61 +0.68 0.384  |   1.18  | 0.026    6.3  1 0.074          | 0.49 0.55 +0.58  21.1 +1.83     |  2.63  3 0.415 +0.166 0.302 0.43
  R5 dobb .0006 Kv1e-3 rc.03    19 | 0.143 0.011 0.027 0.053    | 0.59 +0.69 0.384  |   0.62  | 0.029    4.2  0 0.092          | 0.53 0.59 +0.62  10.6 +0.89     |  2.28  1 0.325 +0.131 0.321 0.22
  R5 dobb .0006 Kv1e-3 rc.03    26 | 0.171 0.034 0.012 0.065    | 0.57 +0.61 0.366  |   0.27  | 0.031    3.3  0 0.098          | 0.54 0.59 +0.69   7.4 +0.62     |  2.83  0 0.340 +0.136 0.299 0.19
  R5 dobb .0006 Kp1.0            6 | 0.032 0.020 0.009 0.015    | 0.67 +0.57 0.390  |   2.83  | 0.024   17.7  1 0.062          | 0.49 0.57 +0.63  61.4 +7.32     |  4.68  4 0.301 +0.120 0.340 0.57
  R5 dobb .0006 Kp1.0            8 | 0.052 0.024 0.014 0.023    | 0.65 +0.69 0.406  |   2.22  | 0.025   11.8  1 0.069          | 0.50 0.57 +0.63  37.7 +4.22     |  3.48  4 0.304 +0.122 0.327 0.42
  R5 dobb .0006 Kp1.0           12 | 0.083 0.005 0.021 0.034    | 0.61 +0.82 0.412  |   1.52  | 0.027    6.9  1 0.077          | 0.50 0.56 +0.68  21.4 +2.13     |  2.56  4 0.490 +0.196 0.323 0.33
  R5 dobb .0006 Kp1.0           19 | 0.156 0.018 0.033 0.058    | 0.60 +0.78 0.404  |   0.62  | 0.031    4.4  0 0.095          | 0.54 0.60 +0.64  10.2 +0.92     |  2.69  1 0.458 +0.188 0.335 0.14
  R5 dobb .0006 Kp1.0           26 | 0.188 0.035 0.015 0.070    | 0.57 +0.68 0.378  |   0.35  | 0.031    3.3  0 0.101          | 0.55 0.60 +0.66   7.0 +0.59     |  2.45  0 0.157 +0.063 0.285 0.02
  R5 dobb .0006 DOB.6            6 | 0.033 0.028 0.006 0.017    | 0.67 +0.55 0.390  |   2.74  | 0.025   16.6  1 0.063          | 0.49 0.57 +0.58  59.4 +6.72     |  4.52  4 0.292 +0.117 0.340 0.59
  R5 dobb .0006 DOB.6            8 | 0.053 0.038 0.009 0.025    | 0.65 +0.67 0.403  |   1.91  | 0.026   10.9  1 0.071          | 0.50 0.58 +0.56  36.3 +3.77     |  3.44  2 0.295 +0.118 0.324 0.44
  R5 dobb .0006 DOB.6           12 | 0.085 0.031 0.007 0.037    | 0.61 +0.79 0.407  |   1.48  | 0.028    6.3  1 0.078          | 0.50 0.56 +0.59  20.6 +1.87     |  2.39  4 0.477 +0.191 0.323 0.42
  R5 dobb .0006 DOB.6           19 | 0.157 0.015 0.032 0.060    | 0.59 +0.74 0.398  |   0.68  | 0.033    4.0  0 0.097          | 0.54 0.60 +0.53   9.8 +0.75     |  2.69  1 0.412 +0.170 0.338 0.35
  R5 dobb .0006 DOB.6           26 | 0.180 0.011 0.035 0.069    | 0.57 +0.64 0.373  |   0.18  | 0.032    3.0  0 0.103          | 0.55 0.60 +0.56   6.8 +0.50     |  2.65  0 0.253 +0.101 0.292 0.10
  R5 dobb .0006 DOB1.0           6 | 0.030 0.012 0.010 0.014    | 0.66 +0.57 0.389  |   2.45  | 0.024   18.7  1 0.061          | 0.48 0.56 +0.67  63.6 +7.82     |  4.77  4 0.307 +0.123 0.337 0.56
  R5 dobb .0006 DOB1.0           8 | 0.049 0.008 0.016 0.021    | 0.65 +0.69 0.405  |   1.96  | 0.025   12.6  1 0.068          | 0.49 0.56 +0.69  39.6 +4.66     |  3.64  5 0.320 +0.128 0.324 0.43
  R5 dobb .0006 DOB1.0          12 | 0.078 0.014 0.015 0.030    | 0.61 +0.82 0.414  |   1.25  | 0.026    7.5  1 0.074          | 0.49 0.55 +0.78  22.8 +2.44     |  3.04  5 0.500 +0.200 0.313 0.27
  R5 dobb .0006 DOB1.0          19 | 0.137 0.045 0.006 0.053    | 0.59 +0.79 0.416  |   0.87  | 0.032    4.9  0 0.090          | 0.53 0.58 +0.84  11.6 +1.19     |  2.55  0 0.406 +0.176 0.299 0.07
  R5 dobb .0006 DOB1.0          26 | 0.145 0.073 0.035 0.070    | 0.57 +0.68 0.384  |   0.47  | 0.031    3.7  0 0.095          | 0.54 0.58 +0.88   8.2 +0.79     |  2.75  0 0.094 +0.038 0.280 0.00

======================================================================================================================================================
WORLD mode, J x1.5 | hold NEED x1.5
  cfg                            v | T1 dist |e| .5 1 2 s, rms  | T2 rise ov rms     | T3 pkpk | T5 rms e, pk rate, dwells, max|e| | T7 t50 t90 ov pk-rate past     | T8 mode-rms bursts max|e|hold ov rms-e damp
  R4-flown                       6 | 0.031 0.032 0.029 0.027    | 0.71 +0.20 0.380  |   1.59  | 0.070   10.4  1 0.093          | 0.50 0.60 +0.16  47.8 +1.83     |  4.40  2 0.230 -0.034 0.423 0.71
  R4-flown                       8 | 0.048 0.049 0.045 0.041    | 0.69 +0.24 0.383  |   1.48  | 0.076    6.1  1 0.098          | 0.52 0.62 +0.09  28.4 +0.60     |  3.13  2 0.254 -0.072 0.421 0.62
  R4-flown                      12 | 0.073 0.067 0.045 0.047    | 0.66 +0.24 0.370  |   0.58  | 0.065    3.4  0 0.086          | 0.52 0.61 +0.05  15.5 +0.17     |  2.25  2 0.191 -0.034 0.418 0.62
  R4-flown                      19 | 0.133 0.097 0.030 0.065    | 0.64 +0.24 0.356  |   0.39  | 0.053    2.5  0 0.106          | 0.57 0.67 +0.09   7.1 +0.13     |  1.92  0 0.060 -0.005 0.397 0.56
  R4-flown                      26 | 0.160 0.097 0.033 0.077    | 0.62 +0.16 0.350  |   0.23  | 0.057    2.4  0 0.114          | 0.58 0.72 +0.13   4.6 +0.12     |  2.38  0 0.088 -0.003 0.408 0.46
  R5 dobb ident                  6 | 0.026 0.014 0.000 0.011    | 0.71 +0.11 0.358  |   0.79  | 0.037   13.9  1 0.062          | 0.49 0.59 +0.21  51.5 +2.41     |  7.21  2 0.088 +0.035 0.482 0.56
  R5 dobb ident                  8 | 0.040 0.017 0.003 0.018    | 0.69 +0.17 0.356  |   0.21  | 0.037    9.3  1 0.069          | 0.50 0.59 +0.21  32.0 +1.43     |  3.64  2 0.068 +0.027 0.452 0.54
  R5 dobb ident                 12 | 0.057 0.020 0.007 0.024    | 0.68 +0.04 0.353  |   0.89  | 0.043    5.3  1 0.076          | 0.50 0.58 +0.15  17.5 +0.48     |  5.79  4 0.212 +0.032 0.503 0.66
  R5 dobb ident                 19 | 0.099 0.014 0.011 0.039    | 0.65 +0.04 0.348  |   0.20  | 0.042    3.4  0 0.093          | 0.54 0.61 +0.15   8.7 +0.21     |  4.62  0 0.165 +0.038 0.460 0.55
  R5 dobb ident                 26 | 0.080 0.017 0.019 0.046    | 0.63 +0.04 0.343  |   0.16  | 0.039    2.5  0 0.098          | 0.55 0.61 +0.18   6.0 +0.16     |  4.48  0 0.099 +0.040 0.448 0.51
  R5 dobb .0006                  6 | 0.027 0.019 0.001 0.013    | 0.69 +0.30 0.361  |   1.75  | 0.030   14.8  1 0.062          | 0.49 0.58 +0.33  53.8 +3.90     |  4.73  3 0.341 +0.136 0.383 0.49
  R5 dobb .0006                  8 | 0.044 0.022 0.002 0.020    | 0.68 +0.36 0.363  |   1.47  | 0.031    9.8  1 0.069          | 0.50 0.59 +0.32  33.0 +2.15     |  3.45  3 0.329 +0.131 0.367 0.50
  R5 dobb .0006                 12 | 0.066 0.020 0.003 0.028    | 0.65 +0.35 0.354  |   0.90  | 0.032    5.6  1 0.076          | 0.50 0.57 +0.30  18.2 +0.95     |  2.79  4 0.397 +0.159 0.353 0.46
  R5 dobb .0006                 19 | 0.120 0.013 0.026 0.046    | 0.63 +0.30 0.349  |   0.58  | 0.036    3.6  0 0.093          | 0.54 0.61 +0.32   8.9 +0.45     |  2.61  0 0.205 +0.082 0.344 0.54
  R5 dobb .0006                 26 | 0.131 0.010 0.024 0.054    | 0.61 +0.21 0.341  |   0.09  | 0.033    2.6  0 0.098          | 0.55 0.61 +0.34   6.1 +0.30     |  3.28  0 0.228 +0.093 0.353 0.49
  R5 dobb .0010                  6 | 0.027 0.016 0.001 0.013    | 0.70 +0.23 0.357  |   0.97  | 0.032   14.5  1 0.062          | 0.49 0.58 +0.29  53.0 +3.36     |  4.83  3 0.213 +0.085 0.413 0.46
  R5 dobb .0010                  8 | 0.041 0.022 0.002 0.018    | 0.68 +0.29 0.358  |   1.00  | 0.032    9.6  1 0.069          | 0.50 0.59 +0.28  32.7 +1.89     |  3.47  2 0.216 +0.086 0.388 0.50
  R5 dobb .0010                 12 | 0.065 0.019 0.002 0.027    | 0.65 +0.30 0.351  |   0.72  | 0.034    5.5  1 0.076          | 0.50 0.57 +0.28  18.2 +0.88     |  2.79  4 0.287 +0.115 0.358 0.55
  R5 dobb .0010                 19 | 0.115 0.018 0.025 0.045    | 0.63 +0.27 0.348  |   0.62  | 0.037    3.5  0 0.093          | 0.54 0.61 +0.30   8.9 +0.42     |  2.80  0 0.177 +0.071 0.351 0.53
  R5 dobb .0010                 26 | 0.120 0.017 0.030 0.053    | 0.61 +0.18 0.340  |   0.09  | 0.034    2.6  0 0.098          | 0.55 0.61 +0.35   6.1 +0.32     |  3.50  0 0.214 +0.086 0.360 0.48
  R5 dobb .0006 Kv1e-3 rc.01     6 | 0.023 0.020 0.001 0.012    | 0.70 +0.21 0.354  |   1.65  | 0.030   12.8  1 0.059          | 0.48 0.57 +0.24  50.5 +2.77     |  4.54  2 0.264 +0.106 0.381 0.58
  R5 dobb .0006 Kv1e-3 rc.01     8 | 0.037 0.029 0.001 0.018    | 0.68 +0.28 0.356  |   1.25  | 0.030    8.3  1 0.066          | 0.49 0.58 +0.22  30.9 +1.50     |  3.26  2 0.266 +0.106 0.357 0.57
  R5 dobb .0006 Kv1e-3 rc.01    12 | 0.059 0.027 0.003 0.026    | 0.65 +0.29 0.349  |   1.02  | 0.032    4.9  0 0.074          | 0.49 0.57 +0.22  17.1 +0.68     |  2.13  3 0.362 +0.145 0.336 0.57
  R5 dobb .0006 Kv1e-3 rc.01    19 | 0.114 0.026 0.029 0.047    | 0.63 +0.27 0.348  |   0.50  | 0.036    3.3  0 0.092          | 0.54 0.60 +0.26   8.7 +0.37     |  2.39  0 0.237 +0.095 0.346 0.55
  R5 dobb .0006 Kv1e-3 rc.01    26 | 0.125 0.018 0.028 0.053    | 0.61 +0.19 0.341  |   0.21  | 0.038    2.5  0 0.098          | 0.54 0.61 +0.36   6.0 +0.32     |  2.69  0 0.194 +0.078 0.351 0.51
  R5 dobb .0006 Kv1e-3 rc.03     6 | 0.024 0.019 0.001 0.012    | 0.69 +0.22 0.355  |   1.54  | 0.030   13.4  1 0.060          | 0.48 0.57 +0.26  52.4 +3.05     |  5.01  3 0.267 +0.107 0.380 0.59
  R5 dobb .0006 Kv1e-3 rc.03     8 | 0.039 0.027 0.002 0.018    | 0.68 +0.29 0.356  |   1.24  | 0.030    8.8  1 0.067          | 0.49 0.58 +0.25  32.3 +1.65     |  3.58  2 0.269 +0.108 0.356 0.58
  R5 dobb .0006 Kv1e-3 rc.03    12 | 0.061 0.024 0.003 0.027    | 0.65 +0.29 0.349  |   0.96  | 0.032    5.1  1 0.075          | 0.49 0.56 +0.24  17.9 +0.75     |  2.61  3 0.359 +0.144 0.336 0.55
  R5 dobb .0006 Kv1e-3 rc.03    19 | 0.117 0.018 0.028 0.046    | 0.63 +0.27 0.347  |   0.48  | 0.037    3.4  0 0.092          | 0.54 0.60 +0.29   9.0 +0.42     |  2.73  0 0.241 +0.096 0.343 0.55
  R5 dobb .0006 Kv1e-3 rc.03    26 | 0.128 0.017 0.032 0.054    | 0.61 +0.19 0.341  |   0.18  | 0.032    2.5  0 0.098          | 0.54 0.60 +0.32   6.1 +0.28     |  2.80  0 0.194 +0.077 0.350 0.52
  R5 dobb .0006 Kp1.0            6 | 0.027 0.019 0.001 0.013    | 0.69 +0.29 0.361  |   1.68  | 0.029   14.8  1 0.062          | 0.49 0.58 +0.33  53.6 +3.87     |  4.73  3 0.348 +0.139 0.386 0.48
  R5 dobb .0006 Kp1.0            8 | 0.043 0.025 0.003 0.020    | 0.68 +0.36 0.363  |   1.59  | 0.031    9.7  1 0.069          | 0.50 0.59 +0.31  32.7 +2.10     |  3.49  2 0.334 +0.133 0.370 0.50
  R5 dobb .0006 Kp1.0           12 | 0.067 0.020 0.003 0.029    | 0.65 +0.35 0.354  |   1.07  | 0.033    5.5  1 0.077          | 0.50 0.57 +0.30  18.0 +0.94     |  2.81  4 0.413 +0.165 0.356 0.49
  R5 dobb .0006 Kp1.0           19 | 0.123 0.019 0.028 0.049    | 0.63 +0.30 0.351  |   0.68  | 0.037    3.5  0 0.095          | 0.55 0.62 +0.28   8.5 +0.40     |  2.46  0 0.236 +0.094 0.346 0.56
  R5 dobb .0006 Kp1.0           26 | 0.136 0.023 0.041 0.058    | 0.61 +0.21 0.343  |   0.25  | 0.033    2.6  0 0.101          | 0.56 0.62 +0.30   5.7 +0.27     |  3.07  0 0.220 +0.088 0.355 0.52
  R5 dobb .0006 DOB.6            6 | 0.028 0.025 0.001 0.014    | 0.70 +0.27 0.361  |   1.70  | 0.032   13.7  1 0.063          | 0.49 0.59 +0.28  51.8 +3.30     |  4.69  3 0.312 +0.125 0.393 0.40
  R5 dobb .0006 DOB.6            8 | 0.045 0.036 0.001 0.021    | 0.68 +0.33 0.362  |   1.36  | 0.033    8.9  1 0.071          | 0.51 0.59 +0.25  31.6 +1.70     |  3.42  2 0.295 +0.118 0.373 0.50
  R5 dobb .0006 DOB.6           12 | 0.066 0.038 0.000 0.030    | 0.65 +0.31 0.353  |   0.83  | 0.035    5.0  0 0.079          | 0.51 0.58 +0.22  17.3 +0.68     |  2.40  4 0.352 +0.141 0.355 0.53
  R5 dobb .0006 DOB.6           19 | 0.123 0.044 0.005 0.054    | 0.63 +0.27 0.349  |   0.56  | 0.040    3.2  0 0.097          | 0.55 0.62 +0.23   8.2 +0.33     |  2.40  0 0.163 +0.065 0.346 0.53
  R5 dobb .0006 DOB.6           26 | 0.149 0.043 0.030 0.060    | 0.61 +0.18 0.341  |   0.20  | 0.036    2.4  0 0.103          | 0.56 0.63 +0.28   5.5 +0.25     |  2.92  0 0.169 +0.068 0.364 0.48
  R5 dobb .0006 DOB1.0           6 | 0.026 0.013 0.006 0.012    | 0.69 +0.32 0.362  |   2.15  | 0.028   15.7  1 0.061          | 0.49 0.57 +0.38  55.6 +4.42     |  4.77  3 0.349 +0.140 0.375 0.53
  R5 dobb .0006 DOB1.0           8 | 0.042 0.012 0.009 0.018    | 0.67 +0.39 0.365  |   1.55  | 0.029   10.5  1 0.068          | 0.50 0.58 +0.38  34.4 +2.53     |  3.53  3 0.339 +0.136 0.359 0.52
  R5 dobb .0006 DOB1.0          12 | 0.064 0.007 0.015 0.026    | 0.64 +0.38 0.355  |   0.96  | 0.031    6.1  1 0.074          | 0.50 0.56 +0.37  19.1 +1.16     |  3.06  4 0.410 +0.164 0.342 0.49
  R5 dobb .0006 DOB1.0          19 | 0.111 0.003 0.016 0.042    | 0.62 +0.33 0.350  |   0.58  | 0.033    3.9  0 0.090          | 0.53 0.59 +0.40   9.6 +0.56     |  2.96  1 0.231 +0.092 0.342 0.47
  R5 dobb .0006 DOB1.0          26 | 0.112 0.011 0.015 0.050    | 0.60 +0.23 0.341  |   0.22  | 0.030    2.9  0 0.095          | 0.54 0.59 +0.45   6.7 +0.40     |  3.61  0 0.266 +0.108 0.345 0.47