v293r5_design_ship -- shipping candidates x every world x every test

======================================================================================================================================================
WORLD mode (b .0006, J 1e-4) | hold NEED x1.0
  cfg                              v | T1 dist |e| .5 1 2 s, rms  | T2 rise ov rms     | T3 pkpk | T5 rms e, pk rate, dwells, max|e| | T7 t50 t90 ov pk-rate past     | T8 mode-rms bursts max|e|hold ov rms-e damp
  R4-flown                         6 | 0.035 0.038 0.035 0.031    | 0.66 +0.40 0.365  |   1.84  | 0.033   11.7  1 0.063          | 0.47 0.56 +0.33  56.1 +3.88     |  5.08  4 0.264 +0.106 0.333 0.84
  R4-flown                         8 | 0.057 0.060 0.053 0.048    | 0.64 +0.49 0.372  |   1.53  | 0.039    6.9  1 0.074          | 0.49 0.57 +0.27  33.9 +1.82     |  3.62  2 0.217 +0.087 0.313 0.72
  R4-flown                        12 | 0.092 0.085 0.048 0.056    | 0.60 +0.61 0.374  |   0.15  | 0.040    4.1  0 0.084          | 0.49 0.55 +0.31  19.3 +0.97     |  2.58  2 0.238 +0.095 0.298 0.67
  R4-flown                        19 | 0.165 0.085 0.021 0.074    | 0.59 +0.57 0.369  |   0.48  | 0.045    3.5  0 0.105          | 0.54 0.60 +0.34   9.1 +0.48     |  2.22  1 0.206 +0.083 0.312 0.65
  R4-flown                        26 | 0.201 0.102 0.021 0.088    | 0.57 +0.47 0.352  |   0.29  | 0.048    3.6  0 0.113          | 0.55 0.61 +0.34   6.0 +0.31     |  2.48  0 0.169 +0.068 0.298 0.57
  SHIP Kp1.0 Kv1e-3 rc.03 DOB.6    6 | 0.027 0.022 0.000 0.013    | 0.67 +0.17 0.345  |   0.93  | 0.031   12.9  1 0.059          | 0.46 0.54 +0.22  54.3 +2.63     |  6.06  2 0.092 +0.024 0.438 0.76
  SHIP Kp1.0 Kv1e-3 rc.03 DOB.6    8 | 0.045 0.034 0.000 0.021    | 0.65 +0.26 0.346  |   0.75  | 0.031    8.4  1 0.067          | 0.47 0.55 +0.22  34.3 +1.49     |  4.24  2 0.036 +0.012 0.399 0.63
  SHIP Kp1.0 Kv1e-3 rc.03 DOB.6   12 | 0.068 0.032 0.001 0.030    | 0.63 +0.20 0.341  |   0.42  | 0.037    5.1  1 0.076          | 0.47 0.54 +0.21  19.7 +0.67     |  3.20  3 0.177 +0.024 0.435 0.84
  SHIP Kp1.0 Kv1e-3 rc.03 DOB.6   19 | 0.139 0.026 0.020 0.053    | 0.60 +0.22 0.340  |   0.36  | 0.041    3.5  0 0.097          | 0.53 0.59 +0.25   9.9 +0.35     |  3.51  0 0.066 +0.026 0.391 0.86
  SHIP Kp1.0 Kv1e-3 rc.03 DOB.6   26 | 0.137 0.019 0.019 0.063    | 0.58 +0.17 0.335  |   0.09  | 0.034    3.4  0 0.105          | 0.54 0.59 +0.29   6.6 +0.26     |  3.58  0 0.059 +0.024 0.369 0.87
  ALT-A rc.01                      6 | 0.026 0.022 0.001 0.013    | 0.67 +0.16 0.345  |   0.92  | 0.031   12.0  1 0.058          | 0.46 0.55 +0.21  52.1 +2.42     |  5.24  2 0.096 +0.025 0.439 0.80
  ALT-A rc.01                      8 | 0.042 0.035 0.000 0.021    | 0.65 +0.25 0.346  |   0.30  | 0.031    7.8  1 0.066          | 0.47 0.55 +0.21  32.5 +1.38     |  3.52  2 0.036 +0.012 0.399 0.64
  ALT-A rc.01                     12 | 0.067 0.034 0.001 0.030    | 0.63 +0.20 0.341  |   0.18  | 0.037    4.7  0 0.076          | 0.47 0.54 +0.18  18.6 +0.55     |  2.46  3 0.176 +0.024 0.435 0.85
  ALT-A rc.01                     19 | 0.127 0.035 0.027 0.053    | 0.60 +0.22 0.341  |   0.36  | 0.041    3.5  0 0.097          | 0.52 0.59 +0.24   9.5 +0.35     |  2.92  0 0.070 +0.028 0.389 0.88
  ALT-A rc.01                     26 | 0.139 0.020 0.028 0.062    | 0.58 +0.18 0.336  |   0.11  | 0.035    3.5  0 0.105          | 0.54 0.60 +0.37   6.5 +0.33     |  3.26  0 0.052 +0.021 0.369 0.87
  ALT-B Kp.85                      6 | 0.027 0.024 0.000 0.013    | 0.67 +0.16 0.345  |   0.92  | 0.031   12.9  1 0.059          | 0.46 0.55 +0.22  54.3 +2.62     |  6.05  2 0.092 +0.030 0.443 0.77
  ALT-B Kp.85                      8 | 0.044 0.034 0.001 0.021    | 0.65 +0.25 0.346  |   0.70  | 0.031    8.3  1 0.067          | 0.47 0.55 +0.22  34.2 +1.47     |  4.21  2 0.043 +0.017 0.403 0.63
  ALT-B Kp.85                     12 | 0.070 0.033 0.001 0.031    | 0.63 +0.20 0.341  |   0.32  | 0.037    5.0  1 0.077          | 0.47 0.54 +0.21  19.6 +0.66     |  3.33  3 0.188 +0.028 0.444 0.84
  ALT-B Kp.85                     19 | 0.141 0.031 0.026 0.055    | 0.60 +0.22 0.341  |   0.53  | 0.042    3.5  0 0.099          | 0.53 0.59 +0.25   9.5 +0.35     |  3.45  0 0.086 +0.034 0.400 0.85
  ALT-B Kp.85                     26 | 0.149 0.028 0.025 0.066    | 0.58 +0.18 0.337  |   0.22  | 0.036    3.5  0 0.107          | 0.55 0.61 +0.30   6.2 +0.27     |  3.36  0 0.051 +0.021 0.376 0.90
  ALT-C Kv6e-4                     6 | 0.031 0.022 0.000 0.014    | 0.66 +0.23 0.349  |   0.62  | 0.031   14.3  1 0.061          | 0.47 0.55 +0.31  57.5 +3.61     |  6.21  2 0.060 +0.024 0.433 0.72
  ALT-C Kv6e-4                     8 | 0.050 0.029 0.001 0.023    | 0.64 +0.33 0.352  |   0.88  | 0.031    9.5  1 0.069          | 0.48 0.56 +0.31  36.0 +2.06     |  4.32  2 0.022 +0.003 0.395 0.61
  ALT-C Kv6e-4                    12 | 0.075 0.030 0.001 0.031    | 0.62 +0.25 0.345  |   0.40  | 0.037    5.6  1 0.078          | 0.48 0.54 +0.29  20.5 +0.90     |  3.82  3 0.198 +0.026 0.438 0.88
  ALT-C Kv6e-4                    19 | 0.143 0.019 0.017 0.053    | 0.60 +0.26 0.343  |   0.16  | 0.035    3.6  0 0.098          | 0.53 0.59 +0.30   9.8 +0.43     |  4.12  0 0.048 +0.019 0.391 0.82
  ALT-C Kv6e-4                    26 | 0.121 0.021 0.009 0.063    | 0.58 +0.20 0.337  |   0.20  | 0.035    3.4  0 0.105          | 0.54 0.60 +0.37   6.6 +0.33     |  4.10  0 0.097 +0.043 0.373 0.78
  SHIP DOB.8                       6 | 0.026 0.015 0.001 0.012    | 0.67 +0.12 0.343  |   0.25  | 0.031   13.8  1 0.058          | 0.45 0.54 +0.21  54.7 +2.46     |  6.87  2 0.099 +0.030 0.449 0.72
  SHIP DOB.8                       8 | 0.042 0.019 0.002 0.019    | 0.65 +0.21 0.342  |   0.53  | 0.030    9.2  1 0.065          | 0.47 0.54 +0.23  35.1 +1.53     |  4.74  2 0.045 +0.018 0.408 0.65
  SHIP DOB.8                      12 | 0.064 0.019 0.012 0.026    | 0.64 +0.10 0.337  |   0.59  | 0.036    5.6  1 0.074          | 0.47 0.53 +0.21  20.3 +0.66     |  4.58  3 0.175 +0.029 0.449 0.83
  SHIP DOB.8                      19 | 0.105 0.012 0.017 0.045    | 0.61 +0.12 0.336  |   0.14  | 0.034    3.8  0 0.093          | 0.52 0.57 +0.29  10.6 +0.42     |  4.53  0 0.081 +0.032 0.399 0.85
  SHIP DOB.8                      26 | 0.067 0.001 0.011 0.056    | 0.58 +0.09 0.332  |   0.42  | 0.033    3.2  0 0.100          | 0.53 0.58 +0.36   7.3 +0.33     |  4.39  0 0.073 +0.029 0.375 0.84

======================================================================================================================================================
WORLD mode (b .0006, J 1e-4) | hold NEED x1.5
  cfg                              v | T1 dist |e| .5 1 2 s, rms  | T2 rise ov rms     | T3 pkpk | T5 rms e, pk rate, dwells, max|e| | T7 t50 t90 ov pk-rate past     | T8 mode-rms bursts max|e|hold ov rms-e damp
  R4-flown                         6 | 0.030 0.032 0.029 0.026    | 0.70 +0.11 0.370  |   1.82  | 0.070    9.9  1 0.093          | 0.48 0.58 +0.07  48.0 +0.85     |  5.22  2 0.212 -0.049 0.419 0.68
  R4-flown                         8 | 0.048 0.049 0.044 0.040    | 0.68 +0.15 0.373  |   1.38  | 0.076    5.7  1 0.098          | 0.49 0.60 +0.01  29.0 +0.09     |  3.57  2 0.249 -0.080 0.418 0.57
  R4-flown                        12 | 0.073 0.066 0.040 0.046    | 0.66 +0.14 0.360  |   0.23  | 0.065    3.5  0 0.084          | 0.50 0.59 +0.00  16.1 +0.00     |  2.39  2 0.173 -0.039 0.411 0.49
  R4-flown                        19 | 0.127 0.085 0.012 0.060    | 0.64 +0.13 0.347  |   0.35  | 0.054    3.5  0 0.105          | 0.55 0.70 +0.08   7.7 +0.12     |  2.12  0 0.066 +0.004 0.393 0.51
  R4-flown                        26 | 0.145 0.077 0.008 0.068    | 0.63 +0.06 0.341  |   0.07  | 0.056    3.6  0 0.113          | 0.56 0.72 +0.10   4.9 +0.09     |  1.88  0 0.114 +0.003 0.405 0.35
  SHIP Kp1.0 Kv1e-3 rc.03 DOB.6    6 | 0.024 0.020 0.003 0.012    | 0.72 +0.03 0.350  |   1.94  | 0.039   11.3  1 0.059          | 0.46 0.57 +0.05  47.0 +0.61     |  6.17  2 0.183 +0.041 0.499 0.59
  SHIP Kp1.0 Kv1e-3 rc.03 DOB.6    8 | 0.039 0.029 0.003 0.019    | 0.70 +0.05 0.347  |   0.68  | 0.039    7.2  1 0.067          | 0.48 0.58 +0.03  29.6 +0.17     |  4.07  2 0.133 +0.034 0.467 0.52
  SHIP Kp1.0 Kv1e-3 rc.03 DOB.6   12 | 0.058 0.034 0.005 0.027    | 0.70 +0.06 0.350  |   0.78  | 0.046    4.2  0 0.076          | 0.48 0.57 +0.05  16.6 +0.17     |  3.19  2 0.299 +0.038 0.520 0.61
  SHIP Kp1.0 Kv1e-3 rc.03 DOB.6   19 | 0.103 0.052 0.003 0.047    | 0.69 +0.07 0.346  |   0.44  | 0.048    3.6  0 0.097          | 0.53 0.66 +0.07   8.3 +0.10     |  3.03  0 0.201 +0.055 0.487 0.59
  SHIP Kp1.0 Kv1e-3 rc.03 DOB.6   26 | 0.122 0.029 0.017 0.054    | 0.71 +0.04 0.342  |   0.09  | 0.049    3.6  0 0.105          | 0.54 0.68 +0.10   5.5 +0.09     |  1.97  0 0.198 +0.049 0.469 0.60
  ALT-A rc.01                      6 | 0.023 0.019 0.003 0.012    | 0.72 +0.03 0.350  |   1.79  | 0.039   10.4  1 0.058          | 0.47 0.58 +0.05  45.2 +0.60     |  5.31  2 0.186 +0.041 0.499 0.59
  ALT-A rc.01                      8 | 0.037 0.029 0.004 0.018    | 0.70 +0.05 0.347  |   0.84  | 0.039    6.7  1 0.067          | 0.48 0.59 +0.03  28.2 +0.17     |  3.41  2 0.134 +0.034 0.467 0.57
  ALT-A rc.01                     12 | 0.055 0.033 0.003 0.026    | 0.70 +0.06 0.350  |   0.67  | 0.046    4.0  0 0.076          | 0.48 0.59 +0.06  15.7 +0.18     |  2.59  1 0.300 +0.039 0.520 0.63
  ALT-A rc.01                     19 | 0.100 0.052 0.003 0.047    | 0.69 +0.07 0.346  |   0.40  | 0.048    3.6  0 0.097          | 0.53 0.71 +0.09   8.1 +0.13     |  2.61  0 0.200 +0.052 0.491 0.59
  ALT-A rc.01                     26 | 0.128 0.030 0.019 0.054    | 0.70 +0.04 0.342  |   0.09  | 0.049    3.6  0 0.105          | 0.54 0.71 +0.12   5.3 +0.10     |  1.87  0 0.197 +0.047 0.470 0.61
  ALT-B Kp.85                      6 | 0.024 0.019 0.002 0.012    | 0.72 +0.04 0.350  |   1.84  | 0.038   11.3  1 0.059          | 0.47 0.57 +0.06  46.9 +0.71     |  6.01  2 0.182 +0.050 0.504 0.59
  ALT-B Kp.85                      8 | 0.039 0.029 0.003 0.019    | 0.70 +0.05 0.347  |   0.56  | 0.039    7.2  1 0.067          | 0.48 0.58 +0.05  29.6 +0.33     |  4.01  2 0.137 +0.041 0.474 0.51
  ALT-B Kp.85                     12 | 0.056 0.035 0.003 0.027    | 0.71 +0.06 0.351  |   0.91  | 0.046    4.2  0 0.077          | 0.48 0.58 +0.07  16.4 +0.21     |  3.23  2 0.316 +0.045 0.533 0.61
  ALT-B Kp.85                     19 | 0.107 0.055 0.003 0.049    | 0.70 +0.07 0.348  |   0.52  | 0.049    3.6  0 0.099          | 0.54 0.71 +0.06   8.0 +0.09     |  3.11  0 0.225 +0.058 0.503 0.58
  ALT-B Kp.85                     26 | 0.136 0.036 0.015 0.057    | 0.75 +0.05 0.344  |   0.13  | 0.051    3.6  0 0.107          | 0.55 0.72 +0.14   5.1 +0.12     |  2.14  0 0.218 +0.055 0.485 0.57
  ALT-C Kv6e-4                     6 | 0.027 0.020 0.002 0.013    | 0.71 +0.03 0.352  |   1.31  | 0.039   12.2  1 0.061          | 0.47 0.57 +0.08  49.5 +0.93     |  6.96  2 0.139 +0.039 0.493 0.61
  ALT-C Kv6e-4                     8 | 0.042 0.029 0.002 0.020    | 0.69 +0.08 0.349  |   0.31  | 0.039    8.0  1 0.069          | 0.49 0.58 +0.06  30.9 +0.42     |  4.19  2 0.101 +0.033 0.464 0.54
  ALT-C Kv6e-4                    12 | 0.060 0.033 0.005 0.028    | 0.69 +0.06 0.351  |   0.77  | 0.046    4.5  0 0.078          | 0.49 0.57 +0.07  17.1 +0.21     |  4.07  3 0.299 +0.047 0.522 0.66
  ALT-C Kv6e-4                    19 | 0.107 0.053 0.003 0.048    | 0.68 +0.07 0.347  |   0.26  | 0.048    3.6  0 0.098          | 0.54 0.63 +0.07   8.2 +0.10     |  3.53  0 0.190 +0.054 0.487 0.58
  ALT-C Kv6e-4                    26 | 0.118 0.027 0.013 0.054    | 0.70 +0.04 0.342  |   0.06  | 0.040    3.5  0 0.105          | 0.55 0.68 +0.11   5.4 +0.10     |  2.51  0 0.205 +0.047 0.472 0.56
  SHIP DOB.8                       6 | 0.022 0.015 0.000 0.010    | 0.73 +0.03 0.349  |   1.22  | 0.037   12.1  1 0.058          | 0.46 0.57 +0.04  47.5 +0.48     |  6.83  2 0.165 +0.043 0.496 0.51
  SHIP DOB.8                       8 | 0.036 0.022 0.000 0.017    | 0.70 +0.04 0.345  |   0.33  | 0.037    7.9  1 0.065          | 0.47 0.57 +0.04  30.4 +0.26     |  4.46  2 0.105 +0.035 0.462 0.53
  SHIP DOB.8                      12 | 0.053 0.025 0.001 0.024    | 0.74 +0.06 0.348  |   0.90  | 0.043    4.7  0 0.074          | 0.48 0.56 +0.05  17.1 +0.17     |  4.03  1 0.269 +0.043 0.517 0.62
  SHIP DOB.8                      19 | 0.094 0.022 0.015 0.040    | 1.45 +0.07 0.344  |   0.16  | 0.044    3.6  0 0.093          | 0.52 0.60 +0.07   8.9 +0.10     |  3.68  0 0.166 +0.054 0.475 0.59
  SHIP DOB.8                      26 | 0.081 0.019 0.013 0.048    | 1.21 +0.04 0.341  |   0.08  | 0.039    3.4  0 0.100          | 0.54 0.61 +0.14   6.0 +0.13     |  2.31  0 0.152 +0.046 0.457 0.56

======================================================================================================================================================
WORLD ident (b F1, J 1e-4) | hold NEED x1.0
  cfg                              v | T1 dist |e| .5 1 2 s, rms  | T2 rise ov rms     | T3 pkpk | T5 rms e, pk rate, dwells, max|e| | T7 t50 t90 ov pk-rate past     | T8 mode-rms bursts max|e|hold ov rms-e damp
  R4-flown                         6 | 0.026 0.031 0.032 0.028    | 0.81 +0.13 0.368  |   0.96  | 0.040    9.7  1 0.068          | 0.53 0.72 +0.08  34.4 +0.93     |  2.39  2 0.247 +0.099 0.506 0.83
  R4-flown                         8 | 0.042 0.049 0.050 0.044    | 0.77 +0.18 0.368  |   0.94  | 0.045    5.7  0 0.078          | 0.54 0.75 +0.09  20.5 +0.57     |  1.62  2 0.194 +0.077 0.470 0.82
  R4-flown                        12 | 0.052 0.065 0.056 0.048    | 0.84 +0.14 0.380  |   0.04  | 0.048    3.6  0 0.091          | 0.61 1.20 +0.21   7.5 +0.65     |  0.57  1 0.379 +0.151 0.505 0.85
  R4-flown                        19 | 0.094 0.104 0.033 0.059    | 0.78 +0.27 0.385  |   0.92  | 0.049    3.6  0 0.108          | 0.67 1.46 +0.48   3.6 +0.69     |  0.41  0 0.453 +0.181 0.442 0.84
  R4-flown                        26 | 0.119 0.117 0.021 0.066    | 0.75 +0.27 0.380  |   0.42  | 0.052    3.6  0 0.116          | 0.70 1.68 -0.00   1.9 -0.00     |  0.30  0 0.371 +0.148 0.408 0.85
  SHIP Kp1.0 Kv1e-3 rc.03 DOB.6    6 | 0.019 0.020 0.006 0.012    | 0.80 +0.09 0.362  |   1.13  | 0.032   10.8  1 0.061          | 0.51 0.68 +0.13  36.5 +1.52     |  2.61  2 0.116 +0.046 0.504 0.61
  SHIP Kp1.0 Kv1e-3 rc.03 DOB.6    8 | 0.031 0.032 0.006 0.019    | 0.76 +0.15 0.362  |   1.43  | 0.033    6.9  1 0.069          | 0.52 0.68 +0.16  22.2 +1.08     |  1.76  2 0.124 +0.049 0.450 0.28
  SHIP Kp1.0 Kv1e-3 rc.03 DOB.6   12 | 0.042 0.043 0.015 0.025    | 0.84 +0.07 0.369  |   0.16  | 0.040    3.6  0 0.080          | 0.58 0.85 +0.24   8.3 +0.76     |  0.63  1 0.136 +0.054 0.538 0.05
  SHIP Kp1.0 Kv1e-3 rc.03 DOB.6   19 | 0.082 0.073 0.014 0.045    | 0.79 +0.13 0.371  |   0.26  | 0.044    3.6  0 0.099          | 0.64 0.99 +0.44   3.6 +0.63     |  0.42  0 0.203 +0.081 0.461 0.08
  SHIP Kp1.0 Kv1e-3 rc.03 DOB.6   26 | 0.109 0.075 0.026 0.050    | 0.76 +0.16 0.369  |   0.07  | 0.046    3.6  0 0.106          | 0.66 1.15 +0.56   3.6 +0.50     |  0.36  0 0.214 +0.086 0.435 0.10
  ALT-A rc.01                      6 | 0.019 0.020 0.006 0.012    | 0.81 +0.09 0.362  |   1.12  | 0.032   10.8  1 0.061          | 0.51 0.68 +0.13  36.0 +1.54     |  2.46  2 0.118 +0.047 0.504 0.61
  ALT-A rc.01                      8 | 0.031 0.032 0.006 0.019    | 0.76 +0.15 0.361  |   1.35  | 0.033    6.9  1 0.069          | 0.52 0.69 +0.16  21.7 +1.06     |  1.65  2 0.122 +0.049 0.451 0.29
  ALT-A rc.01                     12 | 0.042 0.043 0.006 0.025    | 0.84 +0.07 0.369  |   0.17  | 0.040    3.6  0 0.080          | 0.58 0.86 +0.24   8.1 +0.76     |  0.62  1 0.137 +0.055 0.538 0.05
  ALT-A rc.01                     19 | 0.082 0.073 0.014 0.045    | 0.79 +0.13 0.371  |   0.27  | 0.044    3.6  0 0.099          | 0.64 0.99 +0.44   3.6 +0.63     |  0.42  0 0.203 +0.081 0.461 0.08
  ALT-A rc.01                     26 | 0.109 0.076 0.026 0.050    | 0.76 +0.16 0.369  |   0.07  | 0.046    3.6  0 0.106          | 0.66 1.14 +0.56   3.6 +0.50     |  0.35  0 0.214 +0.086 0.435 0.10
  ALT-B Kp.85                      6 | 0.019 0.020 0.005 0.012    | 0.80 +0.09 0.362  |   1.21  | 0.032   10.8  1 0.062          | 0.51 0.68 +0.13  36.4 +1.53     |  2.57  2 0.131 +0.052 0.509 0.60
  ALT-B Kp.85                      8 | 0.031 0.032 0.007 0.019    | 0.76 +0.15 0.362  |   1.50  | 0.033    6.9  1 0.069          | 0.52 0.68 +0.17  22.1 +1.11     |  1.75  2 0.129 +0.051 0.457 0.31
  ALT-B Kp.85                     12 | 0.042 0.044 0.016 0.025    | 0.85 +0.07 0.370  |   0.06  | 0.040    3.6  0 0.081          | 0.58 0.87 +0.25   8.2 +0.79     |  0.64  1 0.150 +0.060 0.551 0.04
  ALT-B Kp.85                     19 | 0.083 0.074 0.004 0.046    | 0.80 +0.12 0.371  |   0.33  | 0.045    3.6  0 0.101          | 0.66 1.11 +0.46   3.6 +0.66     |  0.40  0 0.208 +0.083 0.473 0.08
  ALT-B Kp.85                     26 | 0.112 0.082 0.022 0.052    | 0.77 +0.15 0.369  |   0.09  | 0.047    3.6  0 0.109          | 0.68 1.23 +0.59   3.6 +0.53     |  0.36  0 0.219 +0.087 0.444 0.10
  ALT-C Kv6e-4                     6 | 0.021 0.021 0.004 0.013    | 0.80 +0.11 0.365  |   1.33  | 0.032   11.4  1 0.064          | 0.52 0.68 +0.15  36.2 +1.75     |  2.52  2 0.146 +0.058 0.494 0.44
  ALT-C Kv6e-4                     8 | 0.035 0.034 0.001 0.021    | 0.76 +0.18 0.365  |   1.59  | 0.033    7.4  1 0.071          | 0.53 0.68 +0.18  22.2 +1.20     |  1.76  2 0.152 +0.061 0.444 0.12
  ALT-C Kv6e-4                    12 | 0.044 0.045 0.013 0.026    | 0.84 +0.09 0.372  |   0.23  | 0.040    3.6  0 0.082          | 0.59 0.85 +0.25   8.2 +0.78     |  0.64  1 0.148 +0.059 0.539 0.04
  ALT-C Kv6e-4                    19 | 0.084 0.072 0.007 0.047    | 0.79 +0.14 0.372  |   0.46  | 0.044    3.6  0 0.100          | 0.65 0.97 +0.45   3.6 +0.64     |  0.42  0 0.208 +0.083 0.461 0.07
  ALT-C Kv6e-4                    26 | 0.109 0.075 0.026 0.050    | 0.76 +0.16 0.370  |   0.06  | 0.046    3.6  0 0.107          | 0.67 1.12 +0.56   3.6 +0.51     |  0.36  0 0.216 +0.086 0.436 0.10
  SHIP DOB.8                       6 | 0.018 0.017 0.001 0.011    | 0.80 +0.09 0.362  |   0.86  | 0.032   11.0  1 0.060          | 0.51 0.66 +0.14  37.3 +1.67     |  2.68  2 0.115 +0.046 0.500 0.57
  SHIP DOB.8                       8 | 0.030 0.027 0.001 0.017    | 0.76 +0.15 0.361  |   1.13  | 0.032    7.1  1 0.067          | 0.51 0.66 +0.18  23.0 +1.19     |  1.80  2 0.122 +0.049 0.447 0.25
  SHIP DOB.8                      12 | 0.040 0.035 0.007 0.022    | 0.83 +0.08 0.369  |   0.19  | 0.038    3.6  0 0.077          | 0.57 0.80 +0.22   8.7 +0.67     |  0.65  1 0.134 +0.053 0.531 0.03
  SHIP DOB.8                      19 | 0.078 0.055 0.002 0.041    | 0.79 +0.14 0.370  |   0.31  | 0.041    3.6  0 0.095          | 0.62 0.85 +0.40   3.8 +0.57     |  0.47  0 0.202 +0.081 0.455 0.05
  SHIP DOB.8                      26 | 0.104 0.056 0.032 0.044    | 0.76 +0.17 0.368  |   0.04  | 0.042    3.6  0 0.101          | 0.64 0.86 +0.52   3.6 +0.46     |  0.36  0 0.214 +0.086 0.432 0.07

======================================================================================================================================================
WORLD ident (b F1, J 1e-4) | hold NEED x1.5
  cfg                              v | T1 dist |e| .5 1 2 s, rms  | T2 rise ov rms     | T3 pkpk | T5 rms e, pk rate, dwells, max|e| | T7 t50 t90 ov pk-rate past     | T8 mode-rms bursts max|e|hold ov rms-e damp
  R4-flown                         6 | 0.022 0.026 0.027 0.023    | 0.98 -0.02 0.381  |   1.52  | 0.075    7.8  1 0.097          | 0.54 1.98 -0.03  31.0 -0.34     |  2.60  2 0.375 -0.011 0.553 0.69
  R4-flown                         8 | 0.035 0.041 0.041 0.035    | 0.87 -0.03 0.380  |   0.60  | 0.080    4.5  0 0.101          | 0.56 2.21 -0.03  18.4 -0.20     |  1.75  2 0.369 -0.036 0.535 0.67
  R4-flown                        12 | 0.043 0.055 0.043 0.039    | 1.31 +0.01 0.381  |   0.90  | 0.071    2.2  0 0.093          | 0.64 1.76 +0.04   6.8 +0.14     |  0.57  1 0.328 +0.050 0.582 0.59
  R4-flown                        19 | 0.080 0.087 0.034 0.050    | 0.86 +0.02 0.372  |   0.57  | 0.058    3.6  0 0.109          | 0.71 2.08 -0.00   2.9 -0.00     |  0.32  0 0.188 +0.075 0.469 0.59
  R4-flown                        26 | 0.101 0.092 0.024 0.054    | 0.83 +0.02 0.369  |   0.01  | 0.060    3.6  0 0.116          | 0.75 2.19 -0.00   1.7 -0.00     |  0.27  0 0.091 +0.037 0.479 0.52
  SHIP Kp1.0 Kv1e-3 rc.03 DOB.6    6 | 0.017 0.018 0.008 0.011    | 0.93 +0.03 0.366  |   1.08  | 0.039    9.3  1 0.062          | 0.52 0.81 +0.10  33.1 +1.12     |  2.51  2 0.196 +0.058 0.562 0.38
  SHIP Kp1.0 Kv1e-3 rc.03 DOB.6    8 | 0.027 0.028 0.011 0.017    | 0.84 +0.04 0.362  |   0.42  | 0.040    5.9  1 0.069          | 0.53 0.84 +0.12  20.1 +0.80     |  1.68  2 0.121 +0.048 0.522 0.37
  SHIP Kp1.0 Kv1e-3 rc.03 DOB.6   12 | 0.037 0.036 0.007 0.021    | 1.06 +0.06 0.376  |   0.51  | 0.046    2.7  0 0.081          | 0.60 1.49 +0.23   7.6 +0.73     |  0.57  1 0.257 +0.065 0.610 0.39
  SHIP Kp1.0 Kv1e-3 rc.03 DOB.6   19 | 0.072 0.062 0.004 0.037    | 0.90 +0.05 0.373  |   0.16  | 0.046    3.6  0 0.100          | 0.67 1.50 +0.42   3.6 +0.59     |  0.35  0 0.146 +0.058 0.558 0.46
  SHIP Kp1.0 Kv1e-3 rc.03 DOB.6   26 | 0.099 0.066 0.010 0.044    | 0.86 +0.03 0.369  |   0.08  | 0.051    3.6  0 0.106          | 0.70 1.49 +0.52   3.6 +0.47     |  0.27  0 0.120 +0.048 0.534 0.48
  ALT-A rc.01                      6 | 0.017 0.018 0.008 0.011    | 0.93 +0.03 0.366  |   1.08  | 0.039    9.3  1 0.062          | 0.52 0.82 +0.11  32.8 +1.30     |  2.36  2 0.200 +0.058 0.562 0.37
  ALT-A rc.01                      8 | 0.027 0.028 0.011 0.017    | 0.84 +0.04 0.362  |   0.42  | 0.040    5.9  1 0.069          | 0.53 0.85 +0.12  19.7 +0.80     |  1.59  2 0.123 +0.049 0.523 0.37
  ALT-A rc.01                     12 | 0.037 0.036 0.007 0.021    | 1.07 +0.06 0.376  |   0.52  | 0.046    2.7  0 0.081          | 0.60 1.49 +0.23   7.4 +0.73     |  0.56  1 0.260 +0.065 0.610 0.39
  ALT-A rc.01                     19 | 0.073 0.063 0.003 0.037    | 0.91 +0.05 0.373  |   0.16  | 0.046    3.6  0 0.100          | 0.67 1.49 +0.42   3.6 +0.59     |  0.35  0 0.149 +0.060 0.558 0.46
  ALT-A rc.01                     26 | 0.099 0.066 0.012 0.044    | 0.86 +0.03 0.369  |   0.08  | 0.051    3.6  0 0.106          | 0.70 1.49 +0.51   3.6 +0.45     |  0.26  0 0.120 +0.048 0.534 0.48
  ALT-B Kp.85                      6 | 0.017 0.018 0.008 0.011    | 0.93 +0.04 0.367  |   0.95  | 0.039    9.3  1 0.062          | 0.52 0.82 +0.12  33.0 +1.39     |  2.47  2 0.195 +0.068 0.568 0.37
  ALT-B Kp.85                      8 | 0.027 0.029 0.011 0.017    | 0.84 +0.05 0.363  |   0.35  | 0.040    5.9  1 0.069          | 0.53 0.87 +0.13  20.0 +0.87     |  1.66  2 0.144 +0.057 0.530 0.36
  ALT-B Kp.85                     12 | 0.037 0.037 0.008 0.022    | 1.16 +0.07 0.377  |   0.50  | 0.047    2.7  0 0.081          | 0.60 1.51 +0.24   7.4 +0.76     |  0.58  1 0.279 +0.075 0.627 0.40
  ALT-B Kp.85                     19 | 0.073 0.064 0.005 0.038    | 0.94 +0.08 0.375  |   0.17  | 0.047    3.6  0 0.102          | 0.69 1.53 +0.42   3.6 +0.60     |  0.33  0 0.162 +0.065 0.577 0.46
  ALT-B Kp.85                     26 | 0.097 0.058 0.000 0.042    | 0.88 +0.05 0.372  |   0.09  | 0.047    3.6  0 0.109          | 0.72 1.53 +0.53   3.6 +0.47     |  0.28  0 0.125 +0.050 0.552 0.48
  ALT-C Kv6e-4                     6 | 0.018 0.019 0.006 0.011    | 0.92 +0.03 0.369  |   0.97  | 0.039    9.7  1 0.064          | 0.54 0.80 +0.09  32.7 +1.09     |  2.39  2 0.167 +0.059 0.558 0.42
  ALT-C Kv6e-4                     8 | 0.030 0.030 0.007 0.018    | 0.84 +0.04 0.364  |   0.98  | 0.040    6.2  1 0.072          | 0.54 0.83 +0.12  20.0 +0.82     |  1.65  2 0.124 +0.050 0.520 0.42
  ALT-C Kv6e-4                    12 | 0.039 0.037 0.006 0.022    | 1.05 +0.06 0.378  |   0.43  | 0.046    2.8  0 0.082          | 0.61 1.47 +0.24   7.4 +0.76     |  0.54  1 0.254 +0.066 0.614 0.39
  ALT-C Kv6e-4                    19 | 0.074 0.063 0.003 0.037    | 0.90 +0.05 0.374  |   0.15  | 0.046    3.6  0 0.101          | 0.68 1.49 +0.41   3.6 +0.59     |  0.35  0 0.156 +0.063 0.559 0.46
  ALT-C Kv6e-4                    26 | 0.100 0.066 0.013 0.044    | 0.85 +0.03 0.370  |   0.08  | 0.051    3.6  0 0.107          | 0.70 1.48 +0.53   3.6 +0.47     |  0.30  0 0.120 +0.048 0.535 0.46
  SHIP DOB.8                       6 | 0.016 0.016 0.003 0.009    | 0.91 +0.03 0.365  |   0.96  | 0.038    9.6  1 0.061          | 0.52 0.76 +0.08  33.9 +0.99     |  2.46  2 0.156 +0.055 0.549 0.37
  SHIP DOB.8                       8 | 0.027 0.025 0.003 0.015    | 0.83 +0.03 0.362  |   0.55  | 0.038    6.1  1 0.067          | 0.52 0.77 +0.12  20.7 +0.82     |  1.64  2 0.118 +0.047 0.507 0.45
  SHIP DOB.8                      12 | 0.035 0.031 0.002 0.018    | 0.99 +0.06 0.374  |   0.41  | 0.043    3.6  0 0.077          | 0.58 1.20 +0.21   7.9 +0.67     |  0.59  1 0.204 +0.061 0.592 0.39
  SHIP DOB.8                      19 | 0.070 0.048 0.005 0.032    | 0.88 +0.05 0.372  |   0.12  | 0.046    3.6  0 0.095          | 0.65 1.24 +0.37   3.6 +0.53     |  0.40  0 0.170 +0.068 0.533 0.45
  SHIP DOB.8                      26 | 0.092 0.050 0.020 0.038    | 0.84 +0.04 0.368  |   0.06  | 0.047    3.6  0 0.101          | 0.66 1.25 +0.47   3.6 +0.42     |  0.33  0 0.146 +0.059 0.502 0.46

======================================================================================================================================================
WORLD ident, delays x1.5 | hold NEED x1.0
  cfg                              v | T1 dist |e| .5 1 2 s, rms  | T2 rise ov rms     | T3 pkpk | T5 rms e, pk rate, dwells, max|e| | T7 t50 t90 ov pk-rate past     | T8 mode-rms bursts max|e|hold ov rms-e damp
  R4-flown                         6 | 0.026 0.031 0.033 0.028    | 0.82 +0.15 0.378  |   0.84  | 0.040    9.9  1 0.070          | 0.56 0.73 +0.08  36.0 +0.97     |  2.67  2 0.282 +0.113 0.520 0.83
  R4-flown                         8 | 0.042 0.050 0.051 0.044    | 0.78 +0.20 0.378  |   0.83  | 0.046    5.8  0 0.080          | 0.57 0.75 +0.09  21.6 +0.60     |  1.80  2 0.230 +0.092 0.483 0.82
  R4-flown                        12 | 0.053 0.066 0.058 0.048    | 0.85 +0.17 0.391  |   0.20  | 0.049    3.6  0 0.094          | 0.63 1.16 +0.21   7.8 +0.67     |  0.61  2 0.430 +0.172 0.519 0.84
  R4-flown                        19 | 0.093 0.107 0.036 0.061    | 0.79 +0.32 0.400  |   1.00  | 0.050    3.6  0 0.111          | 0.70 1.15 +0.50   3.6 +0.72     |  0.46  0 0.524 +0.209 0.473 0.85
  R4-flown                        26 | 0.122 0.123 0.018 0.068    | 0.77 +0.32 0.394  |   0.45  | 0.053    3.6  0 0.118          | 0.72 1.67 -0.00   2.0 -0.00     |  0.31  0 0.425 +0.170 0.432 0.86
  SHIP Kp1.0 Kv1e-3 rc.03 DOB.6    6 | 0.019 0.020 0.006 0.012    | 0.80 +0.12 0.370  |   1.24  | 0.033   11.3  1 0.064          | 0.53 0.67 +0.16  39.3 +1.82     |  3.06  2 0.123 +0.049 0.504 0.49
  SHIP Kp1.0 Kv1e-3 rc.03 DOB.6    8 | 0.034 0.034 0.002 0.020    | 0.76 +0.19 0.371  |   1.54  | 0.033    7.2  1 0.071          | 0.54 0.67 +0.19  24.3 +1.25     |  2.12  2 0.146 +0.058 0.453 0.21
  SHIP Kp1.0 Kv1e-3 rc.03 DOB.6   12 | 0.042 0.045 0.015 0.026    | 0.84 +0.12 0.378  |   0.26  | 0.040    3.6  0 0.083          | 0.60 0.83 +0.23   8.9 +0.71     |  0.68  2 0.149 +0.060 0.534 0.03
  SHIP Kp1.0 Kv1e-3 rc.03 DOB.6   19 | 0.086 0.075 0.007 0.048    | 0.80 +0.19 0.382  |   0.57  | 0.044    3.6  0 0.102          | 0.66 0.93 +0.46   3.8 +0.65     |  0.42  0 0.241 +0.096 0.462 0.05
  SHIP Kp1.0 Kv1e-3 rc.03 DOB.6   26 | 0.116 0.083 0.030 0.055    | 0.77 +0.22 0.381  |   0.05  | 0.046    3.6  0 0.109          | 0.68 0.96 +0.59   3.6 +0.52     |  0.34  0 0.252 +0.101 0.444 0.07
  ALT-A rc.01                      6 | 0.019 0.020 0.006 0.012    | 0.80 +0.12 0.370  |   1.22  | 0.033   11.2  1 0.064          | 0.53 0.68 +0.16  38.3 +1.85     |  2.88  2 0.124 +0.050 0.505 0.49
  ALT-A rc.01                      8 | 0.032 0.033 0.004 0.020    | 0.77 +0.19 0.371  |   1.53  | 0.033    7.2  1 0.071          | 0.54 0.68 +0.19  23.5 +1.26     |  1.94  2 0.147 +0.059 0.453 0.21
  ALT-A rc.01                     12 | 0.042 0.045 0.015 0.025    | 0.84 +0.11 0.378  |   0.45  | 0.040    3.6  0 0.082          | 0.60 0.84 +0.23   8.7 +0.72     |  0.65  1 0.149 +0.060 0.535 0.03
  ALT-A rc.01                     19 | 0.086 0.075 0.006 0.048    | 0.80 +0.19 0.382  |   0.57  | 0.044    3.6  0 0.102          | 0.66 0.93 +0.46   3.7 +0.65     |  0.42  0 0.238 +0.095 0.462 0.06
  ALT-A rc.01                     26 | 0.112 0.078 0.032 0.053    | 0.77 +0.22 0.381  |   0.05  | 0.046    3.6  0 0.109          | 0.68 0.97 +0.59   3.6 +0.53     |  0.35  0 0.247 +0.099 0.446 0.08
  ALT-B Kp.85                      6 | 0.019 0.020 0.006 0.012    | 0.80 +0.12 0.370  |   1.32  | 0.032   11.3  1 0.064          | 0.53 0.67 +0.15  39.2 +1.80     |  3.05  2 0.136 +0.054 0.509 0.50
  ALT-B Kp.85                      8 | 0.034 0.034 0.003 0.021    | 0.77 +0.19 0.372  |   1.63  | 0.033    7.2  1 0.072          | 0.54 0.68 +0.19  24.1 +1.26     |  2.06  2 0.151 +0.060 0.458 0.22
  ALT-B Kp.85                     12 | 0.043 0.046 0.015 0.026    | 0.84 +0.11 0.379  |   0.21  | 0.040    3.6  0 0.083          | 0.60 0.85 +0.24   8.8 +0.75     |  0.68  1 0.164 +0.066 0.549 0.03
  ALT-B Kp.85                     19 | 0.085 0.079 0.007 0.050    | 0.81 +0.17 0.383  |   0.63  | 0.046    3.6  0 0.104          | 0.67 1.00 +0.48   3.6 +0.68     |  0.43  0 0.243 +0.097 0.475 0.06
  ALT-B Kp.85                     26 | 0.116 0.085 0.028 0.055    | 0.78 +0.20 0.382  |   0.07  | 0.048    3.6  0 0.112          | 0.70 1.11 +0.62   3.6 +0.55     |  0.35  0 0.255 +0.102 0.455 0.08
  ALT-C Kv6e-4                     6 | 0.022 0.022 0.002 0.014    | 0.80 +0.15 0.375  |   1.52  | 0.033   11.9  1 0.066          | 0.55 0.69 +0.19  38.7 +2.18     |  2.76  2 0.164 +0.066 0.497 0.30
  ALT-C Kv6e-4                     8 | 0.037 0.035 0.001 0.021    | 0.77 +0.23 0.376  |   1.72  | 0.033    7.7  1 0.074          | 0.55 0.69 +0.22  23.9 +1.45     |  2.00  2 0.180 +0.072 0.449 0.13
  ALT-C Kv6e-4                    12 | 0.045 0.046 0.011 0.027    | 0.84 +0.13 0.381  |   0.88  | 0.040    3.6  0 0.084          | 0.61 0.83 +0.23   8.7 +0.73     |  0.64  2 0.158 +0.063 0.535 0.05
  ALT-C Kv6e-4                    19 | 0.089 0.075 0.001 0.050    | 0.80 +0.20 0.383  |   0.60  | 0.045    3.6  0 0.103          | 0.67 0.92 +0.43   3.7 +0.62     |  0.41  0 0.245 +0.098 0.462 0.05
  ALT-C Kv6e-4                    26 | 0.117 0.082 0.033 0.055    | 0.77 +0.23 0.382  |   0.05  | 0.046    3.6  0 0.110          | 0.69 0.95 +0.59   3.6 +0.53     |  0.31  0 0.255 +0.102 0.433 0.07
  SHIP DOB.8                       6 | 0.020 0.018 0.001 0.012    | 0.79 +0.12 0.369  |   0.98  | 0.032   11.4  1 0.063          | 0.53 0.66 +0.17  40.6 +1.97     |  3.22  2 0.116 +0.046 0.501 0.46
  SHIP DOB.8                       8 | 0.033 0.029 0.003 0.019    | 0.76 +0.19 0.370  |   1.28  | 0.032    7.4  1 0.070          | 0.53 0.66 +0.20  25.3 +1.35     |  2.22  2 0.140 +0.056 0.450 0.18
  SHIP DOB.8                      12 | 0.041 0.036 0.005 0.023    | 0.83 +0.12 0.377  |   0.22  | 0.038    3.6  0 0.080          | 0.59 0.78 +0.22   9.4 +0.70     |  0.70  2 0.139 +0.056 0.527 0.03
  SHIP DOB.8                      19 | 0.082 0.060 0.008 0.043    | 0.79 +0.20 0.381  |   0.44  | 0.041    3.6  0 0.098          | 0.64 0.84 +0.41   4.1 +0.58     |  0.43  0 0.230 +0.092 0.455 0.04
  SHIP DOB.8                      26 | 0.110 0.064 0.012 0.052    | 0.76 +0.23 0.380  |   0.18  | 0.043    3.6  0 0.104          | 0.66 0.84 +0.53   3.6 +0.47     |  0.33  0 0.248 +0.099 0.427 0.05

======================================================================================================================================================
WORLD ident, delays x1.5 | hold NEED x1.5
  cfg                              v | T1 dist |e| .5 1 2 s, rms  | T2 rise ov rms     | T3 pkpk | T5 rms e, pk rate, dwells, max|e| | T7 t50 t90 ov pk-rate past     | T8 mode-rms bursts max|e|hold ov rms-e damp
  R4-flown                         6 | 0.022 0.026 0.027 0.024    | 0.96 -0.02 0.388  |   1.85  | 0.075    8.0  1 0.097          | 0.57 1.92 -0.03  32.3 -0.33     |  2.94  2 0.363 -0.010 0.565 0.72
  R4-flown                         8 | 0.035 0.042 0.041 0.035    | 0.87 -0.03 0.387  |   1.03  | 0.081    4.6  0 0.101          | 0.58 2.51 -0.03  19.4 -0.18     |  1.94  2 0.353 -0.035 0.547 0.65
  R4-flown                        12 | 0.044 0.056 0.043 0.039    | 1.05 +0.01 0.388  |   0.94  | 0.071    2.3  0 0.096          | 0.66 1.72 +0.05   7.1 +0.15     |  0.60  1 0.311 +0.056 0.594 0.59
  R4-flown                        19 | 0.080 0.089 0.034 0.051    | 0.87 +0.06 0.381  |   0.60  | 0.058    3.6  0 0.111          | 0.73 2.05 -0.00   3.0 -0.00     |  0.36  0 0.236 +0.094 0.483 0.68
  R4-flown                        26 | 0.106 0.094 0.023 0.055    | 0.84 +0.06 0.378  |   0.01  | 0.061    3.6  0 0.119          | 0.76 2.16 -0.00   1.8 -0.00     |  0.31  0 0.124 +0.049 0.492 0.66
  SHIP Kp1.0 Kv1e-3 rc.03 DOB.6    6 | 0.018 0.019 0.007 0.011    | 0.89 +0.03 0.372  |   1.05  | 0.040    9.7  1 0.064          | 0.54 0.77 +0.09  35.4 +1.01     |  3.03  2 0.165 +0.056 0.566 0.36
  SHIP Kp1.0 Kv1e-3 rc.03 DOB.6    8 | 0.031 0.030 0.007 0.018    | 0.82 +0.03 0.369  |   0.40  | 0.040    6.1  1 0.072          | 0.55 0.82 +0.12  21.8 +0.81     |  2.00  2 0.118 +0.047 0.527 0.41
  SHIP Kp1.0 Kv1e-3 rc.03 DOB.6   12 | 0.038 0.038 0.006 0.022    | 0.98 +0.06 0.382  |   0.48  | 0.047    2.8  0 0.083          | 0.61 1.47 +0.24   8.1 +0.74     |  0.64  1 0.224 +0.063 0.615 0.37
  SHIP Kp1.0 Kv1e-3 rc.03 DOB.6   19 | 0.073 0.064 0.002 0.038    | 0.88 +0.03 0.380  |   0.14  | 0.051    3.6  0 0.103          | 0.69 1.49 +0.42   3.6 +0.60     |  0.40  0 0.175 +0.070 0.552 0.45
  SHIP Kp1.0 Kv1e-3 rc.03 DOB.6   26 | 0.100 0.068 0.015 0.045    | 0.84 +0.03 0.377  |   0.08  | 0.052    3.6  0 0.109          | 0.71 1.48 +0.53   3.6 +0.47     |  0.35  0 0.144 +0.057 0.528 0.46
  ALT-A rc.01                      6 | 0.017 0.018 0.008 0.011    | 0.90 +0.03 0.372  |   1.05  | 0.040    9.6  1 0.064          | 0.54 0.79 +0.08  34.6 +0.99     |  2.82  2 0.170 +0.056 0.566 0.36
  ALT-A rc.01                      8 | 0.030 0.029 0.009 0.017    | 0.83 +0.03 0.369  |   0.40  | 0.040    6.1  1 0.072          | 0.55 0.82 +0.12  21.1 +0.82     |  1.87  2 0.118 +0.047 0.527 0.43
  ALT-A rc.01                     12 | 0.038 0.038 0.007 0.022    | 0.98 +0.06 0.381  |   0.48  | 0.047    2.8  0 0.083          | 0.61 1.47 +0.24   7.9 +0.75     |  0.61  1 0.227 +0.064 0.616 0.37
  ALT-A rc.01                     19 | 0.073 0.064 0.002 0.038    | 0.89 +0.04 0.380  |   0.14  | 0.051    3.6  0 0.102          | 0.69 1.49 +0.42   3.6 +0.60     |  0.41  0 0.176 +0.070 0.552 0.45
  ALT-A rc.01                     26 | 0.101 0.070 0.016 0.045    | 0.85 +0.03 0.377  |   0.08  | 0.052    3.6  0 0.109          | 0.71 1.48 +0.53   3.6 +0.47     |  0.34  0 0.144 +0.057 0.528 0.46
  ALT-B Kp.85                      6 | 0.018 0.019 0.006 0.011    | 0.89 +0.04 0.373  |   0.92  | 0.040    9.7  1 0.064          | 0.54 0.78 +0.10  35.3 +1.12     |  2.91  2 0.165 +0.066 0.572 0.35
  ALT-B Kp.85                      8 | 0.031 0.030 0.007 0.018    | 0.83 +0.04 0.370  |   0.34  | 0.040    6.1  1 0.072          | 0.55 0.84 +0.12  21.6 +0.84     |  2.00  2 0.140 +0.056 0.535 0.39
  ALT-B Kp.85                     12 | 0.038 0.039 0.007 0.022    | 1.00 +0.07 0.383  |   0.47  | 0.047    2.8  0 0.084          | 0.62 1.49 +0.25   7.9 +0.77     |  0.63  1 0.246 +0.074 0.632 0.37
  ALT-B Kp.85                     19 | 0.074 0.067 0.003 0.039    | 0.91 +0.05 0.382  |   0.15  | 0.052    3.6  0 0.105          | 0.70 1.52 +0.44   3.6 +0.63     |  0.37  0 0.171 +0.068 0.584 0.45
  ALT-B Kp.85                     26 | 0.099 0.073 0.005 0.047    | 0.87 +0.04 0.379  |   0.09  | 0.053    3.6  0 0.112          | 0.74 1.52 +0.55   3.6 +0.49     |  0.33  0 0.163 +0.065 0.545 0.45
  ALT-C Kv6e-4                     6 | 0.020 0.019 0.005 0.012    | 0.89 +0.03 0.375  |   0.93  | 0.040   10.0  1 0.067          | 0.56 0.77 +0.09  34.8 +1.05     |  2.65  2 0.147 +0.059 0.559 0.41
  ALT-C Kv6e-4                     8 | 0.032 0.031 0.006 0.018    | 0.83 +0.03 0.372  |   1.05  | 0.041    6.4  1 0.074          | 0.56 0.78 +0.13  21.4 +0.84     |  1.71  2 0.133 +0.053 0.517 0.45
  ALT-C Kv6e-4                    12 | 0.040 0.040 0.007 0.023    | 0.97 +0.06 0.384  |   0.41  | 0.047    2.9  0 0.085          | 0.63 1.44 +0.25   7.8 +0.79     |  0.61  1 0.220 +0.065 0.619 0.39
  ALT-C Kv6e-4                    19 | 0.076 0.065 0.002 0.039    | 0.88 +0.03 0.381  |   0.13  | 0.051    3.6  0 0.104          | 0.70 1.48 +0.43   3.6 +0.61     |  0.39  0 0.177 +0.071 0.553 0.46
  ALT-C Kv6e-4                    26 | 0.101 0.070 0.016 0.045    | 0.84 +0.03 0.378  |   0.08  | 0.052    3.6  0 0.110          | 0.72 1.48 +0.53   3.6 +0.48     |  0.34  0 0.145 +0.058 0.529 0.46
  SHIP DOB.8                       6 | 0.018 0.017 0.002 0.010    | 0.87 +0.03 0.371  |   0.92  | 0.038    9.9  1 0.063          | 0.54 0.72 +0.09  36.6 +1.01     |  3.00  2 0.134 +0.054 0.552 0.38
  SHIP DOB.8                       8 | 0.030 0.026 0.001 0.016    | 0.81 +0.04 0.368  |   0.78  | 0.038    6.3  1 0.070          | 0.54 0.73 +0.12  22.7 +0.81     |  1.86  2 0.119 +0.048 0.506 0.43
  SHIP DOB.8                      12 | 0.038 0.032 0.001 0.019    | 0.94 +0.06 0.380  |   0.39  | 0.044    3.6  0 0.080          | 0.60 1.03 +0.22   8.5 +0.70     |  0.65  1 0.172 +0.059 0.596 0.39
  SHIP DOB.8                      19 | 0.071 0.051 0.013 0.034    | 0.86 +0.04 0.379  |   0.12  | 0.047    3.6  0 0.098          | 0.66 1.13 +0.39   3.7 +0.55     |  0.44  0 0.170 +0.068 0.532 0.48
  SHIP DOB.8                      26 | 0.099 0.046 0.020 0.040    | 0.83 +0.05 0.376  |   0.06  | 0.047    3.6  0 0.104          | 0.68 1.21 +0.50   3.6 +0.45     |  0.35  0 0.154 +0.062 0.509 0.47

======================================================================================================================================================
WORLD mode, delays x1.5 | hold NEED x1.0
  cfg                              v | T1 dist |e| .5 1 2 s, rms  | T2 rise ov rms     | T3 pkpk | T5 rms e, pk rate, dwells, max|e| | T7 t50 t90 ov pk-rate past     | T8 mode-rms bursts max|e|hold ov rms-e damp
  R4-flown                         6 | 0.038 0.039 0.035 0.032    | 0.67 +0.45 0.377  |   2.18  | 0.034   12.9  1 0.066          | 0.49 0.57 +0.40  61.1 +4.70     |  6.38  4 0.304 +0.122 0.348 0.82
  R4-flown                         8 | 0.062 0.062 0.054 0.049    | 0.66 +0.55 0.386  |   1.37  | 0.040    7.7  1 0.077          | 0.51 0.59 +0.34  37.1 +2.31     |  4.72  2 0.255 +0.102 0.327 0.72
  R4-flown                        12 | 0.100 0.087 0.046 0.057    | 0.62 +0.69 0.393  |   0.78  | 0.041    4.6  0 0.087          | 0.52 0.58 +0.38  21.2 +1.18     |  3.65  3 0.290 +0.116 0.325 0.72
  R4-flown                        19 | 0.182 0.077 0.007 0.076    | 0.60 +0.69 0.395  |   0.61  | 0.045    3.5  0 0.108          | 0.57 0.63 +0.39   9.9 +0.56     |  2.91  1 0.299 +0.120 0.338 0.73
  R4-flown                        26 | 0.229 0.058 0.006 0.086    | 0.59 +0.59 0.375  |   0.09  | 0.050    3.6  0 0.116          | 0.58 0.64 +0.51   6.5 +0.45     |  2.62  0 0.184 +0.074 0.300 0.54
  SHIP Kp1.0 Kv1e-3 rc.03 DOB.6    6 | 0.031 0.022 0.000 0.015    | 0.67 +0.24 0.353  |   0.96  | 0.031   15.4  1 0.061          | 0.48 0.55 +0.35  62.8 +4.12     |  9.71  2 0.065 +0.022 0.440 0.71
  SHIP Kp1.0 Kv1e-3 rc.03 DOB.6    8 | 0.050 0.027 0.006 0.024    | 0.65 +0.34 0.356  |   0.48  | 0.031   10.0  1 0.070          | 0.49 0.56 +0.37  39.8 +2.45     |  7.24  2 0.031 +0.005 0.401 0.58
  SHIP Kp1.0 Kv1e-3 rc.03 DOB.6   12 | 0.080 0.021 0.009 0.032    | 0.63 +0.29 0.352  |   0.91  | 0.037    6.0  1 0.079          | 0.50 0.56 +0.40  22.9 +1.25     |  5.79  3 0.156 +0.023 0.438 0.76
  SHIP Kp1.0 Kv1e-3 rc.03 DOB.6   19 | 0.150 0.005 0.012 0.055    | 0.61 +0.34 0.356  |   0.33  | 0.036    4.0  0 0.100          | 0.55 0.61 +0.40  11.0 +0.57     |  4.43  1 0.047 +0.019 0.395 0.78
  SHIP Kp1.0 Kv1e-3 rc.03 DOB.6   26 | 0.144 0.005 0.009 0.066    | 0.59 +0.32 0.351  |   0.34  | 0.035    3.4  0 0.108          | 0.57 0.62 +0.40   7.3 +0.36     |  3.70  0 0.243 +0.099 0.383 0.63
  ALT-A rc.01                      6 | 0.029 0.024 0.000 0.014    | 0.67 +0.23 0.353  |   0.53  | 0.031   14.2  1 0.061          | 0.47 0.56 +0.30  59.2 +3.50     |  7.71  2 0.067 +0.023 0.440 0.74
  ALT-A rc.01                      8 | 0.048 0.032 0.001 0.022    | 0.66 +0.33 0.356  |   0.73  | 0.031    9.3  1 0.069          | 0.49 0.56 +0.30  37.6 +2.03     |  5.57  2 0.026 +0.003 0.400 0.58
  ALT-A rc.01                     12 | 0.076 0.031 0.000 0.033    | 0.63 +0.29 0.352  |   0.48  | 0.037    5.7  1 0.079          | 0.50 0.56 +0.32  21.8 +1.02     |  3.95  3 0.161 +0.023 0.438 0.82
  ALT-A rc.01                     19 | 0.145 0.014 0.025 0.055    | 0.61 +0.33 0.356  |   0.23  | 0.036    3.8  0 0.100          | 0.55 0.61 +0.36  10.8 +0.51     |  3.78  0 0.075 +0.030 0.396 0.82
  ALT-A rc.01                     26 | 0.154 0.000 0.009 0.067    | 0.59 +0.31 0.351  |   0.27  | 0.035    3.3  0 0.108          | 0.57 0.62 +0.41   7.2 +0.36     |  3.79  0 0.211 +0.086 0.383 0.69
  ALT-B Kp.85                      6 | 0.031 0.021 0.001 0.015    | 0.67 +0.24 0.353  |   0.87  | 0.031   15.3  1 0.062          | 0.48 0.55 +0.35  62.6 +4.10     |  9.62  2 0.070 +0.028 0.444 0.71
  ALT-B Kp.85                      8 | 0.050 0.030 0.006 0.024    | 0.65 +0.34 0.357  |   0.56  | 0.031    9.9  1 0.070          | 0.49 0.56 +0.36  39.6 +2.41     |  7.17  2 0.023 +0.008 0.405 0.57
  ALT-B Kp.85                     12 | 0.079 0.026 0.011 0.033    | 0.63 +0.29 0.352  |   0.78  | 0.037    5.9  1 0.080          | 0.50 0.56 +0.38  22.6 +1.20     |  5.54  3 0.164 +0.022 0.446 0.80
  ALT-B Kp.85                     19 | 0.149 0.020 0.020 0.057    | 0.61 +0.34 0.357  |   0.22  | 0.037    3.9  0 0.102          | 0.56 0.61 +0.33  10.6 +0.47     |  4.37  1 0.062 +0.025 0.405 0.80
  ALT-B Kp.85                     26 | 0.151 0.015 0.017 0.068    | 0.59 +0.32 0.352  |   0.19  | 0.037    3.3  0 0.110          | 0.58 0.63 +0.40   6.8 +0.35     |  3.88  0 0.196 +0.080 0.389 0.67
  ALT-C Kv6e-4                     6 | 0.034 0.019 0.001 0.015    | 0.67 +0.34 0.362  |   0.68  | 0.031   16.4  1 0.064          | 0.49 0.57 +0.44  64.7 +5.19     |  7.91  3 0.081 +0.024 0.436 0.70
  ALT-C Kv6e-4                     8 | 0.056 0.023 0.003 0.024    | 0.65 +0.45 0.368  |   0.77  | 0.031   10.9  1 0.072          | 0.50 0.57 +0.45  40.5 +3.04     |  5.57  2 0.056 +0.022 0.402 0.57
  ALT-C Kv6e-4                    12 | 0.085 0.016 0.009 0.033    | 0.62 +0.39 0.367  |   0.96  | 0.037    6.4  1 0.081          | 0.51 0.57 +0.47  23.0 +1.47     |  5.22  4 0.217 +0.026 0.442 0.81
  ALT-C Kv6e-4                    19 | 0.148 0.003 0.017 0.055    | 0.61 +0.41 0.370  |   0.70  | 0.035    4.1  0 0.101          | 0.56 0.61 +0.41  10.8 +0.59     |  4.06  2 0.146 +0.020 0.397 0.75
  ALT-C Kv6e-4                    26 | 0.128 0.000 0.008 0.066    | 0.59 +0.36 0.358  |   1.75  | 0.036    3.2  0 0.108          | 0.57 0.62 +0.48   7.2 +0.43     |  3.37  0 0.274 +0.110 0.378 0.63
  SHIP DOB.8                       6 | 0.029 0.011 0.002 0.013    | 0.67 +0.20 0.351  |   0.81  | 0.031   16.6  1 0.061          | 0.47 0.55 +0.36  64.4 +4.27     | 13.09  2 0.081 +0.028 0.451 0.73
  SHIP DOB.8                       8 | 0.048 0.011 0.009 0.021    | 0.65 +0.30 0.352  |   0.85  | 0.031   11.0  1 0.068          | 0.49 0.56 +0.40  41.3 +2.69     |  9.33  2 0.035 +0.014 0.409 0.65
  SHIP DOB.8                      12 | 0.071 0.012 0.010 0.027    | 0.63 +0.20 0.347  |   0.68  | 0.036    6.7  1 0.077          | 0.50 0.55 +0.44  23.9 +1.39     |  9.23  5 0.155 +0.029 0.451 0.75
  SHIP DOB.8                      19 | 0.111 0.007 0.012 0.048    | 0.60 +0.27 0.351  |   0.44  | 0.035    4.5  0 0.096          | 0.55 0.60 +0.49  12.0 +0.69     |  5.55  1 0.215 +0.088 0.403 0.57
  SHIP DOB.8                      26 | 0.059 0.002 0.000 0.061    | 0.58 +0.26 0.347  |   4.03  | 0.035    3.5  0 0.103          | 0.56 0.60 +0.55   8.1 +0.50     |  4.20  0 0.338 +0.138 0.396 0.50

======================================================================================================================================================
WORLD mode, delays x1.5 | hold NEED x1.5
  cfg                              v | T1 dist |e| .5 1 2 s, rms  | T2 rise ov rms     | T3 pkpk | T5 rms e, pk rate, dwells, max|e| | T7 t50 t90 ov pk-rate past     | T8 mode-rms bursts max|e|hold ov rms-e damp
  R4-flown                         6 | 0.032 0.033 0.029 0.026    | 0.71 +0.15 0.378  |   1.83  | 0.070   10.9  1 0.094          | 0.50 0.60 +0.13  51.9 +1.47     |  6.66  2 0.220 -0.033 0.429 0.69
  R4-flown                         8 | 0.051 0.051 0.043 0.041    | 0.70 +0.19 0.381  |   1.42  | 0.077    6.3  1 0.098          | 0.52 0.61 +0.07  31.6 +0.46     |  4.92  2 0.248 -0.072 0.427 0.59
  R4-flown                        12 | 0.075 0.065 0.040 0.046    | 0.68 +0.18 0.368  |   0.51  | 0.066    3.6  0 0.087          | 0.52 0.60 +0.06  17.4 +0.18     |  3.26  2 0.178 -0.035 0.421 0.51
  R4-flown                        19 | 0.135 0.086 0.006 0.062    | 0.65 +0.18 0.357  |   0.34  | 0.054    3.5  0 0.108          | 0.57 0.66 +0.14   8.2 +0.19     |  2.82  1 0.059 +0.007 0.402 0.55
  R4-flown                        26 | 0.164 0.078 0.001 0.073    | 0.65 +0.11 0.351  |   0.16  | 0.058    3.6  0 0.116          | 0.59 0.71 +0.15   5.2 +0.14     |  2.21  0 0.080 +0.003 0.413 0.44
  SHIP Kp1.0 Kv1e-3 rc.03 DOB.6    6 | 0.027 0.021 0.001 0.014    | 0.71 +0.05 0.356  |   1.98  | 0.039   13.3  1 0.062          | 0.48 0.57 +0.13  53.9 +1.47     |  9.93  2 0.151 +0.040 0.501 0.59
  SHIP Kp1.0 Kv1e-3 rc.03 DOB.6    8 | 0.043 0.029 0.001 0.021    | 0.70 +0.10 0.354  |   0.52  | 0.039    8.5  1 0.070          | 0.50 0.58 +0.12  34.1 +0.80     |  7.19  2 0.097 +0.032 0.469 0.49
  SHIP Kp1.0 Kv1e-3 rc.03 DOB.6   12 | 0.064 0.034 0.008 0.029    | 0.70 +0.05 0.356  |   1.21  | 0.046    4.9  0 0.079          | 0.51 0.57 +0.09  18.9 +0.28     |  6.42  3 0.257 +0.036 0.522 0.57
  SHIP Kp1.0 Kv1e-3 rc.03 DOB.6   19 | 0.112 0.038 0.017 0.048    | 0.68 +0.05 0.354  |   0.17  | 0.043    3.5  0 0.100          | 0.56 0.63 +0.08   9.2 +0.12     |  4.27  0 0.151 +0.051 0.491 0.51
  SHIP Kp1.0 Kv1e-3 rc.03 DOB.6   26 | 0.128 0.029 0.019 0.056    | 0.67 +0.04 0.349  |   0.12  | 0.041    3.5  0 0.108          | 0.57 0.64 +0.13   5.9 +0.12     |  3.02  0 0.152 +0.047 0.476 0.53
  ALT-A rc.01                      6 | 0.026 0.022 0.002 0.013    | 0.72 +0.04 0.356  |   2.02  | 0.039   12.4  1 0.061          | 0.48 0.58 +0.09  50.8 +1.00     |  7.80  2 0.154 +0.039 0.501 0.57
  ALT-A rc.01                      8 | 0.041 0.031 0.002 0.019    | 0.70 +0.10 0.354  |   0.60  | 0.039    7.9  1 0.069          | 0.50 0.58 +0.07  32.3 +0.48     |  5.20  2 0.103 +0.032 0.469 0.54
  ALT-A rc.01                     12 | 0.063 0.031 0.006 0.028    | 0.70 +0.06 0.356  |   0.93  | 0.046    4.7  0 0.079          | 0.50 0.58 +0.06  18.2 +0.19     |  4.06  3 0.267 +0.039 0.522 0.59
  ALT-A rc.01                     19 | 0.118 0.033 0.013 0.047    | 0.68 +0.05 0.354  |   0.24  | 0.048    3.6  0 0.100          | 0.56 0.63 +0.09   9.0 +0.13     |  3.47  0 0.159 +0.055 0.491 0.52
  ALT-A rc.01                     26 | 0.123 0.031 0.019 0.056    | 0.67 +0.04 0.349  |   0.12  | 0.040    3.5  0 0.108          | 0.57 0.65 +0.11   5.8 +0.09     |  2.48  0 0.163 +0.049 0.475 0.53
  ALT-B Kp.85                      6 | 0.027 0.021 0.001 0.013    | 0.71 +0.05 0.357  |   1.94  | 0.038   13.3  1 0.062          | 0.48 0.57 +0.12  53.8 +1.45     |  9.82  2 0.150 +0.048 0.507 0.57
  ALT-B Kp.85                      8 | 0.043 0.029 0.002 0.022    | 0.70 +0.10 0.354  |   0.49  | 0.039    8.4  1 0.070          | 0.50 0.58 +0.11  34.0 +0.77     |  7.02  2 0.102 +0.039 0.476 0.48
  ALT-B Kp.85                     12 | 0.063 0.033 0.002 0.030    | 0.70 +0.06 0.357  |   1.39  | 0.047    4.8  0 0.080          | 0.51 0.58 +0.08  18.7 +0.24     |  5.91  3 0.273 +0.049 0.535 0.58
  ALT-B Kp.85                     19 | 0.117 0.039 0.015 0.049    | 0.68 +0.06 0.355  |   0.25  | 0.050    3.6  0 0.102          | 0.56 0.64 +0.07   8.8 +0.10     |  3.99  0 0.176 +0.056 0.506 0.50
  ALT-B Kp.85                     26 | 0.128 0.031 0.015 0.058    | 0.68 +0.05 0.351  |   0.14  | 0.042    3.4  0 0.110          | 0.58 0.67 +0.13   5.5 +0.12     |  2.54  0 0.174 +0.052 0.490 0.54
  ALT-C Kv6e-4                     6 | 0.029 0.019 0.001 0.013    | 0.71 +0.10 0.360  |   1.21  | 0.039   13.8  1 0.064          | 0.50 0.58 +0.18  55.1 +2.09     |  9.57  2 0.099 +0.040 0.495 0.58
  ALT-C Kv6e-4                     8 | 0.047 0.025 0.001 0.021    | 0.69 +0.15 0.358  |   0.29  | 0.039    9.0  1 0.072          | 0.51 0.59 +0.17  34.5 +1.13     |  5.69  2 0.082 +0.033 0.466 0.53
  ALT-C Kv6e-4                    12 | 0.066 0.028 0.006 0.028    | 0.69 +0.05 0.359  |   1.25  | 0.046    5.1  1 0.081          | 0.52 0.58 +0.12  18.9 +0.38     |  6.19  3 0.266 +0.038 0.525 0.62
  ALT-C Kv6e-4                    19 | 0.116 0.032 0.014 0.048    | 0.67 +0.05 0.355  |   0.21  | 0.043    3.5  0 0.101          | 0.57 0.64 +0.11   8.9 +0.15     |  4.32  0 0.136 +0.055 0.491 0.51
  ALT-C Kv6e-4                    26 | 0.127 0.023 0.014 0.056    | 0.66 +0.05 0.350  |   0.13  | 0.041    3.4  0 0.108          | 0.58 0.65 +0.19   5.8 +0.17     |  3.06  0 0.157 +0.045 0.477 0.50
  SHIP DOB.8                       6 | 0.025 0.012 0.003 0.012    | 0.71 +0.03 0.354  |   1.21  | 0.037   14.4  1 0.061          | 0.48 0.57 +0.14  55.4 +1.67     | 13.26  2 0.143 +0.042 0.498 0.55
  SHIP DOB.8                       8 | 0.041 0.015 0.001 0.019    | 0.70 +0.08 0.352  |   1.05  | 0.037    9.4  1 0.068          | 0.49 0.57 +0.16  35.4 +1.04     |  8.73  2 0.087 +0.035 0.464 0.46
  SHIP DOB.8                      12 | 0.058 0.018 0.007 0.024    | 0.72 +0.05 0.354  |   1.01  | 0.044    5.5  1 0.077          | 0.50 0.57 +0.13  19.8 +0.41     |  8.76  6 0.217 +0.048 0.517 0.58
  SHIP DOB.8                      19 | 0.103 0.012 0.012 0.042    | 0.68 +0.06 0.351  |   0.20  | 0.040    3.5  0 0.096          | 0.55 0.61 +0.14   9.9 +0.20     |  5.59  0 0.134 +0.054 0.480 0.48
  SHIP DOB.8                      26 | 0.071 0.016 0.010 0.050    | 0.68 +0.04 0.348  |   0.28  | 0.039    3.3  0 0.103          | 0.56 0.62 +0.22   6.5 +0.20     |  3.40  0 0.115 +0.046 0.461 0.54

======================================================================================================================================================
WORLD mode, J x1.5 | hold NEED x1.0
  cfg                              v | T1 dist |e| .5 1 2 s, rms  | T2 rise ov rms     | T3 pkpk | T5 rms e, pk rate, dwells, max|e| | T7 t50 t90 ov pk-rate past     | T8 mode-rms bursts max|e|hold ov rms-e damp
  R4-flown                         6 | 0.037 0.039 0.036 0.032    | 0.68 +0.50 0.385  |   1.07  | 0.033   12.7  1 0.065          | 0.50 0.58 +0.43  54.9 +5.04     |  4.33  4 0.289 +0.116 0.345 0.81
  R4-flown                         8 | 0.059 0.060 0.055 0.050    | 0.66 +0.60 0.395  |   2.15  | 0.039    7.5  1 0.076          | 0.51 0.59 +0.36  32.5 +2.42     |  3.09  2 0.234 +0.094 0.322 0.69
  R4-flown                        12 | 0.092 0.086 0.057 0.060    | 0.62 +0.75 0.404  |   0.61  | 0.039    4.3  0 0.086          | 0.51 0.58 +0.38  18.4 +1.20     |  2.20  3 0.275 +0.110 0.321 0.71
  R4-flown                        19 | 0.173 0.086 0.021 0.076    | 0.60 +0.76 0.408  |   0.57  | 0.044    3.3  0 0.106          | 0.56 0.63 +0.37   8.5 +0.53     |  1.94  0 0.399 +0.164 0.330 0.76
  R4-flown                        26 | 0.210 0.083 0.004 0.086    | 0.58 +0.66 0.380  |   0.22  | 0.039    2.4  0 0.114          | 0.57 0.64 +0.37   5.6 +0.33     |  2.03  0 0.055 +0.022 0.299 0.65
  SHIP Kp1.0 Kv1e-3 rc.03 DOB.6    6 | 0.027 0.025 0.001 0.013    | 0.68 +0.28 0.357  |   0.94  | 0.031   13.8  1 0.060          | 0.48 0.56 +0.35  55.7 +4.11     |  5.38  2 0.070 +0.023 0.439 0.74
  SHIP Kp1.0 Kv1e-3 rc.03 DOB.6    8 | 0.045 0.037 0.001 0.021    | 0.66 +0.38 0.361  |   0.36  | 0.031    9.0  1 0.068          | 0.49 0.57 +0.35  34.3 +2.34     |  3.77  2 0.037 +0.006 0.399 0.60
  SHIP Kp1.0 Kv1e-3 rc.03 DOB.6   12 | 0.071 0.032 0.002 0.030    | 0.63 +0.33 0.355  |   0.30  | 0.037    5.3  1 0.077          | 0.49 0.56 +0.33  19.2 +1.04     |  2.42  3 0.168 +0.017 0.437 0.87
  SHIP Kp1.0 Kv1e-3 rc.03 DOB.6   19 | 0.138 0.028 0.020 0.054    | 0.61 +0.39 0.362  |   0.41  | 0.038    3.5  0 0.098          | 0.55 0.61 +0.31   9.1 +0.44     |  2.84  0 0.163 +0.031 0.399 0.87
  SHIP Kp1.0 Kv1e-3 rc.03 DOB.6   26 | 0.149 0.023 0.017 0.063    | 0.58 +0.36 0.353  |   0.17  | 0.036    2.7  0 0.106          | 0.56 0.62 +0.34   6.2 +0.31     |  3.13  0 0.187 +0.075 0.378 0.79
  ALT-A rc.01                      6 | 0.026 0.023 0.000 0.013    | 0.68 +0.26 0.356  |   0.96  | 0.031   13.2  1 0.060          | 0.48 0.57 +0.32  53.5 +3.75     |  4.81  2 0.076 +0.024 0.439 0.75
  ALT-A rc.01                      8 | 0.043 0.038 0.001 0.022    | 0.66 +0.36 0.360  |   0.31  | 0.031    8.6  1 0.068          | 0.49 0.57 +0.32  32.8 +2.11     |  3.34  2 0.030 +0.004 0.399 0.62
  ALT-A rc.01                     12 | 0.070 0.031 0.001 0.030    | 0.63 +0.32 0.355  |   0.27  | 0.037    5.0  0 0.077          | 0.49 0.56 +0.29  18.3 +0.90     |  2.08  3 0.159 +0.014 0.437 0.85
  ALT-A rc.01                     19 | 0.135 0.034 0.019 0.054    | 0.61 +0.38 0.361  |   0.49  | 0.039    3.4  0 0.098          | 0.55 0.61 +0.28   8.8 +0.40     |  2.32  0 0.172 +0.039 0.399 0.79
  ALT-A rc.01                     26 | 0.161 0.019 0.018 0.063    | 0.59 +0.36 0.353  |   0.21  | 0.037    2.7  0 0.106          | 0.56 0.62 +0.32   6.0 +0.29     |  2.94  0 0.190 +0.076 0.378 0.79
  ALT-B Kp.85                      6 | 0.028 0.025 0.000 0.014    | 0.68 +0.28 0.357  |   1.02  | 0.031   13.8  1 0.061          | 0.48 0.57 +0.35  55.6 +4.09     |  5.36  2 0.071 +0.029 0.443 0.75
  ALT-B Kp.85                      8 | 0.045 0.038 0.000 0.022    | 0.66 +0.37 0.361  |   0.97  | 0.031    9.0  1 0.069          | 0.49 0.57 +0.35  34.1 +2.31     |  3.76  2 0.029 +0.009 0.403 0.61
  ALT-B Kp.85                     12 | 0.072 0.032 0.001 0.031    | 0.63 +0.33 0.355  |   0.39  | 0.037    5.2  1 0.078          | 0.50 0.56 +0.32  19.0 +1.00     |  2.41  3 0.175 +0.022 0.446 0.85
  ALT-B Kp.85                     19 | 0.148 0.029 0.016 0.056    | 0.61 +0.38 0.360  |   0.68  | 0.040    3.5  0 0.100          | 0.55 0.62 +0.28   8.8 +0.39     |  2.54  0 0.176 +0.038 0.412 0.83
  ALT-B Kp.85                     26 | 0.171 0.019 0.016 0.066    | 0.59 +0.36 0.353  |   0.34  | 0.036    2.7  0 0.108          | 0.57 0.63 +0.31   5.8 +0.28     |  3.01  0 0.171 +0.068 0.381 0.77
  ALT-C Kv6e-4                     6 | 0.032 0.024 0.001 0.015    | 0.68 +0.36 0.368  |   0.48  | 0.031   15.5  1 0.063          | 0.49 0.57 +0.44  57.4 +5.16     |  4.77  3 0.093 +0.028 0.435 0.73
  ALT-C Kv6e-4                     8 | 0.051 0.032 0.003 0.024    | 0.66 +0.47 0.376  |   0.61  | 0.031   10.3  1 0.071          | 0.50 0.58 +0.44  35.2 +2.98     |  3.32  3 0.079 +0.032 0.402 0.63
  ALT-C Kv6e-4                    12 | 0.079 0.022 0.005 0.032    | 0.62 +0.41 0.378  |   0.44  | 0.037    5.8  1 0.079          | 0.50 0.57 +0.42  19.6 +1.31     |  2.69  4 0.173 +0.021 0.441 0.80
  ALT-C Kv6e-4                    19 | 0.143 0.022 0.013 0.054    | 0.61 +0.44 0.386  |   0.28  | 0.039    3.8  0 0.099          | 0.55 0.62 +0.36   9.1 +0.52     |  2.99  2 0.148 +0.036 0.403 0.79
  ALT-C Kv6e-4                    26 | 0.150 0.008 0.011 0.063    | 0.58 +0.40 0.367  |   0.26  | 0.036    2.8  0 0.106          | 0.56 0.62 +0.39   6.2 +0.35     |  2.86  0 0.138 +0.055 0.371 0.81
  SHIP DOB.8                       6 | 0.026 0.017 0.001 0.012    | 0.68 +0.23 0.353  |   0.35  | 0.031   14.7  1 0.060          | 0.48 0.56 +0.35  56.7 +4.09     |  6.24  2 0.066 +0.026 0.450 0.77
  SHIP DOB.8                       8 | 0.043 0.021 0.002 0.019    | 0.66 +0.33 0.356  |   0.61  | 0.030    9.7  1 0.067          | 0.49 0.56 +0.37  35.3 +2.47     |  4.16  2 0.024 +0.010 0.407 0.59
  SHIP DOB.8                      12 | 0.066 0.019 0.009 0.027    | 0.63 +0.24 0.349  |   0.48  | 0.036    5.8  1 0.075          | 0.49 0.55 +0.35  19.9 +1.10     |  4.18  4 0.172 +0.029 0.450 0.87
  SHIP DOB.8                      19 | 0.121 0.004 0.014 0.046    | 0.61 +0.30 0.354  |   0.25  | 0.037    3.9  0 0.094          | 0.54 0.60 +0.38   9.9 +0.53     |  3.69  0 0.153 +0.061 0.409 0.79
  SHIP DOB.8                      26 | 0.105 0.001 0.011 0.055    | 0.58 +0.29 0.349  |   0.22  | 0.035    3.0  0 0.100          | 0.55 0.60 +0.41   6.8 +0.37     |  3.46  0 0.286 +0.114 0.379 0.63

======================================================================================================================================================
WORLD mode, J x1.5 | hold NEED x1.5
  cfg                              v | T1 dist |e| .5 1 2 s, rms  | T2 rise ov rms     | T3 pkpk | T5 rms e, pk rate, dwells, max|e| | T7 t50 t90 ov pk-rate past     | T8 mode-rms bursts max|e|hold ov rms-e damp
  R4-flown                         6 | 0.031 0.032 0.029 0.027    | 0.71 +0.20 0.380  |   1.59  | 0.070   10.4  1 0.093          | 0.50 0.60 +0.16  47.8 +1.83     |  4.40  2 0.230 -0.034 0.423 0.71
  R4-flown                         8 | 0.048 0.049 0.045 0.041    | 0.69 +0.24 0.383  |   1.48  | 0.076    6.1  1 0.098          | 0.52 0.62 +0.09  28.4 +0.60     |  3.13  2 0.254 -0.072 0.421 0.62
  R4-flown                        12 | 0.073 0.067 0.045 0.047    | 0.66 +0.24 0.370  |   0.58  | 0.065    3.4  0 0.086          | 0.52 0.61 +0.05  15.5 +0.17     |  2.25  2 0.191 -0.034 0.418 0.62
  R4-flown                        19 | 0.133 0.097 0.030 0.065    | 0.64 +0.24 0.356  |   0.39  | 0.053    2.5  0 0.106          | 0.57 0.67 +0.09   7.1 +0.13     |  1.92  0 0.060 -0.005 0.397 0.56
  R4-flown                        26 | 0.160 0.097 0.033 0.077    | 0.62 +0.16 0.350  |   0.23  | 0.057    2.4  0 0.114          | 0.58 0.72 +0.13   4.6 +0.12     |  2.38  0 0.088 -0.003 0.408 0.46
  SHIP Kp1.0 Kv1e-3 rc.03 DOB.6    6 | 0.024 0.021 0.003 0.012    | 0.71 +0.08 0.357  |   1.84  | 0.039   11.9  1 0.061          | 0.49 0.58 +0.14  49.2 +1.64     |  6.09  2 0.154 +0.038 0.498 0.63
  SHIP Kp1.0 Kv1e-3 rc.03 DOB.6    8 | 0.040 0.033 0.003 0.019    | 0.69 +0.14 0.355  |   0.85  | 0.038    7.6  1 0.069          | 0.50 0.59 +0.12  30.2 +0.82     |  3.68  2 0.102 +0.031 0.466 0.53
  SHIP Kp1.0 Kv1e-3 rc.03 DOB.6   12 | 0.060 0.034 0.006 0.027    | 0.68 +0.06 0.355  |   0.73  | 0.046    4.3  0 0.078          | 0.50 0.58 +0.06  16.4 +0.19     |  2.87  3 0.279 +0.042 0.520 0.65
  SHIP Kp1.0 Kv1e-3 rc.03 DOB.6   19 | 0.115 0.041 0.011 0.047    | 0.66 +0.06 0.352  |   0.48  | 0.048    2.8  0 0.098          | 0.55 0.64 +0.07   7.8 +0.10     |  3.30  0 0.143 +0.044 0.489 0.56
  SHIP Kp1.0 Kv1e-3 rc.03 DOB.6   26 | 0.134 0.038 0.017 0.055    | 0.64 +0.05 0.347  |   0.08  | 0.042    2.3  0 0.106          | 0.56 0.65 +0.13   5.1 +0.12     |  3.53  0 0.154 +0.042 0.480 0.54
  ALT-A rc.01                      6 | 0.023 0.021 0.003 0.012    | 0.71 +0.07 0.357  |   1.96  | 0.039   11.3  1 0.060          | 0.48 0.59 +0.12  47.4 +1.35     |  5.27  2 0.160 +0.038 0.498 0.63
  ALT-A rc.01                      8 | 0.038 0.032 0.004 0.019    | 0.70 +0.13 0.354  |   0.83  | 0.038    7.3  1 0.068          | 0.50 0.60 +0.10  28.9 +0.65     |  3.30  2 0.106 +0.031 0.466 0.53
  ALT-A rc.01                     12 | 0.058 0.038 0.006 0.027    | 0.68 +0.06 0.355  |   0.74  | 0.046    4.1  0 0.077          | 0.50 0.59 +0.06  15.7 +0.20     |  2.20  3 0.280 +0.043 0.520 0.63
  ALT-A rc.01                     19 | 0.112 0.043 0.013 0.048    | 0.66 +0.05 0.352  |   0.53  | 0.048    2.8  0 0.098          | 0.55 0.64 +0.05   7.6 +0.08     |  2.93  0 0.162 +0.046 0.490 0.58
  ALT-A rc.01                     26 | 0.138 0.038 0.015 0.055    | 0.64 +0.05 0.347  |   0.20  | 0.043    2.3  0 0.106          | 0.56 0.66 +0.10   5.0 +0.09     |  3.29  0 0.143 +0.046 0.476 0.56
  ALT-B Kp.85                      6 | 0.024 0.021 0.002 0.012    | 0.71 +0.08 0.357  |   1.69  | 0.038   11.9  1 0.061          | 0.49 0.58 +0.14  49.1 +1.62     |  6.04  2 0.153 +0.046 0.503 0.63
  ALT-B Kp.85                      8 | 0.039 0.033 0.003 0.019    | 0.70 +0.14 0.355  |   0.92  | 0.038    7.6  1 0.069          | 0.50 0.59 +0.12  30.0 +0.78     |  3.69  2 0.107 +0.037 0.473 0.52
  ALT-B Kp.85                     12 | 0.060 0.036 0.006 0.028    | 0.68 +0.06 0.356  |   1.06  | 0.046    4.3  0 0.078          | 0.50 0.59 +0.08  16.2 +0.26     |  2.88  3 0.296 +0.049 0.533 0.64
  ALT-B Kp.85                     19 | 0.115 0.046 0.013 0.049    | 0.66 +0.07 0.353  |   0.62  | 0.049    2.8  0 0.100          | 0.56 0.65 +0.05   7.5 +0.07     |  3.17  0 0.172 +0.049 0.504 0.57
  ALT-B Kp.85                     26 | 0.144 0.044 0.018 0.058    | 0.65 +0.07 0.349  |   0.14  | 0.043    2.3  0 0.108          | 0.57 0.69 +0.12   4.8 +0.11     |  3.29  0 0.180 +0.048 0.495 0.55
  ALT-C Kv6e-4                     6 | 0.027 0.022 0.002 0.013    | 0.71 +0.13 0.361  |   1.92  | 0.039   13.0  1 0.063          | 0.50 0.59 +0.19  50.2 +2.25     |  5.68  2 0.108 +0.043 0.492 0.63
  ALT-C Kv6e-4                     8 | 0.044 0.030 0.002 0.020    | 0.69 +0.19 0.360  |   1.01  | 0.039    8.5  1 0.071          | 0.51 0.60 +0.18  30.7 +1.18     |  3.46  2 0.083 +0.033 0.464 0.51
  ALT-C Kv6e-4                    12 | 0.064 0.032 0.005 0.028    | 0.67 +0.07 0.358  |   0.90  | 0.046    4.7  0 0.079          | 0.51 0.59 +0.11  16.6 +0.34     |  3.47  3 0.310 +0.044 0.525 0.63
  ALT-C Kv6e-4                    19 | 0.117 0.040 0.011 0.048    | 0.65 +0.07 0.353  |   0.35  | 0.046    3.0  0 0.099          | 0.56 0.64 +0.09   7.7 +0.12     |  3.34  0 0.108 +0.043 0.491 0.54
  ALT-C Kv6e-4                    26 | 0.131 0.036 0.015 0.055    | 0.64 +0.05 0.348  |   0.16  | 0.042    2.3  0 0.106          | 0.57 0.65 +0.13   5.1 +0.11     |  3.72  0 0.122 +0.044 0.476 0.54
  SHIP DOB.8                       6 | 0.023 0.016 0.000 0.011    | 0.71 +0.06 0.355  |   1.68  | 0.037   12.8  1 0.060          | 0.48 0.58 +0.15  50.2 +1.74     |  7.32  2 0.132 +0.040 0.495 0.54
  SHIP DOB.8                       8 | 0.037 0.024 0.000 0.017    | 0.69 +0.12 0.352  |   0.26  | 0.036    8.4  1 0.067          | 0.49 0.58 +0.15  31.1 +0.99     |  4.07  2 0.079 +0.032 0.462 0.55
  SHIP DOB.8                      12 | 0.056 0.026 0.002 0.023    | 0.69 +0.05 0.352  |   0.72  | 0.043    4.8  0 0.075          | 0.50 0.57 +0.09  17.0 +0.27     |  4.49  3 0.241 +0.044 0.516 0.63
  SHIP DOB.8                      19 | 0.107 0.020 0.013 0.041    | 0.66 +0.05 0.349  |   0.23  | 0.042    3.2  0 0.094          | 0.54 0.62 +0.10   8.4 +0.14     |  4.46  0 0.117 +0.047 0.477 0.51
  SHIP DOB.8                      26 | 0.100 0.025 0.016 0.048    | 0.65 +0.04 0.344  |   0.12  | 0.039    2.4  0 0.100          | 0.55 0.62 +0.13   5.6 +0.11     |  4.11  0 0.162 +0.052 0.463 0.56