v293r5_design -- rev-5 candidates on the nonlinear V293 plant (hold map, Coulomb F 0.012, stiction, 100 Hz loop, honda limiter).
DOB model: fork hold map x1.0, b = ident F1 table, J 1e-4, Td 0.06, two poles at f_Q, clip +-0.3; frozen when limited/pressed.

======================================================================================================================================================
WORLD mode (b .0006, J 1e-4) | hold NEED x1.0 the map
  cfg                              v | T1 dist |e| .5 1 2 s, rms      | T2 rise ov rms         | T3 pkpk | T5 stiction: rms e, pk rate, dwells, max|e| | T6 |e| 1 2 4 s     | T4 Ms wc PM   
  R4-flown                        12 |  0.092  0.085  0.048  0.056    |  0.60  +0.61  0.374    |   0.15  |  0.040     4.1   0  0.084            |   nan   nan   nan  |  1.87  0.17  112.4
  R4-flown                        19 |  0.165  0.085  0.021  0.074    |  0.59  +0.57  0.369    |   0.48  |  0.045     3.5   0  0.105            |   nan   nan   nan  |  1.75  0.42  103.8
  R4-flown                        26 |  0.201  0.102  0.021  0.088    |  0.57  +0.47  0.352    |   0.29  |  0.048     3.6   0  0.113            |   nan   nan   nan  |  1.71  0.48  107.0
  R4+DOB.8 Ki.3flat               12 |  0.071  0.013  0.012  0.027    |  0.63  +0.14  0.340    |   0.74  |  0.036     6.0   1  0.076            |   nan   nan   nan  |   nan   nan    nan
  R4+DOB.8 Ki.3flat               19 |  0.117  0.008  0.021  0.048    |  0.60  +0.16  0.339    |   0.33  |  0.034     4.0   0  0.096            |   nan   nan   nan  |   nan   nan    nan
  R4+DOB.8 Ki.3flat               26 |  0.082  0.009  0.016  0.058    |  0.58  +0.12  0.335    |   0.21  |  0.035     3.1   0  0.102            |   nan   nan   nan  |   nan   nan    nan
  R4+DOB.8 Ki0                    12 |  0.072  0.017  0.007  0.027    |  0.63  +0.13  0.341    |   0.23  |  0.040     5.9   1  0.077            |   nan   nan   nan  |   nan   nan    nan
  R4+DOB.8 Ki0                    19 |  0.122  0.012  0.002  0.048    |  0.60  +0.15  0.340    |   0.37  |  0.037     3.8   0  0.097            |   nan   nan   nan  |   nan   nan    nan
  R4+DOB.8 Ki0                    26 |  0.089  0.019  0.001  0.059    |  0.58  +0.11  0.335    |   0.14  |  0.038     3.2   0  0.104            |   nan   nan   nan  |   nan   nan    nan
  Kp1.5 notch DOB.8 Ki.3          12 |  0.064  0.008  0.009  0.025    |  0.62  +0.15  0.338    |   0.41  |  0.035     6.3   1  0.074            |   nan   nan   nan  |   nan   nan    nan
  Kp1.5 notch DOB.8 Ki.3          19 |  0.082  0.008  0.004  0.043    |  0.59  +0.16  0.335    |   0.45  |  0.033     4.2   0  0.089            |   nan   nan   nan  |   nan   nan    nan
  Kp1.5 notch DOB.8 Ki.3          26 |  0.008  0.000  0.001  0.053    |  0.57  +0.09  0.328    |   2.22  |  0.032     3.3   0  0.094            |   nan   nan   nan  |   nan   nan    nan
  Kp2 NOnotch Kv1e-3 DOB1 Ki.3    12 |  0.044  0.008  0.008  0.019    |  0.65  +0.02  0.328    |   0.32  |  0.033     6.6   1  0.066            |   nan   nan   nan  |   nan   nan    nan
  Kp2 NOnotch Kv1e-3 DOB1 Ki.3    19 |  0.035  0.006  0.002  0.029    |  0.75  +0.09  0.324    | 710.04  |  0.031     4.4   0  0.078            |   nan   nan   nan  |   nan   nan    nan
  Kp2 NOnotch Kv1e-3 DOB1 Ki.3    26 |  0.008  0.018  0.006  0.035    |  0.72 +61.34 13.454    | 737.94  |  0.030     3.5   0  0.082            |   nan   nan   nan  |   nan   nan    nan
  Kp2 NOnotch Kv1e-3 DOB1 Ki0     12 |  0.045  0.009  0.005  0.019    |  0.66  +0.01  0.328    |   0.22  |  0.035     6.5   1  0.066            |   nan   nan   nan  |   nan   nan    nan
  Kp2 NOnotch Kv1e-3 DOB1 Ki0     19 |  0.038  0.009  0.002  0.029    |  0.75  +0.08  0.324    | 689.76  |  0.032     4.3   0  0.079            |   nan   nan   nan  |   nan   nan    nan
  Kp2 NOnotch Kv1e-3 DOB1 Ki0     26 |  0.009  0.024  0.002  0.035    |  0.72 +61.72 14.061    | 736.10  |  0.031     3.4   0  0.083            |   nan   nan   nan  |   nan   nan    nan
  Kp2 NOnotch Kv1e-3 DOB.6 Ki.3   12 |  0.058  0.023  0.010  0.026    |  0.61  +0.14  0.330    |   0.31  |  0.034     5.5   1  0.069            |   nan   nan   nan  |   nan   nan    nan
  Kp2 NOnotch Kv1e-3 DOB.6 Ki.3   19 |  0.087  0.021  0.017  0.041    |  0.59  +0.04  0.323    |   0.13  |  0.031     3.7   0  0.083            |   nan   nan   nan  |   nan   nan    nan
  Kp2 NOnotch Kv1e-3 DOB.6 Ki.3   26 |  0.059  0.022  0.011  0.043    |  0.69  +0.22  0.325    | 754.91  |  0.030     2.9   0  0.088            |   nan   nan   nan  |   nan   nan    nan
  Kp2 NOnotch Kv1e-3 DOB1.5 Ki.3  12 |  0.020  0.004  0.005  0.014    |  0.75  +0.02  0.330    |  33.11  |  0.033     7.4   1  0.064            |   nan   nan   nan  |   nan   nan    nan
  Kp2 NOnotch Kv1e-3 DOB1.5 Ki.3  19 |  0.004  0.013  0.009  0.025    |  0.75 +36.08  6.575    | 673.47  |  0.030     5.1   1  0.074            |   nan   nan   nan  |   nan   nan    nan
  Kp2 NOnotch Kv1e-3 DOB1.5 Ki.3  26 |  0.135  0.378  8.967 17.412    |  0.72 +60.87 18.751    | 736.09  |  0.029     4.0   0  0.077            |   nan   nan   nan  |   nan   nan    nan
  Kp2 NOnotch Kv1e-3 Ki.6 noDOB   12 |  0.071  0.073  0.064  0.062    |  0.60  +0.37  0.339    |   0.19  |  0.047     3.9   0  0.073            |   nan   nan   nan  |  6.87  2.60   12.4
  Kp2 NOnotch Kv1e-3 Ki.6 noDOB   19 |  0.124  0.107  0.087  0.089    |  0.58  +0.24  0.329    |   0.15  |  0.043     3.4   0  0.093            |   nan   nan   nan  |  6.37  2.80  -10.9
  Kp2 NOnotch Kv1e-3 Ki.6 noDOB   26 |  0.128  0.113  0.092  0.096    |  0.59  +0.28  0.323    | 733.07  |  0.038     3.3   0  0.100            |   nan   nan   nan  |  1.95  3.25  -33.1
  Kp1.5 notch DOB.8 Ki.3 noJ      12 |  0.063  0.006  0.007  0.025    |  0.61  +0.20  0.342    |   0.52  |  0.035     6.5   1  0.074            |   nan   nan   nan  |   nan   nan    nan
  Kp1.5 notch DOB.8 Ki.3 noJ      19 |  0.078  0.004  0.001  0.042    |  0.59  +0.20  0.340    |   1.42  |  0.033     4.3   0  0.089            |   nan   nan   nan  |   nan   nan    nan
  Kp1.5 notch DOB.8 Ki.3 noJ      26 |  0.011  0.008  0.007  0.052    |  0.57  +0.13  0.332    | 139.99  |  0.032     3.3   0  0.094            |   nan   nan   nan  |   nan   nan    nan

======================================================================================================================================================
WORLD mode (b .0006, J 1e-4) | hold NEED x1.5 the map
  cfg                              v | T1 dist |e| .5 1 2 s, rms      | T2 rise ov rms         | T3 pkpk | T5 stiction: rms e, pk rate, dwells, max|e| | T6 |e| 1 2 4 s     | T4 Ms wc PM   
  R4-flown                        12 |  0.073  0.066  0.040  0.046    |  0.66  +0.14  0.360    |   0.23  |  0.065     3.5   0  0.084            | 0.145 0.090 0.014  |  2.04  2.20   71.1
  R4-flown                        19 |  0.127  0.085  0.012  0.060    |  0.64  +0.13  0.347    |   0.35  |  0.054     3.5   0  0.105            | 0.039 0.007 0.001  |  1.94  0.24  102.1
  R4-flown                        26 |  0.145  0.077  0.008  0.068    |  0.63  +0.06  0.341    |   0.07  |  0.056     3.6   0  0.113            | 0.038 0.008 0.001  |  1.98  0.25  104.3
  R4+DOB.8 Ki.3flat               12 |  0.055  0.026  0.001  0.024    |  0.75  +0.06  0.351    |   0.99  |  0.044     5.0   0  0.076            | 0.048 0.051 0.075  |   nan   nan    nan
  R4+DOB.8 Ki.3flat               19 |  0.103  0.022  0.019  0.042    |  1.55  +0.05  0.347    |   0.20  |  0.041     3.5   0  0.096            | 0.019 0.044 0.057  |   nan   nan    nan
  R4+DOB.8 Ki.3flat               26 |  0.095  0.018  0.019  0.050    |  1.28  +0.05  0.344    |   0.10  |  0.039     3.4   0  0.102            | 0.002 0.061 0.036  |   nan   nan    nan
  R4+DOB.8 Ki0                    12 |  0.056  0.030  0.007  0.025    |  1.69  +0.01  0.353    |   0.22  |  0.050     4.8   0  0.077            | 0.119 0.034 0.003  |   nan   nan    nan
  R4+DOB.8 Ki0                    19 |  0.106  0.026  0.006  0.042    |  1.66  +0.01  0.348    |   0.18  |  0.047     3.5   0  0.097            | 0.073 0.009 0.002  |   nan   nan    nan
  R4+DOB.8 Ki0                    26 |  0.100  0.023  0.002  0.050    |  1.44  +0.01  0.345    |   0.08  |  0.044     3.5   0  0.104            | 0.035 0.006 0.000  |   nan   nan    nan
  Kp1.5 notch DOB.8 Ki.3          12 |  0.054  0.016  0.008  0.022    |  0.71  +0.03  0.346    |   0.65  |  0.042     5.2   1  0.074            | 0.046 0.032 0.046  |   nan   nan    nan
  Kp1.5 notch DOB.8 Ki.3          19 |  0.079  0.009  0.014  0.036    |  0.69  +0.04  0.340    |   0.20  |  0.038     3.5   0  0.089            | 0.002 0.047 0.027  |   nan   nan    nan
  Kp1.5 notch DOB.8 Ki.3          26 |  0.033  0.013  0.009  0.043    |  0.97  +0.03  0.336    |   0.12  |  0.036     3.3   0  0.094            | 0.018 0.033 0.021  |   nan   nan    nan
  Kp2 NOnotch Kv1e-3 DOB1 Ki.3    12 |  0.040  0.010  0.007  0.018    |  0.75  +0.03  0.338    |   0.41  |  0.039     5.6   1  0.066            | 0.029 0.021 0.031  |   nan   nan    nan
  Kp2 NOnotch Kv1e-3 DOB1 Ki.3    19 |  0.038  0.011  0.007  0.027    |  0.74  +0.02  0.332    | 445.57  |  0.034     3.8   0  0.078            | 0.005 0.027 0.017  |   nan   nan    nan
  Kp2 NOnotch Kv1e-3 DOB1 Ki.3    26 |  0.033  0.010  0.001  0.030    |  0.70 +43.34  5.441    | 641.20  |  0.033     3.0   0  0.082            | 0.001 0.026 0.014  |   nan   nan    nan
  Kp2 NOnotch Kv1e-3 DOB1 Ki0     12 |  0.041  0.012  0.004  0.018    |  0.75  +0.01  0.339    |   0.14  |  0.042     5.6   1  0.066            | 0.058 0.008 0.001  |   nan   nan    nan
  Kp2 NOnotch Kv1e-3 DOB1 Ki0     19 |  0.040  0.012  0.008  0.027    |  0.75  +0.01  0.333    | 480.07  |  0.037     3.7   0  0.079            | 0.019 0.006 0.004  |   nan   nan    nan
  Kp2 NOnotch Kv1e-3 DOB1 Ki0     26 |  0.043  0.010  0.000  0.031    |  0.70 +40.35  5.504    | 641.24  |  0.036     2.8   0  0.083            | 0.014 0.006 0.005  |   nan   nan    nan
  Kp2 NOnotch Kv1e-3 DOB.6 Ki.3   12 |  0.049  0.026  0.005  0.023    |  0.69  +0.03  0.339    |   0.45  |  0.042     4.7   0  0.069            | 0.074 0.007 0.052  |   nan   nan    nan
  Kp2 NOnotch Kv1e-3 DOB.6 Ki.3   19 |  0.078  0.024  0.013  0.037    |  0.71  +0.03  0.332    |   0.17  |  0.038     3.2   0  0.083            | 0.022 0.020 0.025  |   nan   nan    nan
  Kp2 NOnotch Kv1e-3 DOB.6 Ki.3   26 |  0.064  0.024  0.012  0.038    |  0.70  +0.09  0.330    | 432.50  |  0.036     3.0   0  0.088            | 0.012 0.023 0.024  |   nan   nan    nan
  Kp2 NOnotch Kv1e-3 DOB1.5 Ki.3  12 |  0.023  0.005  0.004  0.013    |  0.76  +0.78  0.450    |  29.95  |  0.037     6.4   1  0.064            | 0.158 0.599 0.558  |   nan   nan    nan
  Kp2 NOnotch Kv1e-3 DOB1.5 Ki.3  19 |  0.015  0.009  0.007  0.022    |  0.74 +24.26  3.585    | 631.03  |  0.033     4.3   0  0.074            | 0.586 3.438 12.042  |   nan   nan    nan
  Kp2 NOnotch Kv1e-3 DOB1.5 Ki.3  26 |  0.068  0.000  0.010  0.030    |  0.70 +42.18  6.379    | 641.03  |  0.031     3.4   0  0.077            | 0.259 7.213 9.954  |   nan   nan    nan
  Kp2 NOnotch Kv1e-3 Ki.6 noDOB   12 |  0.060  0.060  0.053  0.052    |  0.65  +0.10  0.360    |   1.19  |  0.091     3.5   0  0.125            | 0.219 0.223 0.158  | 10.68  2.84    8.0
  Kp2 NOnotch Kv1e-3 Ki.6 noDOB   19 |  0.099  0.088  0.074  0.076    |  0.66  +0.06  0.345    |   0.50  |  0.074     3.4   0  0.101            | 0.170 0.166 0.117  |  4.92  3.06  -14.4
  Kp2 NOnotch Kv1e-3 Ki.6 noDOB   26 |  0.111  0.092  0.078  0.084    |  0.67  +0.10  0.341    | 378.25  |  0.067     3.3   0  0.100            | 0.169 0.154 0.109  |  1.74  3.53  -37.0
  Kp1.5 notch DOB.8 Ki.3 noJ      12 |  0.054  0.014  0.006  0.022    |  0.69  +0.04  0.345    |   0.67  |  0.042     5.3   1  0.074            | 0.055 0.032 0.046  |   nan   nan    nan
  Kp1.5 notch DOB.8 Ki.3 noJ      19 |  0.075  0.009  0.009  0.036    |  0.67  +0.04  0.340    |   0.28  |  0.038     3.5   0  0.089            | 0.007 0.044 0.027  |   nan   nan    nan
  Kp1.5 notch DOB.8 Ki.3 noJ      26 |  0.044  0.009  0.007  0.042    |  0.74  +0.03  0.336    |   0.17  |  0.036     3.3   0  0.094            | 0.016 0.033 0.023  |   nan   nan    nan

======================================================================================================================================================
WORLD ident (b F1, J 1e-4) | hold NEED x1.0 the map
  cfg                              v | T1 dist |e| .5 1 2 s, rms      | T2 rise ov rms         | T3 pkpk | T5 stiction: rms e, pk rate, dwells, max|e| | T6 |e| 1 2 4 s     | T4 Ms wc PM   
  R4-flown                        12 |  0.052  0.065  0.056  0.048    |  0.84  +0.14  0.380    |   0.04  |  0.048     3.6   0  0.091            |   nan   nan   nan  |  1.17  0.16   91.9
  R4-flown                        19 |  0.094  0.104  0.033  0.059    |  0.78  +0.27  0.385    |   0.92  |  0.049     3.6   0  0.108            |   nan   nan   nan  |  1.21  0.31   71.9
  R4-flown                        26 |  0.119  0.117  0.021  0.066    |  0.75  +0.27  0.380    |   0.42  |  0.052     3.6   0  0.116            |   nan   nan   nan  |  1.24  0.34   74.7
  R4+DOB.8 Ki.3flat               12 |  0.042  0.038  0.004  0.024    |  0.84  +0.08  0.372    |   0.62  |  0.039     3.6   0  0.079            |   nan   nan   nan  |   nan   nan    nan
  R4+DOB.8 Ki.3flat               19 |  0.080  0.059  0.004  0.043    |  0.80  +0.14  0.372    |   0.45  |  0.042     3.6   0  0.097            |   nan   nan   nan  |   nan   nan    nan
  R4+DOB.8 Ki.3flat               26 |  0.110  0.061  0.001  0.051    |  0.77  +0.16  0.370    |   0.05  |  0.043     3.6   0  0.104            |   nan   nan   nan  |   nan   nan    nan
  R4+DOB.8 Ki0                    12 |  0.042  0.039  0.003  0.023    |  0.85  +0.06  0.370    |   0.05  |  0.042     3.6   0  0.080            |   nan   nan   nan  |   nan   nan    nan
  R4+DOB.8 Ki0                    19 |  0.081  0.065  0.010  0.039    |  0.80  +0.11  0.371    |   0.44  |  0.045     3.6   0  0.099            |   nan   nan   nan  |   nan   nan    nan
  R4+DOB.8 Ki0                    26 |  0.112  0.067  0.023  0.047    |  0.77  +0.13  0.369    |   0.04  |  0.047     3.6   0  0.105            |   nan   nan   nan  |   nan   nan    nan
  Kp1.5 notch DOB.8 Ki.3          12 |  0.040  0.033  0.003  0.022    |  0.81  +0.12  0.369    |   0.33  |  0.037     3.6   0  0.077            |   nan   nan   nan  |   nan   nan    nan
  Kp1.5 notch DOB.8 Ki.3          19 |  0.077  0.050  0.006  0.037    |  0.76  +0.19  0.368    |   0.26  |  0.038     3.6   0  0.091            |   nan   nan   nan  |   nan   nan    nan
  Kp1.5 notch DOB.8 Ki.3          26 |  0.096  0.041  0.022  0.039    |  0.73  +0.21  0.365    |   0.10  |  0.039     3.6   0  0.095            |   nan   nan   nan  |   nan   nan    nan
  Kp2 NOnotch Kv1e-3 DOB1 Ki.3    12 |  0.034  0.022  0.009  0.016    |  0.77  +0.08  0.358    |   0.12  |  0.035     3.6   0  0.068            |   nan   nan   nan  |   nan   nan    nan
  Kp2 NOnotch Kv1e-3 DOB1 Ki.3    19 |  0.061  0.024  0.012  0.025    |  0.72  +0.13  0.354    |   0.04  |  0.034     3.6   0  0.079            |   nan   nan   nan  |   nan   nan    nan
  Kp2 NOnotch Kv1e-3 DOB1 Ki.3    26 |  0.071  0.017  0.007  0.029    |  0.69  +0.15  0.351    |   0.02  |  0.034     3.6   0  0.083            |   nan   nan   nan  |   nan   nan    nan
  Kp2 NOnotch Kv1e-3 DOB1 Ki0     12 |  0.034  0.024  0.007  0.016    |  0.77  +0.07  0.358    |   0.14  |  0.037     3.6   0  0.068            |   nan   nan   nan  |   nan   nan    nan
  Kp2 NOnotch Kv1e-3 DOB1 Ki0     19 |  0.062  0.027  0.008  0.025    |  0.72  +0.12  0.354    |   0.02  |  0.036     3.6   0  0.080            |   nan   nan   nan  |   nan   nan    nan
  Kp2 NOnotch Kv1e-3 DOB1 Ki0     26 |  0.073  0.014  0.001  0.028    |  0.70  +0.14  0.351    |   0.01  |  0.036     3.6   0  0.083            |   nan   nan   nan  |   nan   nan    nan
  Kp2 NOnotch Kv1e-3 DOB.6 Ki.3   12 |  0.037  0.035  0.002  0.020    |  0.77  +0.08  0.359    |   0.13  |  0.037     3.6   0  0.072            |   nan   nan   nan  |   nan   nan    nan
  Kp2 NOnotch Kv1e-3 DOB.6 Ki.3   19 |  0.069  0.047  0.014  0.032    |  0.72  +0.13  0.356    |   0.09  |  0.038     3.6   0  0.085            |   nan   nan   nan  |   nan   nan    nan
  Kp2 NOnotch Kv1e-3 DOB.6 Ki.3   26 |  0.088  0.042  0.015  0.036    |  0.70  +0.14  0.352    |   0.03  |  0.038     3.6   0  0.089            |   nan   nan   nan  |   nan   nan    nan
  Kp2 NOnotch Kv1e-3 DOB1.5 Ki.3  12 |  0.029  0.013  0.006  0.012    |  0.77  +0.08  0.357    |   0.10  |  0.034     3.6   0  0.065            |   nan   nan   nan  |   nan   nan    nan
  Kp2 NOnotch Kv1e-3 DOB1.5 Ki.3  19 |  0.050  0.019  0.004  0.022    |  0.72  +0.13  0.353    |   0.12  |  0.032     3.6   0  0.075            |   nan   nan   nan  |   nan   nan    nan
  Kp2 NOnotch Kv1e-3 DOB1.5 Ki.3  26 |  0.056  0.007  0.002  0.024    |  0.69  +0.15  0.349    |   0.03  |  0.032     3.6   0  0.078            |   nan   nan   nan  |   nan   nan    nan
  Kp2 NOnotch Kv1e-3 Ki.6 noDOB   12 |  0.041  0.050  0.067  0.055    |  0.78  +0.07  0.360    |   0.54  |  0.057     3.6   0  0.081            |   nan   nan   nan  |  1.32  0.15  142.9
  Kp2 NOnotch Kv1e-3 Ki.6 noDOB   19 |  0.065  0.094  0.089  0.079    |  0.73  +0.11  0.358    |   0.13  |  0.065     3.6   0  0.097            |   nan   nan   nan  |  1.32  0.52  117.6
  Kp2 NOnotch Kv1e-3 Ki.6 noDOB   26 |  0.091  0.114  0.094  0.089    |  0.71  +0.12  0.354    |   0.07  |  0.068     3.6   0  0.103            |   nan   nan   nan  |  1.37  0.69  107.4
  Kp1.5 notch DOB.8 Ki.3 noJ      12 |  0.040  0.033  0.000  0.022    |  0.80  +0.13  0.368    |   0.41  |  0.037     3.6   0  0.077            |   nan   nan   nan  |   nan   nan    nan
  Kp1.5 notch DOB.8 Ki.3 noJ      19 |  0.079  0.056  0.006  0.038    |  0.75  +0.20  0.368    |   0.26  |  0.038     3.6   0  0.091            |   nan   nan   nan  |   nan   nan    nan
  Kp1.5 notch DOB.8 Ki.3 noJ      26 |  0.097  0.040  0.022  0.039    |  0.72  +0.22  0.365    |   0.11  |  0.039     3.6   0  0.095            |   nan   nan   nan  |   nan   nan    nan

======================================================================================================================================================
WORLD ident (b F1, J 1e-4) | hold NEED x1.5 the map
  cfg                              v | T1 dist |e| .5 1 2 s, rms      | T2 rise ov rms         | T3 pkpk | T5 stiction: rms e, pk rate, dwells, max|e| | T6 |e| 1 2 4 s     | T4 Ms wc PM   
  R4-flown                        12 |  0.043  0.055  0.043  0.039    |  1.31  +0.01  0.381    |   0.90  |  0.071     2.2   0  0.093            | 0.085 0.024 0.003  |  1.17  0.10   96.6
  R4-flown                        19 |  0.080  0.087  0.034  0.050    |  0.86  +0.02  0.372    |   0.57  |  0.058     3.6   0  0.109            | 0.042 0.023 0.001  |  1.13  0.22   85.1
  R4-flown                        26 |  0.101  0.092  0.024  0.054    |  0.83  +0.02  0.369    |   0.01  |  0.060     3.6   0  0.116            | 0.026 0.013 0.000  |  1.17  0.24   87.6
  R4+DOB.8 Ki.3flat               12 |  0.038  0.033  0.000  0.020    |  1.02  +0.07  0.377    |   0.36  |  0.044     3.6   0  0.080            | 0.035 0.077 0.069  |   nan   nan    nan
  R4+DOB.8 Ki.3flat               19 |  0.073  0.051  0.011  0.034    |  0.90  +0.07  0.375    |   0.13  |  0.044     3.6   0  0.098            | 0.042 0.065 0.040  |   nan   nan    nan
  R4+DOB.8 Ki.3flat               26 |  0.097  0.053  0.022  0.040    |  0.86  +0.05  0.371    |   0.07  |  0.048     3.6   0  0.104            | 0.034 0.057 0.033  |   nan   nan    nan
  R4+DOB.8 Ki0                    12 |  0.037  0.034  0.006  0.019    |  1.11  -0.00  0.378    |   0.29  |  0.051     2.8   0  0.080            | 0.046 0.010 0.001  |   nan   nan    nan
  R4+DOB.8 Ki0                    19 |  0.074  0.055  0.004  0.034    |  0.93  +0.01  0.374    |   0.04  |  0.051     1.6   0  0.099            | 0.024 0.004 0.000  |   nan   nan    nan
  R4+DOB.8 Ki0                    26 |  0.098  0.059  0.007  0.041    |  0.88  +0.01  0.371    |   0.02  |  0.054     3.6   0  0.105            | 0.004 0.010 0.001  |   nan   nan    nan
  Kp1.5 notch DOB.8 Ki.3          12 |  0.036  0.030  0.002  0.018    |  0.92  +0.05  0.372    |   0.30  |  0.042     3.6   0  0.077            | 0.033 0.047 0.044  |   nan   nan    nan
  Kp1.5 notch DOB.8 Ki.3          19 |  0.069  0.040  0.018  0.030    |  0.83  +0.04  0.367    |   0.09  |  0.043     3.6   0  0.091            | 0.061 0.038 0.025  |   nan   nan    nan
  Kp1.5 notch DOB.8 Ki.3          26 |  0.084  0.033  0.012  0.034    |  0.79  +0.05  0.363    |   0.04  |  0.043     3.6   0  0.095            | 0.069 0.030 0.020  |   nan   nan    nan
  Kp2 NOnotch Kv1e-3 DOB1 Ki.3    12 |  0.032  0.019  0.002  0.014    |  0.85  +0.04  0.362    |   0.21  |  0.039     3.6   0  0.068            | 0.023 0.031 0.027  |   nan   nan    nan
  Kp2 NOnotch Kv1e-3 DOB1 Ki.3    19 |  0.057  0.022  0.008  0.023    |  0.77  +0.04  0.356    |   0.06  |  0.038     3.6   0  0.079            | 0.057 0.024 0.018  |   nan   nan    nan
  Kp2 NOnotch Kv1e-3 DOB1 Ki.3    26 |  0.063  0.018  0.005  0.026    |  0.74  +0.05  0.352    |   0.03  |  0.037     3.6   0  0.083            | 0.054 0.018 0.014  |   nan   nan    nan
  Kp2 NOnotch Kv1e-3 DOB1 Ki0     12 |  0.032  0.020  0.000  0.014    |  0.86  -0.00  0.362    |   0.03  |  0.043     2.7   0  0.069            | 0.004 0.008 0.000  |   nan   nan    nan
  Kp2 NOnotch Kv1e-3 DOB1 Ki0     19 |  0.056  0.022  0.004  0.023    |  0.78  +0.02  0.356    |   0.00  |  0.041     3.6   0  0.080            | 0.031 0.002 0.000  |   nan   nan    nan
  Kp2 NOnotch Kv1e-3 DOB1 Ki0     26 |  0.065  0.021  0.002  0.026    |  0.75  +0.04  0.352    |   0.00  |  0.040     3.6   0  0.083            | 0.034 0.001 0.001  |   nan   nan    nan
  Kp2 NOnotch Kv1e-3 DOB.6 Ki.3   12 |  0.034  0.030  0.005  0.018    |  0.88  +0.04  0.363    |   0.29  |  0.043     2.6   0  0.072            | 0.001 0.032 0.048  |   nan   nan    nan
  Kp2 NOnotch Kv1e-3 DOB.6 Ki.3   19 |  0.065  0.042  0.002  0.029    |  0.79  +0.02  0.357    |   0.08  |  0.043     3.6   0  0.085            | 0.036 0.033 0.021  |   nan   nan    nan
  Kp2 NOnotch Kv1e-3 DOB.6 Ki.3   26 |  0.080  0.032  0.000  0.031    |  0.76  +0.02  0.353    |   0.04  |  0.043     3.6   0  0.089            | 0.046 0.026 0.018  |   nan   nan    nan
  Kp2 NOnotch Kv1e-3 DOB1.5 Ki.3  12 |  0.027  0.012  0.005  0.011    |  0.83  +0.03  0.360    |   0.18  |  0.037     3.6   0  0.065            | 0.040 0.032 0.023  |   nan   nan    nan
  Kp2 NOnotch Kv1e-3 DOB1.5 Ki.3  19 |  0.047  0.008  0.004  0.019    |  0.76  +0.06  0.355    |   0.13  |  0.035     3.6   0  0.075            | 0.060 0.010 0.015  |   nan   nan    nan
  Kp2 NOnotch Kv1e-3 DOB1.5 Ki.3  26 |  0.053  0.003  0.004  0.021    |  0.73  +0.08  0.351    |   0.03  |  0.034     3.6   0  0.078            | 0.059 0.013 0.013  |   nan   nan    nan
  Kp2 NOnotch Kv1e-3 Ki.6 noDOB   12 |  0.035  0.045  0.055  0.047    |  5.08  -0.07  0.382    |   0.82  |  0.099     3.6   0  0.132            | 0.225 0.196 0.133  |  1.32  0.04  128.4
  Kp2 NOnotch Kv1e-3 Ki.6 noDOB   19 |  0.057  0.087  0.077  0.070    |  0.81  -0.05  0.368    |   0.43  |  0.094     3.6   0  0.119            | 0.163 0.140 0.097  |  1.32  0.16  148.0
  Kp2 NOnotch Kv1e-3 Ki.6 noDOB   26 |  0.089  0.096  0.082  0.079    |  0.78  -0.04  0.364    |   0.27  |  0.093     3.6   0  0.115            | 0.153 0.134 0.095  |  1.36  0.38  138.8
  Kp1.5 notch DOB.8 Ki.3 noJ      12 |  0.036  0.030  0.003  0.018    |  0.90  +0.05  0.371    |   0.31  |  0.044     3.6   0  0.077            | 0.026 0.045 0.047  |   nan   nan    nan
  Kp1.5 notch DOB.8 Ki.3 noJ      19 |  0.071  0.040  0.017  0.030    |  0.82  +0.04  0.367    |   0.09  |  0.043     3.6   0  0.091            | 0.059 0.037 0.025  |   nan   nan    nan
  Kp1.5 notch DOB.8 Ki.3 noJ      26 |  0.085  0.033  0.011  0.033    |  0.78  +0.06  0.363    |   0.04  |  0.043     3.6   0  0.095            | 0.068 0.030 0.020  |   nan   nan    nan

======================================================================================================================================================
WORLD ident, delays x1.5 | hold NEED x1.0 the map
  cfg                              v | T1 dist |e| .5 1 2 s, rms      | T2 rise ov rms         | T3 pkpk | T5 stiction: rms e, pk rate, dwells, max|e| | T6 |e| 1 2 4 s     | T4 Ms wc PM   
  R4-flown                        12 |  0.053  0.066  0.058  0.048    |  0.85  +0.17  0.391    |   0.20  |  0.049     3.6   0  0.094            |   nan   nan   nan  |  1.21  0.16   90.2
  R4-flown                        19 |  0.093  0.107  0.036  0.061    |  0.79  +0.32  0.400    |   1.00  |  0.050     3.6   0  0.111            |   nan   nan   nan  |  1.27  0.31   68.6
  R4-flown                        26 |  0.122  0.123  0.018  0.068    |  0.77  +0.32  0.394    |   0.45  |  0.053     3.6   0  0.118            |   nan   nan   nan  |  1.32  0.34   71.1
  R4+DOB.8 Ki.3flat               12 |  0.044  0.038  0.001  0.025    |  0.84  +0.13  0.381    |   0.57  |  0.039     3.6   0  0.082            |   nan   nan   nan  |   nan   nan    nan
  R4+DOB.8 Ki.3flat               19 |  0.086  0.064  0.009  0.045    |  0.80  +0.20  0.383    |   0.50  |  0.043     3.6   0  0.100            |   nan   nan   nan  |   nan   nan    nan
  R4+DOB.8 Ki.3flat               26 |  0.114  0.076  0.014  0.055    |  0.77  +0.23  0.382    |   0.22  |  0.044     3.6   0  0.107            |   nan   nan   nan  |   nan   nan    nan
  R4+DOB.8 Ki0                    12 |  0.044  0.040  0.010  0.024    |  0.85  +0.10  0.379    |   0.50  |  0.043     3.6   0  0.083            |   nan   nan   nan  |   nan   nan    nan
  R4+DOB.8 Ki0                    19 |  0.087  0.067  0.007  0.042    |  0.81  +0.17  0.381    |   0.34  |  0.046     3.6   0  0.102            |   nan   nan   nan  |   nan   nan    nan
  R4+DOB.8 Ki0                    26 |  0.116  0.070  0.029  0.049    |  0.78  +0.20  0.380    |   0.03  |  0.047     3.6   0  0.108            |   nan   nan   nan  |   nan   nan    nan
  Kp1.5 notch DOB.8 Ki.3          12 |  0.042  0.035  0.002  0.023    |  0.81  +0.17  0.378    |   0.64  |  0.038     3.7   0  0.079            |   nan   nan   nan  |   nan   nan    nan
  Kp1.5 notch DOB.8 Ki.3          19 |  0.084  0.057  0.007  0.039    |  0.77  +0.26  0.380    |   0.38  |  0.039     3.6   0  0.094            |   nan   nan   nan  |   nan   nan    nan
  Kp1.5 notch DOB.8 Ki.3          26 |  0.102  0.059  0.033  0.045    |  0.74  +0.30  0.377    |   0.03  |  0.039     3.6   0  0.098            |   nan   nan   nan  |   nan   nan    nan
  Kp2 NOnotch Kv1e-3 DOB1 Ki.3    12 |  0.038  0.026  0.001  0.018    |  0.76  +0.13  0.366    |   0.09  |  0.035     3.5   0  0.071            |   nan   nan   nan  |   nan   nan    nan
  Kp2 NOnotch Kv1e-3 DOB1 Ki.3    19 |  0.064  0.035  0.004  0.029    |  0.72  +0.20  0.364    |   0.17  |  0.035     3.6   0  0.082            |   nan   nan   nan  |   nan   nan    nan
  Kp2 NOnotch Kv1e-3 DOB1 Ki.3    26 |  0.079  0.031  0.005  0.034    |  0.69  +0.22  0.360    |   0.04  |  0.034     3.6   0  0.086            |   nan   nan   nan  |   nan   nan    nan
  Kp2 NOnotch Kv1e-3 DOB1 Ki0     12 |  0.038  0.024  0.002  0.017    |  0.77  +0.11  0.365    |   0.11  |  0.037     3.6   0  0.071            |   nan   nan   nan  |   nan   nan    nan
  Kp2 NOnotch Kv1e-3 DOB1 Ki0     19 |  0.065  0.039  0.001  0.028    |  0.72  +0.19  0.363    |   0.13  |  0.036     3.5   0  0.083            |   nan   nan   nan  |   nan   nan    nan
  Kp2 NOnotch Kv1e-3 DOB1 Ki0     26 |  0.081  0.018  0.003  0.031    |  0.70  +0.21  0.360    |   0.03  |  0.036     3.6   0  0.086            |   nan   nan   nan  |   nan   nan    nan
  Kp2 NOnotch Kv1e-3 DOB.6 Ki.3   12 |  0.040  0.037  0.001  0.022    |  0.77  +0.12  0.368    |   0.42  |  0.037     3.5   0  0.074            |   nan   nan   nan  |   nan   nan    nan
  Kp2 NOnotch Kv1e-3 DOB.6 Ki.3   19 |  0.077  0.051  0.018  0.035    |  0.73  +0.18  0.365    |   0.06  |  0.038     3.6   0  0.088            |   nan   nan   nan  |   nan   nan    nan
  Kp2 NOnotch Kv1e-3 DOB.6 Ki.3   26 |  0.095  0.044  0.017  0.038    |  0.70  +0.20  0.362    |   0.02  |  0.038     3.6   0  0.092            |   nan   nan   nan  |   nan   nan    nan
  Kp2 NOnotch Kv1e-3 DOB1.5 Ki.3  12 |  0.031  0.018  0.002  0.014    |  0.75  +0.12  0.364    |   0.18  |  0.034     3.8   0  0.068            |   nan   nan   nan  |   nan   nan    nan
  Kp2 NOnotch Kv1e-3 DOB1.5 Ki.3  19 |  0.055  0.009  0.014  0.024    |  0.71  +0.20  0.361    |   0.07  |  0.033     3.6   0  0.078            |   nan   nan   nan  |   nan   nan    nan
  Kp2 NOnotch Kv1e-3 DOB1.5 Ki.3  26 |  0.062  0.000  0.030  0.029    |  0.69  +0.22  0.358    |   0.03  |  0.033     3.6   0  0.081            |   nan   nan   nan  |   nan   nan    nan
  Kp2 NOnotch Kv1e-3 Ki.6 noDOB   12 |  0.042  0.052  0.067  0.055    |  0.79  +0.09  0.370    |   0.44  |  0.058     3.6   0  0.082            |   nan   nan   nan  |  1.41  0.15  141.2
  Kp2 NOnotch Kv1e-3 Ki.6 noDOB   19 |  0.079  0.105  0.088  0.081    |  0.74  +0.14  0.367    |   0.13  |  0.066     3.6   0  0.099            |   nan   nan   nan  |  1.44  0.52  112.0
  Kp2 NOnotch Kv1e-3 Ki.6 noDOB   26 |  0.107  0.114  0.094  0.090    |  0.71  +0.16  0.363    |   0.09  |  0.069     3.6   0  0.106            |   nan   nan   nan  |  1.53  0.69  100.0
  Kp1.5 notch DOB.8 Ki.3 noJ      12 |  0.043  0.035  0.002  0.023    |  0.81  +0.19  0.378    |   0.64  |  0.038     3.8   0  0.079            |   nan   nan   nan  |   nan   nan    nan
  Kp1.5 notch DOB.8 Ki.3 noJ      19 |  0.086  0.058  0.023  0.039    |  0.76  +0.29  0.380    |   0.41  |  0.039     3.6   0  0.094            |   nan   nan   nan  |   nan   nan    nan
  Kp1.5 notch DOB.8 Ki.3 noJ      26 |  0.103  0.058  0.041  0.045    |  0.73  +0.31  0.378    |   0.17  |  0.039     3.6   0  0.098            |   nan   nan   nan  |   nan   nan    nan

======================================================================================================================================================
WORLD ident, delays x1.5 | hold NEED x1.5 the map
  cfg                              v | T1 dist |e| .5 1 2 s, rms      | T2 rise ov rms         | T3 pkpk | T5 stiction: rms e, pk rate, dwells, max|e| | T6 |e| 1 2 4 s     | T4 Ms wc PM   
  R4-flown                        12 |  0.044  0.056  0.043  0.039    |  1.05  +0.01  0.388    |   0.94  |  0.071     2.3   0  0.096            | 0.070 0.019 0.008  |  1.21  0.10   95.5
  R4-flown                        19 |  0.080  0.089  0.034  0.051    |  0.87  +0.06  0.381    |   0.60  |  0.058     3.6   0  0.111            | 0.060 0.018 0.001  |  1.17  0.22   82.6
  R4-flown                        26 |  0.106  0.094  0.023  0.055    |  0.84  +0.06  0.378    |   0.01  |  0.061     3.6   0  0.119            | 0.045 0.013 0.000  |  1.22  0.24   85.0
  R4+DOB.8 Ki.3flat               12 |  0.039  0.034  0.001  0.021    |  0.96  +0.07  0.384    |   0.35  |  0.044     3.6   0  0.082            | 0.044 0.077 0.070  |   nan   nan    nan
  R4+DOB.8 Ki.3flat               19 |  0.075  0.054  0.012  0.036    |  0.88  +0.04  0.382    |   0.12  |  0.048     3.6   0  0.101            | 0.066 0.074 0.038  |   nan   nan    nan
  R4+DOB.8 Ki.3flat               26 |  0.100  0.052  0.022  0.042    |  0.85  +0.04  0.379    |   0.07  |  0.049     3.6   0  0.107            | 0.074 0.054 0.031  |   nan   nan    nan
  R4+DOB.8 Ki0                    12 |  0.039  0.035  0.004  0.020    |  0.99  -0.00  0.384    |   0.20  |  0.052     2.9   0  0.083            | 0.038 0.009 0.001  |   nan   nan    nan
  R4+DOB.8 Ki0                    19 |  0.075  0.056  0.002  0.035    |  0.90  +0.00  0.381    |   0.01  |  0.053     3.6   0  0.102            | 0.002 0.014 0.001  |   nan   nan    nan
  R4+DOB.8 Ki0                    26 |  0.101  0.061  0.009  0.042    |  0.86  +0.01  0.378    |   0.09  |  0.054     3.6   0  0.108            | 0.021 0.007 0.001  |   nan   nan    nan
  Kp1.5 notch DOB.8 Ki.3          12 |  0.038  0.031  0.005  0.019    |  0.90  +0.03  0.379    |   0.29  |  0.044     3.6   0  0.080            | 0.047 0.059 0.035  |   nan   nan    nan
  Kp1.5 notch DOB.8 Ki.3          19 |  0.074  0.045  0.025  0.032    |  0.82  +0.09  0.376    |   0.27  |  0.043     3.6   0  0.094            | 0.076 0.036 0.025  |   nan   nan    nan
  Kp1.5 notch DOB.8 Ki.3          26 |  0.089  0.040  0.011  0.036    |  0.79  +0.10  0.373    |   0.05  |  0.043     3.6   0  0.098            | 0.077 0.029 0.020  |   nan   nan    nan
  Kp2 NOnotch Kv1e-3 DOB1 Ki.3    12 |  0.035  0.022  0.008  0.015    |  0.82  +0.02  0.368    |   0.21  |  0.040     3.6   0  0.071            | 0.038 0.035 0.025  |   nan   nan    nan
  Kp2 NOnotch Kv1e-3 DOB1 Ki.3    19 |  0.060  0.023  0.009  0.024    |  0.76  +0.07  0.363    |   0.05  |  0.038     3.6   0  0.082            | 0.063 0.019 0.017  |   nan   nan    nan
  Kp2 NOnotch Kv1e-3 DOB1 Ki.3    26 |  0.070  0.013  0.006  0.027    |  0.73  +0.08  0.359    |   0.03  |  0.038     3.6   0  0.086            | 0.057 0.018 0.015  |   nan   nan    nan
  Kp2 NOnotch Kv1e-3 DOB1 Ki0     12 |  0.036  0.021  0.005  0.015    |  0.82  +0.00  0.368    |   0.01  |  0.043     3.6   0  0.071            | 0.007 0.002 0.000  |   nan   nan    nan
  Kp2 NOnotch Kv1e-3 DOB1 Ki0     19 |  0.058  0.024  0.004  0.024    |  0.76  +0.05  0.363    |   0.00  |  0.041     3.6   0  0.083            | 0.036 0.006 0.000  |   nan   nan    nan
  Kp2 NOnotch Kv1e-3 DOB1 Ki0     26 |  0.071  0.017  0.001  0.027    |  0.74  +0.07  0.359    |   0.01  |  0.041     3.6   0  0.086            | 0.036 0.000 0.001  |   nan   nan    nan
  Kp2 NOnotch Kv1e-3 DOB.6 Ki.3   12 |  0.036  0.033  0.004  0.019    |  0.85  +0.03  0.370    |   0.28  |  0.045     3.6   0  0.075            | 0.013 0.043 0.032  |   nan   nan    nan
  Kp2 NOnotch Kv1e-3 DOB.6 Ki.3   19 |  0.071  0.040  0.005  0.030    |  0.78  +0.03  0.364    |   0.08  |  0.043     3.6   0  0.088            | 0.050 0.031 0.022  |   nan   nan    nan
  Kp2 NOnotch Kv1e-3 DOB.6 Ki.3   26 |  0.083  0.040  0.009  0.034    |  0.75  +0.04  0.360    |   0.04  |  0.043     3.6   0  0.092            | 0.050 0.025 0.018  |   nan   nan    nan
  Kp2 NOnotch Kv1e-3 DOB1.5 Ki.3  12 |  0.030  0.014  0.006  0.013    |  0.80  +0.03  0.366    |   0.18  |  0.038     3.6   0  0.068            | 0.048 0.032 0.022  |   nan   nan    nan
  Kp2 NOnotch Kv1e-3 DOB1.5 Ki.3  19 |  0.049  0.009  0.005  0.020    |  0.74  +0.09  0.362    |   0.09  |  0.036     3.6   0  0.078            | 0.066 0.008 0.015  |   nan   nan    nan
  Kp2 NOnotch Kv1e-3 DOB1.5 Ki.3  26 |  0.055  0.004  0.003  0.024    |  0.72  +0.11  0.358    |   0.04  |  0.035     3.6   0  0.081            | 0.058 0.014 0.013  |   nan   nan    nan
  Kp2 NOnotch Kv1e-3 Ki.6 noDOB   12 |  0.035  0.046  0.055  0.047    |  0.92  -0.07  0.388    |   0.82  |  0.099     3.6   0  0.133            | 0.217 0.194 0.132  |  1.41  0.04  127.9
  Kp2 NOnotch Kv1e-3 Ki.6 noDOB   19 |  0.075  0.088  0.076  0.071    |  0.80  -0.03  0.375    |   0.43  |  0.095     3.6   0  0.119            | 0.159 0.138 0.095  |  1.43  0.16  146.3
  Kp2 NOnotch Kv1e-3 Ki.6 noDOB   26 |  0.096  0.096  0.082  0.080    |  0.77  -0.02  0.370    |   0.27  |  0.094     3.6   0  0.116            | 0.151 0.132 0.093  |  1.50  0.38  134.6
  Kp1.5 notch DOB.8 Ki.3 noJ      12 |  0.038  0.031  0.005  0.019    |  0.88  +0.03  0.378    |   0.30  |  0.044     3.6   0  0.080            | 0.045 0.056 0.035  |   nan   nan    nan
  Kp1.5 notch DOB.8 Ki.3 noJ      19 |  0.072  0.044  0.024  0.032    |  0.81  +0.10  0.376    |   0.25  |  0.043     3.6   0  0.094            | 0.074 0.036 0.025  |   nan   nan    nan
  Kp1.5 notch DOB.8 Ki.3 noJ      26 |  0.090  0.037  0.011  0.036    |  0.78  +0.11  0.372    |   0.05  |  0.043     3.6   0  0.098            | 0.075 0.031 0.021  |   nan   nan    nan