
##### V282old minus V282  (lags in s; gap [95% CI]; pred = transfer-function shaping gap)
vb    band      terc    sec V/T |                  x->sp    pred |                sp->act |              act->pose |                x->pose |         COMMON x->pose | ctlV/T
2-8   0.05-0.15 mid     28/31   |    -0.025[-0.10,+0.11] +0.000 |    -0.867[-4.68,-0.45] |    +0.022[-2.52,+0.17] |    -0.857[-7.80,-0.39] |    -0.857[-7.80,-0.39] | 0.244/0.300
2-8   0.05-0.15 all    107/46   |    +0.022[-0.02,+0.10] -0.001 |    -0.656[-3.50,-0.10] |    +0.181[-1.41,+0.20] |    -0.459[-5.52,-0.00] |    -0.459[-5.52,-0.00] | 0.286/0.314
8-15  0.05-0.15 lo      77/74   |    -0.009[-0.02,+0.01] -0.001 |    -0.223[-0.61,+0.55] |    +0.023[-0.15,+0.17] |    -0.263[-0.76,+0.44] |    -0.263[-0.76,+0.44] | 0.290/0.291
8-15  0.05-0.15 mid     97/59   |    -0.005[-0.02,+0.02] +0.000 |    -0.056[-0.48,+0.34] |    +0.002[-0.26,+0.04] |    -0.100[-0.73,+0.28] |    -0.100[-0.73,+0.28] | 0.304/0.288
8-15  0.05-0.15 all    260/143  |    -0.010[-0.02,+0.01] +0.001 |    -0.064[-0.21,+0.13] |    +0.063[-0.02,+0.09] |    -0.027[-0.21,+0.11] |    -0.027[-0.21,+0.11] | 0.307/0.295
15-22 0.05-0.15 lo     171/69   |    +0.005[-0.01,+0.02] -0.001 |    +0.171[-0.29,+0.66] |    +0.035[-0.12,+0.22] |    +0.179[-0.27,+0.73] |    +0.179[-0.27,+0.73] | 0.286/0.286
15-22 0.05-0.15 mid    145/60   |    +0.004[-0.04,+0.03] +0.000 |    -0.295[-0.56,+0.50] |    +0.204[+0.02,+0.31] |    -0.107[-0.35,+0.59] |    -0.107[-0.35,+0.59] | 0.293/0.309
15-22 0.05-0.15 hi     182/38   |    -0.006[-0.02,+0.00] +0.000 |    -0.102[-0.25,+0.10] |    +0.146[+0.05,+0.23] |    +0.034[-0.09,+0.21] |    +0.034[-0.09,+0.21] | 0.305/0.304
15-22 0.05-0.15 all    497/167  |    -0.005[-0.02,+0.01] +0.000 |    -0.113[-0.29,+0.14] |    +0.151[+0.04,+0.22] |    +0.028[-0.13,+0.19] |    +0.028[-0.13,+0.19] | 0.303/0.304
>22   0.05-0.15 lo     519/156  |    +0.000[-0.02,+0.00] +0.000 |    -0.168[-0.43,+0.01] |    +0.142[+0.04,+0.25] |    -0.247[-0.52,+0.05] |    -0.247[-0.52,+0.05] | 0.292/0.299
>22   0.05-0.15 mid    614/144  |    +0.002[-0.01,+0.00] +0.001 |    -0.185[-0.33,-0.09] |    +0.112[+0.03,+0.17] |    -0.098[-0.33,+0.05] |    -0.098[-0.33,+0.05] | 0.300/0.300
>22   0.05-0.15 hi     643/37   |    -0.004[-0.01,+0.00] -0.000 |    -0.150[-0.23,-0.09] |    +0.120[+0.04,+0.16] |    -0.026[-0.14,+0.03] |    -0.026[-0.14,+0.03] | 0.300/0.303
>22   0.05-0.15 all   1777/337  |    -0.002[-0.01,+0.00] +0.000 |    -0.119[-0.24,-0.04] |    +0.136[+0.06,+0.17] |    -0.001[-0.17,+0.10] |    -0.001[-0.17,+0.10] | 0.300/0.301
2-8   0.15-0.3  lo     169/39   |    +0.001[-0.01,+0.02] +0.002 |    -0.033[-0.11,+0.19] |    +0.073[-0.05,+0.20] |    -0.007[-0.15,+0.26] |    -0.007[-0.15,+0.26] | 0.293/0.299
2-8   0.15-0.3  mid     46/43   |    +0.007[-0.01,+0.02] +0.002 |    -0.063[-0.17,+0.22] |    +0.032[-0.00,+0.11] |    -0.029[-0.16,+0.30] |    -0.029[-0.16,+0.30] | 0.293/0.319
2-8   0.15-0.3  hi      27/45   |    +0.010[-0.03,+0.04] +0.001 |    -0.086[-0.18,+0.13] |    +0.009[-0.03,+0.09] |    -0.066[-0.21,+0.16] |    -0.066[-0.21,+0.16] | 0.308/0.299
2-8   0.15-0.3  all    242/128  |    +0.009[-0.03,+0.03] +0.001 |    -0.084[-0.17,+0.12] |    +0.010[-0.04,+0.09] |    -0.065[-0.20,+0.14] |    -0.065[-0.20,+0.14] | 0.306/0.300
8-15  0.15-0.3  lo     360/175  |    +0.001[-0.01,+0.01] -0.000 |    +0.056[-0.01,+0.18] |    +0.067[+0.03,+0.14] |    +0.100[+0.02,+0.30] |    +0.100[+0.02,+0.30] | 0.295/0.299
8-15  0.15-0.3  mid    147/134  |    +0.005[-0.01,+0.01] +0.000 |    +0.037[-0.02,+0.17] |    +0.035[+0.01,+0.07] |    +0.073[+0.00,+0.21] |    +0.073[+0.00,+0.21] | 0.293/0.302
8-15  0.15-0.3  hi      85/62   |    -0.005[-0.02,+0.02] +0.002 |    +0.106[-0.07,+0.23] |    +0.032[+0.02,+0.05] |    +0.134[-0.04,+0.26] |    +0.134[-0.04,+0.26] | 0.296/0.299
8-15  0.15-0.3  all    592/371  |    -0.003[-0.02,+0.01] +0.002 |    +0.093[-0.02,+0.20] |    +0.034[+0.02,+0.05] |    +0.123[+0.01,+0.23] |    +0.123[+0.01,+0.23] | 0.296/0.300
15-22 0.15-0.3  lo     366/210  |    +0.004[-0.00,+0.01] +0.003 |    +0.015[-0.10,+0.15] |    +0.053[-0.02,+0.14] |    +0.023[-0.14,+0.22] |    +0.023[-0.14,+0.22] | 0.301/0.299
15-22 0.15-0.3  mid    175/66   |    +0.006[-0.00,+0.01] +0.003 |    +0.038[-0.04,+0.13] |    +0.041[-0.02,+0.10] |    +0.085[-0.05,+0.20] |    +0.085[-0.05,+0.20] | 0.300/0.299
15-22 0.15-0.3  hi      95/33   |    +0.005[-0.00,+0.02] +0.002 |    +0.021[-0.08,+0.10] |    +0.051[-0.01,+0.09] |    +0.077[-0.06,+0.16] |    +0.077[-0.06,+0.16] | 0.297/0.295
15-22 0.15-0.3  all    636/309  |    +0.005[-0.00,+0.02] +0.002 |    +0.029[-0.05,+0.11] |    +0.050[-0.01,+0.09] |    +0.080[-0.05,+0.17] |    +0.080[-0.05,+0.17] | 0.298/0.297
>22   0.15-0.3  lo     924/233  |    +0.003[-0.00,+0.01] +0.004 |    +0.059[-0.03,+0.13] |    -0.019[-0.07,+0.09] |    -0.013[-0.12,+0.14] |    -0.013[-0.12,+0.14] | 0.299/0.300
>22   0.15-0.3  mid    636/112  |    -0.001[-0.01,+0.00] +0.003 |    +0.038[-0.04,+0.08] |    +0.007[-0.02,+0.07] |    +0.025[-0.04,+0.09] |    +0.025[-0.04,+0.09] | 0.300/0.298
>22   0.15-0.3  hi     317/48   |    +0.000[-0.01,+0.00] +0.002 |    +0.060[+0.03,+0.08] |    +0.035[-0.01,+0.07] |    +0.093[+0.03,+0.13] |    +0.093[+0.03,+0.13] | 0.300/0.300
>22   0.15-0.3  all   1877/393  |    +0.000[-0.00,+0.00] +0.003 |    +0.057[+0.02,+0.08] |    +0.026[-0.00,+0.06] |    +0.072[+0.02,+0.11] |    +0.072[+0.02,+0.11] | 0.300/0.299
2-8   0.3-0.6   lo     219/39   |    -0.019[-0.05,-0.00] -0.003 |    +0.106[-0.00,+0.24] |    +0.007[-0.06,+0.24] |    +0.045[-0.09,+0.25] |    +0.045[-0.09,+0.25] | 0.305/0.275
2-8   0.3-0.6   mid     80/75   |    -0.001[-0.01,+0.01] +0.000 |    +0.061[-0.00,+0.19] |    -0.015[-0.05,+0.01] |    +0.035[-0.07,+0.18] |    +0.035[-0.07,+0.18] | 0.297/0.295
2-8   0.3-0.6   hi      38/74   |    +0.022[-0.02,+0.04] -0.002 |    +0.005[-0.10,+0.12] |    +0.030[+0.01,+0.04] |    +0.067[-0.04,+0.17] |    +0.067[-0.04,+0.17] | 0.285/0.296
2-8   0.3-0.6   all    337/188  |    +0.019[-0.02,+0.04] -0.002 |    +0.011[-0.07,+0.12] |    +0.027[+0.01,+0.04] |    +0.067[+0.00,+0.15] |    +0.067[+0.00,+0.15] | 0.286/0.296
8-15  0.3-0.6   lo     326/139  |    +0.004[-0.01,+0.01] -0.001 |    +0.031[-0.07,+0.16] |    +0.036[-0.03,+0.09] |    +0.039[-0.08,+0.17] |    +0.039[-0.08,+0.17] | 0.296/0.296
8-15  0.3-0.6   mid    210/151  |    -0.004[-0.02,+0.00] -0.004 |    +0.073[+0.03,+0.16] |    +0.013[-0.02,+0.06] |    +0.067[+0.02,+0.17] |    +0.067[+0.02,+0.17] | 0.295/0.295
8-15  0.3-0.6   hi     147/137  |    -0.010[-0.02,+0.01] -0.003 |    +0.070[+0.01,+0.15] |    +0.030[+0.01,+0.05] |    +0.087[+0.03,+0.18] |    +0.087[+0.03,+0.18] | 0.295/0.295
8-15  0.3-0.6   all    684/428  |    -0.009[-0.02,+0.01] -0.003 |    +0.068[+0.01,+0.15] |    +0.028[+0.01,+0.05] |    +0.081[+0.03,+0.16] |    +0.081[+0.03,+0.16] | 0.295/0.295
15-22 0.3-0.6   lo     391/151  |    -0.000[-0.01,+0.01] +0.000 |    +0.068[+0.02,+0.13] |    +0.077[-0.02,+0.13] |    +0.046[-0.05,+0.12] |    +0.046[-0.05,+0.12] | 0.300/0.297
15-22 0.3-0.6   mid    192/107  |    +0.003[-0.00,+0.01] +0.002 |    +0.025[-0.01,+0.07] |    +0.028[+0.00,+0.06] |    +0.036[-0.03,+0.11] |    +0.036[-0.03,+0.11] | 0.299/0.300
15-22 0.3-0.6   hi      82/83   |    -0.004[-0.02,+0.00] -0.000 |    +0.027[-0.02,+0.09] |    +0.016[-0.01,+0.04] |    +0.029[-0.03,+0.12] |    +0.029[-0.03,+0.12] | 0.300/0.299
15-22 0.3-0.6   all    665/342  |    -0.002[-0.01,+0.00] +0.000 |    +0.020[-0.02,+0.09] |    +0.019[-0.00,+0.06] |    +0.015[-0.04,+0.12] |    +0.015[-0.04,+0.12] | 0.300/0.299
>22   0.3-0.6   lo    1061/162  |    +0.002[-0.00,+0.01] +0.003 |    +0.008[-0.04,+0.03] |    +0.005[-0.04,+0.05] |    -0.039[-0.10,+0.01] |    -0.039[-0.10,+0.01] | 0.299/0.298
>22   0.3-0.6   mid    576/148  |    +0.003[-0.00,+0.01] +0.004 |    +0.031[-0.00,+0.05] |    -0.002[-0.03,+0.06] |    +0.010[-0.04,+0.08] |    +0.010[-0.04,+0.08] | 0.300/0.299
>22   0.3-0.6   hi     265/98   |    +0.003[-0.00,+0.01] +0.004 |    +0.022[+0.00,+0.04] |    -0.019[-0.04,+0.04] |    -0.003[-0.04,+0.06] |    -0.003[-0.04,+0.06] | 0.299/0.302
>22   0.3-0.6   all   1903/408  |    +0.003[-0.00,+0.01] +0.004 |    +0.017[-0.01,+0.04] |    -0.019[-0.04,+0.03] |    -0.020[-0.05,+0.04] |    -0.020[-0.05,+0.04] | 0.299/0.301
2-8   0.6-1.2   lo     194/58   |    -0.019[-0.03,-0.00] -0.011 |    +0.046[+0.03,+0.08] |    -0.004[-0.03,+0.07] |    +0.002[-0.07,+0.15] |    +0.002[-0.07,+0.15] | 0.301/0.294
2-8   0.6-1.2   mid    143/89   |    -0.012[-0.03,-0.01] -0.009 |    +0.050[+0.02,+0.17] |    -0.015[-0.10,+0.02] |    +0.031[-0.01,+0.10] |    +0.031[-0.01,+0.10] | 0.300/0.299
2-8   0.6-1.2   hi      54/75   |    +0.006[-0.04,+0.02] +0.004 |    +0.130[+0.02,+0.19] |    -0.014[-0.06,+0.01] |    +0.090[-0.07,+0.17] |    +0.090[-0.07,+0.17] | 0.297/0.297
2-8   0.6-1.2   all    391/222  |    +0.003[-0.03,+0.01] +0.001 |    +0.121[+0.02,+0.17] |    -0.014[-0.05,+0.01] |    +0.077[-0.03,+0.14] |    +0.077[-0.03,+0.14] | 0.298/0.297
8-15  0.6-1.2   lo     257/178  |    -0.004[-0.01,+0.00] -0.003 |    +0.033[+0.01,+0.07] |    +0.000[-0.05,+0.03] |    -0.003[-0.04,+0.06] |    -0.003[-0.04,+0.06] | 0.299/0.296
8-15  0.6-1.2   mid    252/161  |    -0.006[-0.01,+0.00] -0.003 |    +0.041[+0.03,+0.08] |    +0.009[-0.02,+0.06] |    +0.034[+0.00,+0.11] |    +0.034[+0.00,+0.11] | 0.301/0.298
8-15  0.6-1.2   hi     211/113  |    -0.004[-0.02,+0.02] -0.001 |    +0.030[+0.00,+0.07] |    -0.013[-0.04,+0.00] |    +0.007[-0.04,+0.05] |    +0.007[-0.04,+0.05] | 0.297/0.297
8-15  0.6-1.2   all    721/451  |    -0.004[-0.01,+0.01] -0.002 |    +0.032[+0.01,+0.07] |    -0.009[-0.03,+0.01] |    +0.010[-0.02,+0.05] |    +0.010[-0.02,+0.05] | 0.298/0.297
15-22 0.6-1.2   lo     271/131  |    -0.007[-0.02,+0.00] -0.008 |    +0.011[-0.03,+0.04] |    +0.102[+0.07,+0.14] |    +0.010[-0.05,+0.05] |    +0.010[-0.05,+0.05] | 0.299/0.297
15-22 0.6-1.2   mid    227/131  |    -0.005[-0.01,-0.00] -0.005 |    -0.014[-0.05,+0.01] |    +0.035[-0.01,+0.06] |    -0.013[-0.09,+0.03] |    -0.013[-0.09,+0.03] | 0.301/0.299
15-22 0.6-1.2   hi     181/95   |    -0.001[-0.00,+0.00] -0.001 |    -0.042[-0.06,+0.01] |    +0.023[-0.01,+0.05] |    -0.033[-0.07,+0.03] |    -0.033[-0.07,+0.03] | 0.299/0.300
15-22 0.6-1.2   all    679/357  |    -0.002[-0.01,+0.00] -0.002 |    -0.035[-0.06,+0.01] |    +0.030[+0.01,+0.05] |    -0.029[-0.06,+0.03] |    -0.029[-0.06,+0.03] | 0.299/0.300
>22   0.6-1.2   lo     617/87   |    -0.003[-0.01,+0.01] -0.003 |    -0.013[-0.03,+0.01] |    +0.068[+0.01,+0.12] |    -0.017[-0.06,+0.01] |    -0.017[-0.06,+0.01] | 0.299/0.298
>22   0.6-1.2   mid    599/125  |    -0.003[-0.01,+0.00] -0.002 |    -0.024[-0.05,-0.01] |    +0.036[+0.01,+0.06] |    -0.011[-0.05,+0.02] |    -0.011[-0.05,+0.02] | 0.300/0.299
>22   0.6-1.2   hi     700/203  |    -0.003[-0.01,-0.00] -0.004 |    -0.022[-0.05,-0.01] |    +0.026[+0.01,+0.05] |    -0.006[-0.06,+0.02] |    -0.006[-0.06,+0.02] | 0.299/0.300
>22   0.6-1.2   all   1916/415  |    -0.003[-0.01,-0.00] -0.004 |    -0.022[-0.05,-0.01] |    +0.029[+0.01,+0.05] |    -0.008[-0.05,+0.01] |    -0.008[-0.05,+0.01] | 0.299/0.299

##### T64 minus V282  (lags in s; gap [95% CI]; pred = transfer-function shaping gap)
vb    band      terc    sec V/T |                  x->sp    pred |                sp->act |              act->pose |                x->pose |         COMMON x->pose | ctlV/T
2-8   0.05-0.15 lo      59/29   |    +0.101[+0.08,+0.12] +0.116 |    +0.278[-0.15,+0.66] |    -0.082[-0.20,+0.29] |    +0.336[-0.14,+0.75] |    +0.246[-0.21,+0.65] | 0.299/0.280
2-8   0.05-0.15 all    107/38   |    +0.114[+0.09,+0.19] +0.118 |    +0.466[-2.26,+0.89] |    -0.034[-1.28,+0.11] |    +0.548[-4.06,+1.01] |    +0.450[-4.15,+0.91] | 0.286/0.295
8-15  0.05-0.15 lo      77/79   |    +0.105[+0.06,+0.12] +0.117 |    +0.070[-0.37,+0.32] |    +0.002[-0.18,+0.12] |    +0.198[-0.45,+0.56] |    +0.093[-0.53,+0.45] | 0.290/0.298
8-15  0.05-0.15 mid     97/52   |    +0.143[+0.11,+0.23] +0.118 |    -0.346[-0.77,-0.12] |    +0.035[-0.23,+0.08] |    -0.139[-0.76,+0.12] |    -0.264[-0.89,-0.02] | 0.304/0.345
8-15  0.05-0.15 all    260/149  |    +0.128[+0.11,+0.19] +0.118 |    -0.159[-0.30,-0.05] |    +0.052[-0.03,+0.10] |    +0.031[-0.17,+0.15] |    -0.078[-0.28,+0.04] | 0.307/0.321
15-22 0.05-0.15 lo     171/125  |    +0.110[+0.10,+0.13] +0.117 |    -0.235[-0.44,-0.07] |    -0.099[-0.28,+0.07] |    -0.252[-0.53,+0.02] |    -0.347[-0.63,-0.08] | 0.286/0.283
15-22 0.05-0.15 mid    145/86   |    +0.118[+0.11,+0.13] +0.118 |    -0.476[-0.71,-0.30] |    +0.015[-0.11,+0.14] |    -0.349[-0.61,-0.13] |    -0.448[-0.70,-0.23] | 0.293/0.297
15-22 0.05-0.15 hi     182/32   |    +0.115[+0.10,+0.12] +0.118 |    -0.331[-0.45,-0.10] |    +0.006[-0.13,+0.08] |    -0.208[-0.33,-0.00] |    -0.308[-0.43,-0.10] | 0.305/0.299
15-22 0.05-0.15 all    497/243  |    +0.115[+0.11,+0.13] +0.118 |    -0.336[-0.50,-0.20] |    +0.008[-0.06,+0.05] |    -0.212[-0.37,-0.08] |    -0.312[-0.47,-0.18] | 0.303/0.298
>22   0.05-0.15 lo     519/123  |    +0.118[+0.11,+0.13] +0.117 |    -0.267[-0.63,+0.02] |    -0.048[-0.14,+0.07] |    -0.288[-0.71,+0.08] |    -0.392[-0.81,-0.02] | 0.292/0.300
>22   0.05-0.15 mid    614/82   |    +0.121[+0.12,+0.12] +0.118 |    -0.355[-0.50,-0.22] |    -0.017[-0.12,+0.13] |    -0.245[-0.48,+0.03] |    -0.352[-0.58,-0.07] | 0.300/0.303
>22   0.05-0.15 hi     643/39   |    +0.117[+0.11,+0.12] +0.118 |    -0.196[-0.28,-0.04] |    -0.028[-0.11,+0.03] |    -0.104[-0.23,+0.11] |    -0.204[-0.33,+0.01] | 0.300/0.300
>22   0.05-0.15 all   1777/244  |    +0.117[+0.12,+0.12] +0.118 |    -0.217[-0.33,-0.08] |    -0.017[-0.09,+0.08] |    -0.113[-0.28,+0.13] |    -0.215[-0.38,+0.02] | 0.300/0.301
2-8   0.15-0.3  mid     46/23   |    +0.116[+0.09,+0.13] +0.109 |    +0.332[+0.04,+0.53] |    +0.044[-0.06,+0.12] |    +0.491[+0.10,+0.70] |    +0.391[+0.01,+0.60] | 0.293/0.297
2-8   0.15-0.3  all    242/59   |    +0.124[+0.08,+0.14] +0.109 |    -0.203[-0.28,-0.07] |    -0.006[-0.05,+0.02] |    -0.088[-0.24,+0.05] |    -0.184[-0.33,-0.05] | 0.306/0.288
8-15  0.15-0.3  lo     360/69   |    +0.111[+0.10,+0.12] +0.110 |    +0.223[+0.07,+0.40] |    +0.009[-0.03,+0.06] |    +0.349[+0.18,+0.55] |    +0.238[+0.07,+0.44] | 0.295/0.295
8-15  0.15-0.3  mid    147/151  |    +0.117[+0.11,+0.13] +0.110 |    +0.250[+0.18,+0.33] |    +0.012[-0.01,+0.04] |    +0.377[+0.30,+0.47] |    +0.274[+0.19,+0.36] | 0.293/0.301
8-15  0.15-0.3  hi      85/83   |    +0.115[+0.10,+0.13] +0.110 |    -0.029[-0.12,+0.09] |    +0.014[-0.00,+0.04] |    +0.100[+0.01,+0.23] |    -0.001[-0.09,+0.12] | 0.296/0.297
8-15  0.15-0.3  all    592/303  |    +0.115[+0.10,+0.13] +0.110 |    +0.037[-0.04,+0.16] |    +0.014[+0.00,+0.04] |    +0.162[+0.08,+0.30] |    +0.061[-0.02,+0.20] | 0.296/0.298
15-22 0.15-0.3  lo     366/153  |    +0.121[+0.11,+0.14] +0.112 |    +0.249[+0.15,+0.37] |    -0.028[-0.06,+0.01] |    +0.313[+0.21,+0.46] |    +0.201[+0.09,+0.35] | 0.301/0.312
15-22 0.15-0.3  mid    175/113  |    +0.110[+0.11,+0.11] +0.111 |    +0.236[+0.16,+0.31] |    -0.014[-0.07,+0.02] |    +0.333[+0.24,+0.41] |    +0.231[+0.14,+0.30] | 0.300/0.300
15-22 0.15-0.3  hi      95/25   |    +0.111[+0.11,+0.12] +0.110 |    +0.005[-0.09,+0.16] |    +0.005[-0.03,+0.05] |    +0.117[+0.02,+0.27] |    +0.016[-0.08,+0.17] | 0.297/0.301
15-22 0.15-0.3  all    636/291  |    +0.113[+0.11,+0.12] +0.111 |    +0.161[+0.07,+0.31] |    -0.001[-0.04,+0.02] |    +0.272[+0.16,+0.42] |    +0.169[+0.06,+0.31] | 0.298/0.303
>22   0.15-0.3  lo     924/146  |    +0.112[+0.11,+0.12] +0.111 |    +0.115[+0.05,+0.15] |    -0.078[-0.13,+0.04] |    +0.135[+0.02,+0.29] |    +0.026[-0.09,+0.17] | 0.299/0.299
>22   0.15-0.3  mid    636/83   |    +0.111[+0.11,+0.11] +0.111 |    +0.104[-0.01,+0.18] |    -0.032[-0.07,+0.04] |    +0.179[+0.03,+0.31] |    +0.077[-0.07,+0.21] | 0.300/0.300
>22   0.15-0.3  hi     317/36   |    +0.108[+0.11,+0.11] +0.110 |    +0.013[-0.05,+0.07] |    -0.025[-0.07,+0.01] |    +0.094[+0.03,+0.15] |    -0.005[-0.07,+0.05] | 0.300/0.299
>22   0.15-0.3  all   1877/264  |    +0.109[+0.11,+0.11] +0.110 |    +0.058[-0.00,+0.14] |    -0.025[-0.06,+0.02] |    +0.136[+0.06,+0.24] |    +0.036[-0.04,+0.14] | 0.300/0.299
2-8   0.3-0.6   lo     219/35   |    +0.075[-0.00,+0.10] +0.088 |    +0.178[+0.05,+0.33] |    +0.022[-0.04,+0.25] |    +0.181[+0.05,+0.39] |    +0.150[+0.01,+0.31] | 0.305/0.295
2-8   0.3-0.6   mid     80/29   |    +0.086[+0.08,+0.10] +0.087 |    +0.290[+0.10,+0.52] |    -0.015[-0.05,+0.01] |    +0.377[+0.13,+0.64] |    +0.282[+0.03,+0.54] | 0.297/0.289
2-8   0.3-0.6   hi      38/21   |    +0.125[+0.07,+0.16] +0.087 |    -0.087[-0.23,+0.06] |    +0.056[+0.02,+0.08] |    +0.118[-0.07,+0.24] |    +0.018[-0.15,+0.14] | 0.285/0.302
2-8   0.3-0.6   all    337/86   |    +0.122[+0.08,+0.15] +0.087 |    -0.072[-0.19,+0.08] |    +0.052[+0.02,+0.07] |    +0.125[+0.00,+0.25] |    +0.026[-0.08,+0.15] | 0.286/0.302
8-15  0.3-0.6   lo     326/91   |    +0.081[+0.07,+0.09] +0.088 |    +0.126[-0.07,+0.31] |    +0.016[-0.04,+0.05] |    +0.348[+0.19,+0.61] |    +0.104[-0.13,+0.32] | 0.296/0.288
8-15  0.3-0.6   mid    210/139  |    +0.084[+0.07,+0.09] +0.087 |    +0.160[+0.09,+0.24] |    -0.007[-0.04,+0.04] |    +0.248[+0.18,+0.35] |    +0.136[+0.06,+0.25] | 0.295/0.294
8-15  0.3-0.6   hi     147/107  |    +0.086[+0.07,+0.10] +0.088 |    +0.027[-0.02,+0.07] |    +0.022[+0.01,+0.04] |    +0.138[+0.09,+0.18] |    +0.040[-0.00,+0.08] | 0.295/0.297
8-15  0.3-0.6   all    684/337  |    +0.086[+0.08,+0.10] +0.088 |    +0.043[+0.01,+0.09] |    +0.018[+0.00,+0.03] |    +0.151[+0.11,+0.20] |    +0.049[+0.01,+0.10] | 0.295/0.296
15-22 0.3-0.6   lo     391/100  |    +0.082[+0.08,+0.09] +0.087 |    +0.238[+0.16,+0.33] |    -0.024[-0.13,+0.05] |    +0.201[+0.11,+0.30] |    +0.106[+0.02,+0.21] | 0.300/0.294
15-22 0.3-0.6   mid    192/121  |    +0.088[+0.08,+0.09] +0.088 |    +0.242[+0.20,+0.28] |    -0.015[-0.04,+0.01] |    +0.298[+0.26,+0.35] |    +0.196[+0.15,+0.25] | 0.299/0.302
15-22 0.3-0.6   hi      82/83   |    +0.087[+0.08,+0.09] +0.089 |    +0.148[+0.09,+0.20] |    -0.000[-0.02,+0.01] |    +0.238[+0.17,+0.29] |    +0.132[+0.06,+0.19] | 0.300/0.303
15-22 0.3-0.6   all    665/305  |    +0.087[+0.08,+0.09] +0.089 |    +0.165[+0.12,+0.22] |    -0.004[-0.03,+0.01] |    +0.239[+0.18,+0.29] |    +0.134[+0.07,+0.19] | 0.300/0.302
>22   0.3-0.6   lo    1061/41   |    +0.073[+0.05,+0.08] +0.083 |    +0.211[+0.07,+0.34] |    -0.079[-0.12,-0.02] |    +0.209[+0.09,+0.38] |    +0.084[-0.05,+0.27] | 0.299/0.292
>22   0.3-0.6   mid    576/77   |    +0.085[+0.08,+0.09] +0.088 |    +0.205[+0.15,+0.25] |    -0.091[-0.11,-0.03] |    +0.191[+0.15,+0.27] |    +0.087[+0.05,+0.16] | 0.300/0.300
>22   0.3-0.6   hi     265/149  |    +0.086[+0.08,+0.09] +0.089 |    +0.171[+0.12,+0.21] |    -0.044[-0.07,+0.01] |    +0.207[+0.15,+0.27] |    +0.106[+0.05,+0.17] | 0.299/0.300
>22   0.3-0.6   all   1903/267  |    +0.086[+0.08,+0.09] +0.089 |    +0.167[+0.12,+0.20] |    -0.058[-0.08,-0.00] |    +0.180[+0.13,+0.25] |    +0.078[+0.03,+0.14] | 0.299/0.300
2-8   0.6-1.2   lo     194/42   |    +0.040[+0.03,+0.05] +0.042 |    +0.055[-0.25,+0.26] |    +0.003[-0.02,+0.07] |    +0.157[+0.09,+0.22] |    +0.022[-0.15,+0.12] | 0.301/0.299
2-8   0.6-1.2   mid    143/31   |    +0.045[+0.02,+0.05] +0.047 |    +0.096[-0.02,+0.22] |    -0.019[-0.08,+0.01] |    +0.104[+0.02,+0.22] |    +0.005[-0.08,+0.12] | 0.300/0.301
2-8   0.6-1.2   hi      54/27   |    +0.044[+0.02,+0.07] +0.057 |    -0.138[-0.78,+0.37] |    -0.008[-0.04,+0.02] |    -0.120[-0.91,+0.24] |    -0.222[-0.93,+0.18] | 0.297/0.298
2-8   0.6-1.2   all    391/101  |    +0.042[+0.02,+0.06] +0.055 |    -0.138[-0.79,+0.45] |    -0.008[-0.03,+0.02] |    -0.123[-0.93,+0.26] |    -0.225[-0.95,+0.23] | 0.298/0.298
8-15  0.6-1.2   lo     257/102  |    +0.043[+0.04,+0.05] +0.049 |    +0.071[-0.00,+0.13] |    -0.005[-0.05,+0.03] |    +0.057[+0.00,+0.13] |    -0.033[-0.08,+0.03] | 0.299/0.295
8-15  0.6-1.2   mid    252/131  |    +0.046[+0.04,+0.05] +0.052 |    +0.048[+0.02,+0.08] |    -0.004[-0.03,+0.05] |    +0.068[+0.03,+0.14] |    -0.030[-0.07,+0.04] | 0.301/0.299
8-15  0.6-1.2   hi     211/118  |    +0.048[+0.03,+0.07] +0.055 |    -0.023[-0.07,+0.03] |    -0.011[-0.03,+0.00] |    +0.015[-0.06,+0.07] |    -0.086[-0.15,-0.03] | 0.297/0.294
8-15  0.6-1.2   all    721/352  |    +0.047[+0.03,+0.06] +0.055 |    -0.014[-0.06,+0.04] |    -0.009[-0.02,+0.00] |    +0.021[-0.05,+0.08] |    -0.080[-0.14,-0.02] | 0.298/0.295
15-22 0.6-1.2   lo     271/115  |    +0.042[+0.04,+0.05] +0.049 |    +0.034[-0.04,+0.08] |    +0.029[+0.00,+0.08] |    +0.059[-0.01,+0.12] |    -0.042[-0.13,+0.02] | 0.299/0.293
15-22 0.6-1.2   mid    227/114  |    +0.045[+0.04,+0.05] +0.049 |    +0.042[+0.01,+0.09] |    -0.004[-0.04,+0.02] |    +0.059[+0.01,+0.10] |    -0.039[-0.09,+0.01] | 0.301/0.299
15-22 0.6-1.2   hi     181/83   |    +0.036[+0.02,+0.05] +0.051 |    -0.010[-0.04,+0.07] |    +0.017[-0.01,+0.03] |    +0.038[+0.00,+0.13] |    -0.050[-0.08,+0.03] | 0.299/0.287
15-22 0.6-1.2   all    679/311  |    +0.037[+0.02,+0.05] +0.050 |    -0.003[-0.03,+0.07] |    +0.016[-0.01,+0.03] |    +0.039[+0.01,+0.12] |    -0.051[-0.08,+0.02] | 0.299/0.289
>22   0.6-1.2   lo     617/94   |    +0.044[+0.04,+0.05] +0.049 |    +0.081[+0.02,+0.16] |    +0.002[-0.06,+0.03] |    +0.047[-0.01,+0.14] |    -0.054[-0.12,+0.05] | 0.299/0.295
>22   0.6-1.2   mid    599/87   |    +0.048[+0.04,+0.05] +0.051 |    +0.043[+0.02,+0.10] |    -0.006[-0.04,+0.02] |    +0.052[+0.02,+0.12] |    -0.049[-0.08,+0.02] | 0.300/0.300
>22   0.6-1.2   hi     700/88   |    +0.050[+0.04,+0.05] +0.052 |    -0.018[-0.08,+0.05] |    -0.002[-0.03,+0.03] |    +0.018[-0.03,+0.07] |    -0.082[-0.13,-0.03] | 0.299/0.300
>22   0.6-1.2   all   1916/269  |    +0.049[+0.04,+0.05] +0.052 |    -0.006[-0.07,+0.06] |    -0.002[-0.03,+0.02] |    +0.024[-0.02,+0.07] |    -0.076[-0.12,-0.03] | 0.299/0.299

##### T64B minus V282  (lags in s; gap [95% CI]; pred = transfer-function shaping gap)
vb    band      terc    sec V/T |                  x->sp    pred |                sp->act |              act->pose |                x->pose |         COMMON x->pose | ctlV/T
2-8   0.05-0.15 all    107/32   |    +0.126[+0.07,+0.25] +0.117 |    -0.714[-3.72,-0.31] |    +0.020[-1.26,+0.13] |    -0.566[-5.37,-0.23] |    -0.665[-5.51,-0.30] | 0.286/0.254
8-15  0.05-0.15 lo      77/59   |    +0.102[+0.06,+0.12] +0.117 |    +0.036[-0.30,+0.25] |    -0.085[-0.22,+0.02] |    +0.057[-0.28,+0.32] |    -0.043[-0.38,+0.22] | 0.290/0.275
8-15  0.05-0.15 mid     97/43   |    +0.157[+0.07,+0.21] +0.117 |    -0.356[-0.82,-0.06] |    -0.081[-0.34,-0.04] |    -0.287[-0.97,+0.05] |    -0.410[-1.09,-0.08] | 0.304/0.314
8-15  0.05-0.15 hi      86/36   |    +0.118[+0.10,+0.15] +0.118 |    -0.263[-0.38,-0.05] |    -0.039[-0.08,+0.02] |    -0.184[-0.31,+0.04] |    -0.285[-0.41,-0.07] | 0.308/0.296
8-15  0.05-0.15 all    260/138  |    +0.119[+0.11,+0.15] +0.118 |    -0.269[-0.40,-0.04] |    -0.042[-0.08,+0.01] |    -0.193[-0.34,+0.04] |    -0.294[-0.44,-0.06] | 0.307/0.297
15-22 0.05-0.15 lo     171/23   |    +0.109[+0.10,+0.11] +0.117 |    -0.418[-0.59,-0.05] |    -0.095[-0.20,+0.20] |    -0.431[-0.63,+0.08] |    -0.496[-0.69,+0.01] | 0.286/0.274
15-22 0.05-0.15 mid    145/36   |    +0.111[+0.02,+0.13] +0.118 |    -0.357[-0.74,-0.12] |    +0.005[-0.09,+0.19] |    -0.240[-0.60,+0.03] |    -0.339[-0.67,-0.07] | 0.293/0.285
15-22 0.05-0.15 hi     182/58   |    +0.111[+0.10,+0.13] +0.118 |    -0.164[-0.31,-0.05] |    +0.015[-0.01,+0.09] |    -0.039[-0.17,+0.15] |    -0.137[-0.27,+0.05] | 0.305/0.294
15-22 0.05-0.15 all    497/117  |    +0.111[+0.10,+0.12] +0.118 |    -0.179[-0.34,-0.09] |    +0.013[-0.02,+0.06] |    -0.055[-0.21,+0.03] |    -0.153[-0.31,-0.07] | 0.303/0.293
>22   0.05-0.15 hi     643/53   |    +0.117[+0.12,+0.12] +0.118 |    -0.126[-0.20,-0.11] |    -0.004[-0.08,+0.03] |    -0.013[-0.13,+0.03] |    -0.113[-0.23,-0.07] | 0.300/0.300
>22   0.05-0.15 all   1777/75   |    +0.117[+0.12,+0.12] +0.118 |    -0.140[-0.24,-0.12] |    -0.007[-0.08,+0.03] |    -0.030[-0.18,+0.01] |    -0.130[-0.28,-0.09] | 0.300/0.301
2-8   0.15-0.3  mid     46/22   |    +0.114[+0.10,+0.13] +0.110 |    +0.196[+0.07,+0.34] |    -0.009[-0.04,+0.05] |    +0.287[+0.13,+0.49] |    +0.191[+0.04,+0.39] | 0.293/0.300
2-8   0.15-0.3  hi      27/37   |    +0.118[+0.07,+0.13] +0.109 |    -0.196[-0.27,-0.09] |    -0.007[-0.04,+0.01] |    -0.087[-0.25,+0.02] |    -0.181[-0.34,-0.07] | 0.308/0.292
2-8   0.15-0.3  all    242/73   |    +0.117[+0.07,+0.13] +0.109 |    -0.187[-0.27,-0.08] |    -0.007[-0.04,+0.01] |    -0.081[-0.23,+0.02] |    -0.175[-0.33,-0.07] | 0.306/0.292
8-15  0.15-0.3  lo     360/61   |    +0.104[+0.09,+0.12] +0.109 |    +0.187[-0.08,+0.35] |    -0.019[-0.06,+0.02] |    +0.235[-0.05,+0.43] |    +0.155[-0.12,+0.34] | 0.295/0.281
8-15  0.15-0.3  mid    147/115  |    +0.113[+0.11,+0.12] +0.109 |    +0.229[+0.13,+0.32] |    -0.013[-0.03,+0.01] |    +0.324[+0.22,+0.42] |    +0.223[+0.12,+0.32] | 0.293/0.300
8-15  0.15-0.3  hi      85/80   |    +0.110[+0.10,+0.12] +0.110 |    -0.008[-0.10,+0.11] |    -0.002[-0.01,+0.02] |    +0.096[+0.01,+0.22] |    -0.001[-0.08,+0.12] | 0.296/0.294
8-15  0.15-0.3  all    592/256  |    +0.110[+0.10,+0.12] +0.110 |    +0.022[-0.06,+0.13] |    -0.004[-0.01,+0.01] |    +0.122[+0.04,+0.24] |    +0.025[-0.05,+0.14] | 0.296/0.294
15-22 0.15-0.3  mid    175/58   |    +0.112[+0.11,+0.12] +0.111 |    +0.290[+0.18,+0.36] |    -0.024[-0.06,+0.00] |    +0.380[+0.24,+0.47] |    +0.277[+0.14,+0.36] | 0.300/0.302
15-22 0.15-0.3  hi      95/67   |    +0.110[+0.11,+0.12] +0.110 |    +0.047[-0.06,+0.16] |    +0.013[-0.02,+0.04] |    +0.171[+0.07,+0.28] |    +0.071[-0.03,+0.17] | 0.297/0.299
15-22 0.15-0.3  all    636/145  |    +0.110[+0.11,+0.12] +0.110 |    +0.071[-0.04,+0.19] |    +0.003[-0.03,+0.02] |    +0.181[+0.06,+0.31] |    +0.081[-0.04,+0.21] | 0.298/0.299
>22   0.15-0.3  lo     924/25   |    +0.116[+0.11,+0.13] +0.110 |    +0.088[+0.03,+0.16] |    -0.134[-0.18,-0.03] |    +0.011[-0.05,+0.20] |    -0.098[-0.16,+0.07] | 0.299/0.306
>22   0.15-0.3  mid    636/29   |    +0.111[+0.10,+0.11] +0.112 |    +0.097[-0.05,+0.17] |    -0.031[-0.09,+0.03] |    +0.183[-0.06,+0.29] |    +0.079[-0.16,+0.19] | 0.300/0.299
>22   0.15-0.3  hi     317/35   |    +0.111[+0.11,+0.12] +0.110 |    +0.089[-0.00,+0.15] |    -0.012[-0.07,+0.04] |    +0.192[+0.05,+0.31] |    +0.090[-0.05,+0.21] | 0.300/0.302
>22   0.15-0.3  all   1877/90   |    +0.111[+0.11,+0.12] +0.110 |    +0.081[-0.02,+0.14] |    -0.024[-0.08,+0.02] |    +0.168[+0.01,+0.28] |    +0.066[-0.09,+0.18] | 0.300/0.302
2-8   0.3-0.6   mid     80/30   |    +0.086[+0.07,+0.10] +0.087 |    +0.060[-0.13,+0.19] |    +0.005[-0.03,+0.03] |    +0.150[-0.10,+0.30] |    +0.034[-0.21,+0.18] | 0.297/0.306
2-8   0.3-0.6   hi      38/51   |    +0.108[+0.08,+0.13] +0.089 |    -0.154[-0.26,-0.05] |    +0.025[+0.01,+0.04] |    -0.003[-0.11,+0.09] |    -0.108[-0.21,-0.02] | 0.285/0.300
2-8   0.3-0.6   all    337/100  |    +0.105[+0.08,+0.12] +0.089 |    -0.144[-0.23,-0.06] |    +0.024[+0.01,+0.04] |    +0.001[-0.09,+0.08] |    -0.103[-0.19,-0.02] | 0.286/0.300
8-15  0.3-0.6   lo     326/95   |    +0.087[+0.08,+0.09] +0.089 |    +0.164[+0.05,+0.23] |    +0.000[-0.05,+0.03] |    +0.231[+0.09,+0.32] |    +0.136[-0.00,+0.22] | 0.296/0.294
8-15  0.3-0.6   mid    210/99   |    +0.092[+0.09,+0.10] +0.089 |    +0.086[+0.03,+0.15] |    -0.018[-0.05,+0.03] |    +0.160[+0.09,+0.25] |    +0.057[-0.01,+0.15] | 0.295/0.298
8-15  0.3-0.6   hi     147/85   |    +0.091[+0.08,+0.11] +0.089 |    -0.040[-0.15,+0.09] |    +0.019[+0.00,+0.04] |    +0.078[-0.02,+0.22] |    -0.027[-0.13,+0.11] | 0.295/0.298
8-15  0.3-0.6   all    684/280  |    +0.091[+0.08,+0.11] +0.089 |    -0.030[-0.13,+0.09] |    +0.014[+0.00,+0.03] |    +0.082[-0.03,+0.21] |    -0.022[-0.13,+0.10] | 0.295/0.298
15-22 0.3-0.6   lo     391/39   |    +0.085[+0.08,+0.09] +0.090 |    +0.106[-0.10,+0.21] |    -0.011[-0.10,+0.06] |    +0.100[-0.08,+0.19] |    -0.011[-0.19,+0.09] | 0.300/0.294
15-22 0.3-0.6   mid    192/48   |    +0.090[+0.09,+0.09] +0.091 |    +0.131[-0.02,+0.21] |    -0.020[-0.04,+0.01] |    +0.192[+0.01,+0.28] |    +0.090[-0.09,+0.18] | 0.299/0.300
15-22 0.3-0.6   hi      82/64   |    +0.087[+0.08,+0.09] +0.091 |    +0.053[-0.01,+0.14] |    +0.004[-0.02,+0.02] |    +0.138[+0.06,+0.24] |    +0.040[-0.04,+0.14] | 0.300/0.299
15-22 0.3-0.6   all    665/151  |    +0.088[+0.08,+0.09] +0.091 |    +0.054[-0.01,+0.15] |    -0.001[-0.03,+0.01] |    +0.125[+0.04,+0.24] |    +0.026[-0.06,+0.13] | 0.300/0.299
>22   0.3-0.6   lo    1061/21   |    +0.083[+0.07,+0.09] +0.087 |    +0.003[-0.36,+0.15] |    -0.070[-0.11,-0.03] |    -0.019[-0.38,+0.13] |    -0.132[-0.45,+0.02] | 0.299/0.293
>22   0.3-0.6   mid    576/38   |    +0.086[+0.08,+0.09] +0.087 |    +0.176[+0.00,+0.24] |    -0.057[-0.10,+0.01] |    +0.194[+0.03,+0.26] |    +0.091[-0.07,+0.16] | 0.300/0.301
>22   0.3-0.6   hi     265/35   |    +0.087[+0.08,+0.09] +0.089 |    +0.177[+0.11,+0.20] |    -0.064[-0.09,-0.01] |    +0.188[+0.15,+0.24] |    +0.088[+0.05,+0.14] | 0.299/0.299
>22   0.3-0.6   all   1903/93   |    +0.086[+0.08,+0.09] +0.089 |    +0.165[+0.08,+0.21] |    -0.064[-0.09,-0.01] |    +0.168[+0.12,+0.23] |    +0.066[+0.02,+0.13] | 0.299/0.299
2-8   0.6-1.2   lo     194/30   |    +0.044[+0.03,+0.05] +0.049 |    +0.015[-0.11,+0.11] |    +0.036[-0.03,+0.16] |    +0.023[-0.09,+0.14] |    -0.068[-0.16,+0.02] | 0.301/0.297
2-8   0.6-1.2   mid    143/36   |    +0.051[+0.04,+0.06] +0.050 |    +0.010[-0.08,+0.05] |    -0.017[-0.05,+0.02] |    +0.043[-0.01,+0.07] |    -0.063[-0.13,-0.03] | 0.300/0.303
2-8   0.6-1.2   hi      54/50   |    +0.051[+0.03,+0.07] +0.061 |    -0.011[-0.09,+0.05] |    -0.001[-0.03,+0.02] |    +0.027[-0.07,+0.12] |    -0.069[-0.16,+0.01] | 0.297/0.295
2-8   0.6-1.2   all    391/116  |    +0.049[+0.03,+0.06] +0.058 |    -0.014[-0.08,+0.04] |    -0.002[-0.03,+0.02] |    +0.018[-0.07,+0.09] |    -0.078[-0.16,-0.01] | 0.298/0.296
8-15  0.6-1.2   lo     257/91   |    +0.045[+0.04,+0.05] +0.053 |    +0.035[+0.01,+0.06] |    -0.005[-0.03,+0.04] |    +0.001[-0.04,+0.05] |    -0.093[-0.13,-0.04] | 0.299/0.294
8-15  0.6-1.2   mid    252/81   |    +0.050[+0.04,+0.06] +0.054 |    -0.003[-0.04,+0.03] |    -0.012[-0.04,+0.04] |    +0.035[+0.00,+0.09] |    -0.069[-0.11,-0.01] | 0.301/0.300
8-15  0.6-1.2   hi     211/116  |    +0.059[+0.05,+0.08] +0.058 |    -0.132[-0.16,-0.05] |    -0.002[-0.02,+0.01] |    -0.079[-0.11,-0.01] |    -0.181[-0.22,-0.11] | 0.297/0.299
8-15  0.6-1.2   all    721/289  |    +0.057[+0.05,+0.07] +0.057 |    -0.127[-0.16,-0.05] |    +0.001[-0.01,+0.01] |    -0.076[-0.11,-0.01] |    -0.178[-0.21,-0.11] | 0.298/0.299
15-22 0.6-1.2   lo     271/34   |    +0.043[+0.04,+0.05] +0.049 |    +0.015[-0.01,+0.10] |    +0.075[+0.03,+0.12] |    +0.025[-0.01,+0.09] |    -0.059[-0.10,+0.02] | 0.299/0.295
15-22 0.6-1.2   mid    227/42   |    +0.047[+0.04,+0.05] +0.052 |    +0.013[-0.06,+0.22] |    +0.011[-0.03,+0.04] |    -0.004[-0.12,+0.17] |    -0.091[-0.20,+0.12] | 0.301/0.299
15-22 0.6-1.2   hi     181/79   |    +0.050[+0.04,+0.05] +0.056 |    -0.088[-0.11,-0.05] |    +0.019[-0.01,+0.03] |    -0.029[-0.07,+0.00] |    -0.129[-0.16,-0.10] | 0.299/0.298
15-22 0.6-1.2   all    679/155  |    +0.049[+0.04,+0.05] +0.055 |    -0.085[-0.10,+0.01] |    +0.023[-0.00,+0.03] |    -0.033[-0.07,+0.00] |    -0.132[-0.16,-0.10] | 0.299/0.298
>22   0.6-1.2   lo     617/36   |    +0.050[+0.05,+0.06] +0.055 |    -0.007[-0.06,+0.05] |    +0.022[-0.07,+0.06] |    -0.051[-0.12,-0.01] |    -0.143[-0.22,-0.09] | 0.299/0.298
>22   0.6-1.2   mid    599/27   |    +0.052[+0.05,+0.06] +0.055 |    -0.030[-0.09,+0.03] |    +0.029[-0.03,+0.05] |    +0.006[-0.04,+0.05] |    -0.095[-0.14,-0.04] | 0.300/0.300
>22   0.6-1.2   hi     700/32   |    +0.050[+0.04,+0.05] +0.054 |    -0.043[-0.07,-0.00] |    -0.000[-0.03,+0.04] |    -0.007[-0.04,+0.07] |    -0.108[-0.14,-0.03] | 0.299/0.298
>22   0.6-1.2   all   1916/95   |    +0.050[+0.05,+0.05] +0.054 |    -0.039[-0.07,+0.01] |    +0.006[-0.02,+0.04] |    -0.006[-0.05,+0.06] |    -0.107[-0.15,-0.04] | 0.299/0.299

##### T5 minus V282  (lags in s; gap [95% CI]; pred = transfer-function shaping gap)
vb    band      terc    sec V/T |                  x->sp    pred |                sp->act |              act->pose |                x->pose |         COMMON x->pose | ctlV/T
15-22 0.05-0.15 lo     171/32   |    +0.262[+0.25,+0.57] +0.244 |    +0.113[-0.02,+0.21] |    -0.120[-0.50,+0.01] |    +0.223[+0.00,+0.39] |    +0.126[-0.20,+0.29] | 0.286/0.315
15-22 0.05-0.15 mid    145/28   |    +0.236[+0.22,+0.28] +0.242 |    -0.276[-0.96,+0.04] |    -0.071[-0.20,+0.03] |    -0.136[-0.92,+0.22] |    -0.220[-1.01,+0.13] | 0.293/0.290
15-22 0.05-0.15 hi     182/22   |    +0.239[+0.23,+0.26] +0.242 |    +0.001[-0.13,+0.13] |    -0.049[-0.10,+0.04] |    +0.199[+0.07,+0.41] |    +0.108[-0.02,+0.31] | 0.305/0.299
15-22 0.05-0.15 all    497/82   |    +0.239[+0.23,+0.26] +0.242 |    -0.018[-0.21,+0.13] |    -0.052[-0.11,+0.02] |    +0.171[-0.05,+0.35] |    +0.081[-0.14,+0.26] | 0.303/0.298
>22   0.05-0.15 lo     519/38   |    +0.265[+0.24,+0.32] +0.243 |    +0.078[-0.27,+0.87] |    -0.080[-0.19,+0.03] |    +0.243[-0.14,+1.00] |    +0.147[-0.22,+0.87] | 0.292/0.320
>22   0.05-0.15 mid    614/24   |    +0.251[+0.21,+0.26] +0.241 |    -0.097[-0.72,+0.09] |    -0.056[-0.14,-0.01] |    +0.088[-0.62,+0.35] |    -0.004[-0.70,+0.25] | 0.300/0.301
>22   0.05-0.15 all   1777/63   |    +0.249[+0.22,+0.30] +0.241 |    -0.012[-0.36,+0.91] |    -0.016[-0.09,+0.01] |    +0.221[-0.19,+1.22] |    +0.130[-0.28,+1.09] | 0.300/0.305
2-8   0.15-0.3  all    242/23   |    +0.274[+0.21,+0.29] +0.247 |    -0.055[-0.18,+0.13] |    -0.007[-0.04,+0.02] |    +0.231[+0.07,+0.43] |    +0.123[-0.04,+0.33] | 0.306/0.309
8-15  0.15-0.3  hi      85/49   |    +0.256[+0.23,+0.27] +0.245 |    -0.026[-0.12,+0.15] |    +0.011[-0.01,+0.03] |    +0.238[+0.16,+0.41] |    +0.145[+0.06,+0.31] | 0.296/0.304
8-15  0.15-0.3  all    592/59   |    +0.255[+0.24,+0.27] +0.245 |    -0.022[-0.10,+0.13] |    +0.008[-0.01,+0.03] |    +0.236[+0.17,+0.38] |    +0.143[+0.08,+0.29] | 0.296/0.305
15-22 0.15-0.3  mid    175/41   |    +0.253[+0.25,+0.29] +0.247 |    +0.273[+0.12,+0.30] |    -0.040[-0.07,-0.01] |    +0.478[+0.30,+0.52] |    +0.387[+0.20,+0.43] | 0.300/0.305
15-22 0.15-0.3  hi      95/71   |    +0.255[+0.25,+0.26] +0.249 |    +0.185[+0.09,+0.29] |    +0.001[-0.04,+0.02] |    +0.436[+0.34,+0.54] |    +0.346[+0.25,+0.45] | 0.297/0.302
15-22 0.15-0.3  all    636/119  |    +0.255[+0.25,+0.26] +0.249 |    +0.182[+0.08,+0.27] |    -0.010[-0.04,+0.01] |    +0.417[+0.31,+0.50] |    +0.328[+0.22,+0.41] | 0.298/0.302
>22   0.15-0.3  mid    636/26   |    +0.258[+0.24,+0.27] +0.250 |    +0.344[+0.30,+0.36] |    -0.052[-0.09,+0.04] |    +0.568[+0.50,+0.62] |    +0.471[+0.40,+0.53] | 0.300/0.308
>22   0.15-0.3  hi     317/94   |    +0.251[+0.25,+0.26] +0.251 |    +0.230[+0.17,+0.28] |    -0.010[-0.05,+0.02] |    +0.469[+0.39,+0.54] |    +0.379[+0.30,+0.45] | 0.300/0.301
>22   0.15-0.3  all   1877/125  |    +0.252[+0.25,+0.26] +0.251 |    +0.219[+0.15,+0.27] |    -0.024[-0.05,+0.01] |    +0.440[+0.36,+0.52] |    +0.350[+0.27,+0.42] | 0.300/0.301
2-8   0.3-0.6   all    337/34   |    +0.252[+0.19,+0.31] +0.250 |    -0.238[-0.33,-0.01] |    +0.009[-0.02,+0.03] |    +0.041[-0.11,+0.32] |    -0.043[-0.17,+0.21] | 0.286/0.289
8-15  0.3-0.6   hi     147/40   |    +0.215[+0.16,+0.26] +0.245 |    +0.024[-0.04,+0.06] |    +0.001[-0.02,+0.02] |    +0.247[+0.14,+0.32] |    +0.164[+0.07,+0.23] | 0.295/0.283
8-15  0.3-0.6   all    684/72   |    +0.217[+0.16,+0.26] +0.245 |    +0.013[-0.05,+0.05] |    -0.001[-0.02,+0.02] |    +0.237[+0.13,+0.30] |    +0.152[+0.06,+0.21] | 0.295/0.284
15-22 0.3-0.6   mid    192/56   |    +0.240[+0.23,+0.25] +0.245 |    +0.021[-0.10,+0.09] |    -0.022[-0.06,+0.01] |    +0.209[+0.06,+0.31] |    +0.125[-0.03,+0.22] | 0.299/0.299
15-22 0.3-0.6   hi      82/56   |    +0.240[+0.23,+0.25] +0.245 |    +0.128[+0.05,+0.17] |    -0.003[-0.03,+0.01] |    +0.362[+0.27,+0.41] |    +0.273[+0.18,+0.32] | 0.300/0.299
15-22 0.3-0.6   all    665/131  |    +0.241[+0.23,+0.24] +0.245 |    +0.105[+0.04,+0.14] |    -0.006[-0.03,+0.01] |    +0.321[+0.23,+0.37] |    +0.232[+0.14,+0.28] | 0.300/0.299
>22   0.3-0.6   lo    1061/34   |    +0.218[+0.18,+0.24] +0.240 |    +0.063[-0.15,+0.13] |    -0.113[-0.15,-0.06] |    +0.156[-0.13,+0.26] |    +0.057[-0.22,+0.15] | 0.299/0.286
>22   0.3-0.6   mid    576/46   |    +0.231[+0.20,+0.24] +0.238 |    +0.141[+0.03,+0.21] |    -0.104[-0.13,-0.04] |    +0.276[+0.18,+0.35] |    +0.183[+0.09,+0.26] | 0.300/0.292
>22   0.3-0.6   hi     265/61   |    +0.237[+0.23,+0.24] +0.243 |    +0.095[+0.03,+0.16] |    -0.069[-0.09,-0.02] |    +0.267[+0.20,+0.35] |    +0.175[+0.11,+0.25] | 0.299/0.294
>22   0.3-0.6   all   1903/142  |    +0.236[+0.23,+0.24] +0.242 |    +0.089[+0.02,+0.15] |    -0.081[-0.10,-0.03] |    +0.240[+0.17,+0.32] |    +0.147[+0.08,+0.23] | 0.299/0.294
2-8   0.6-1.2   all    391/41   |    +0.221[+0.17,+0.25] +0.248 |    -0.086[-0.21,-0.00] |    +0.013[-0.04,+0.04] |    +0.132[-0.24,+0.26] |    +0.029[-0.18,+0.17] | 0.298/0.301
8-15  0.6-1.2   lo     257/21   |    +0.230[+0.21,+0.26] +0.238 |    -0.084[-0.46,+0.27] |    +0.060[+0.02,+0.10] |    -0.040[-0.46,+0.09] |    -0.159[-0.57,+0.01] | 0.299/0.297
8-15  0.6-1.2   mid    252/24   |    +0.222[+0.21,+0.24] +0.239 |    -0.143[-0.30,-0.03] |    +0.006[-0.02,+0.05] |    +0.030[-0.15,+0.13] |    -0.067[-0.25,+0.04] | 0.301/0.299
8-15  0.6-1.2   hi     211/34   |    +0.187[+0.16,+0.24] +0.240 |    -0.152[-0.21,-0.05] |    -0.020[-0.04,-0.01] |    -0.007[-0.09,+0.12] |    -0.077[-0.14,+0.04] | 0.297/0.287
8-15  0.6-1.2   all    721/79   |    +0.189[+0.16,+0.23] +0.239 |    -0.150[-0.20,-0.06] |    -0.012[-0.02,-0.00] |    -0.007[-0.09,+0.10] |    -0.079[-0.15,+0.02] | 0.298/0.288
15-22 0.6-1.2   lo     271/41   |    +0.230[+0.22,+0.24] +0.233 |    +0.006[-0.13,+0.23] |    +0.031[-0.01,+0.10] |    +0.040[-0.07,+0.20] |    -0.059[-0.24,+0.15] | 0.299/0.300
15-22 0.6-1.2   mid    227/54   |    +0.213[+0.21,+0.22] +0.239 |    -0.097[-0.16,+0.01] |    -0.001[-0.04,+0.03] |    +0.037[-0.02,+0.11] |    -0.053[-0.11,+0.02] | 0.301/0.296
15-22 0.6-1.2   hi     181/40   |    +0.218[+0.20,+0.23] +0.241 |    -0.040[-0.17,+0.04] |    -0.005[-0.03,+0.03] |    +0.108[-0.03,+0.16] |    +0.021[-0.11,+0.08] | 0.299/0.298
15-22 0.6-1.2   all    679/136  |    +0.218[+0.21,+0.22] +0.240 |    -0.051[-0.14,+0.06] |    -0.002[-0.03,+0.03] |    +0.086[-0.00,+0.14] |    -0.001[-0.09,+0.05] | 0.299/0.297
>22   0.6-1.2   lo     617/53   |    +0.226[+0.21,+0.24] +0.242 |    -0.015[-0.14,+0.13] |    +0.038[-0.02,+0.07] |    +0.018[-0.05,+0.06] |    -0.082[-0.14,-0.04] | 0.299/0.297
>22   0.6-1.2   mid    599/56   |    +0.225[+0.22,+0.24] +0.242 |    -0.106[-0.13,-0.09] |    -0.021[-0.06,+0.01] |    +0.033[+0.00,+0.08] |    -0.060[-0.09,-0.02] | 0.300/0.299
>22   0.6-1.2   hi     700/41   |    +0.204[+0.18,+0.23] +0.239 |    -0.124[-0.20,-0.07] |    -0.001[-0.02,+0.02] |    +0.055[+0.00,+0.09] |    -0.022[-0.09,+0.04] | 0.299/0.283
>22   0.6-1.2   all   1916/150  |    +0.210[+0.18,+0.23] +0.240 |    -0.116[-0.17,-0.08] |    -0.003[-0.02,+0.02] |    +0.049[+0.01,+0.08] |    -0.032[-0.08,+0.02] | 0.299/0.287

##### T4 minus V282  (lags in s; gap [95% CI]; pred = transfer-function shaping gap)
vb    band      terc    sec V/T |                  x->sp    pred |                sp->act |              act->pose |                x->pose |         COMMON x->pose | ctlV/T
2-8   0.05-0.15 all    107/64   |    +0.241[+0.23,+0.32] +0.241 |    -0.238[-2.99,+0.19] |    +0.047[-1.22,+0.06] |    +0.051[-4.56,+0.43] |    -0.032[-4.65,+0.35] | 0.286/0.305
8-15  0.05-0.15 lo      77/35   |    +0.254[+0.22,+0.33] +0.240 |    -0.208[-0.57,+0.45] |    -0.042[-0.24,+0.10] |    +0.011[-0.38,+0.80] |    -0.071[-0.46,+0.69] | 0.290/0.307
8-15  0.05-0.15 mid     97/79   |    +0.255[+0.24,+0.27] +0.241 |    -0.047[-0.45,+0.20] |    -0.052[-0.32,-0.01] |    +0.126[-0.49,+0.40] |    +0.044[-0.57,+0.32] | 0.304/0.312
8-15  0.05-0.15 hi      86/80   |    +0.242[+0.21,+0.25] +0.241 |    -0.210[-0.29,-0.03] |    -0.026[-0.07,+0.01] |    +0.005[-0.09,+0.17] |    -0.075[-0.17,+0.09] | 0.308/0.299
8-15  0.05-0.15 all    260/194  |    +0.242[+0.22,+0.25] +0.241 |    -0.217[-0.31,+0.01] |    -0.028[-0.07,-0.00] |    -0.006[-0.13,+0.20] |    -0.086[-0.21,+0.13] | 0.307/0.300
15-22 0.05-0.15 mid    145/36   |    +0.241[+0.19,+0.29] +0.241 |    -0.335[-0.59,+0.08] |    -0.051[-0.15,+0.03] |    -0.151[-0.38,+0.31] |    -0.233[-0.46,+0.21] | 0.293/0.297
15-22 0.05-0.15 hi     182/48   |    +0.230[+0.21,+0.25] +0.241 |    -0.117[-0.24,-0.01] |    -0.008[-0.04,+0.06] |    +0.100[-0.02,+0.27] |    +0.022[-0.10,+0.19] | 0.305/0.295
15-22 0.05-0.15 all    497/96   |    +0.231[+0.21,+0.25] +0.241 |    -0.130[-0.28,-0.08] |    -0.011[-0.05,+0.04] |    +0.085[-0.06,+0.13] |    +0.007[-0.14,+0.05] | 0.303/0.295
>22   0.05-0.15 hi     643/44   |    +0.240[+0.24,+0.24] +0.240 |    -0.070[-0.15,-0.04] |    -0.017[-0.11,+0.03] |    +0.151[+0.01,+0.22] |    +0.072[-0.07,+0.15] | 0.300/0.300
>22   0.05-0.15 all   1777/70   |    +0.240[+0.24,+0.24] +0.240 |    -0.071[-0.18,-0.04] |    -0.020[-0.10,+0.02] |    +0.144[-0.01,+0.21] |    +0.065[-0.09,+0.13] | 0.300/0.299
2-8   0.15-0.3  lo     169/25   |    +0.246[+0.23,+0.27] +0.248 |    -0.041[-0.26,+0.31] |    -0.014[-0.14,+0.06] |    +0.184[-0.08,+0.51] |    +0.107[-0.15,+0.43] | 0.293/0.294
2-8   0.15-0.3  mid     46/37   |    +0.248[+0.23,+0.27] +0.244 |    +0.149[-0.04,+0.33] |    -0.011[-0.04,+0.04] |    +0.384[+0.18,+0.58] |    +0.302[+0.10,+0.50] | 0.293/0.302
2-8   0.15-0.3  hi      27/58   |    +0.264[+0.21,+0.28] +0.243 |    -0.352[-0.49,-0.22] |    +0.003[-0.04,+0.01] |    -0.086[-0.23,+0.04] |    -0.164[-0.31,-0.04] | 0.308/0.297
2-8   0.15-0.3  all    242/119  |    +0.262[+0.22,+0.28] +0.243 |    -0.346[-0.48,-0.22] |    +0.003[-0.04,+0.01] |    -0.083[-0.23,+0.03] |    -0.161[-0.31,-0.05] | 0.306/0.297
8-15  0.15-0.3  lo     360/129  |    +0.257[+0.24,+0.28] +0.243 |    +0.238[+0.14,+0.34] |    +0.005[-0.03,+0.05] |    +0.528[+0.44,+0.66] |    +0.435[+0.34,+0.56] | 0.295/0.308
8-15  0.15-0.3  mid    147/91   |    +0.259[+0.25,+0.27] +0.245 |    +0.129[+0.05,+0.21] |    -0.015[-0.03,+0.01] |    +0.377[+0.29,+0.46] |    +0.292[+0.20,+0.38] | 0.293/0.306
8-15  0.15-0.3  hi      85/79   |    +0.251[+0.24,+0.26] +0.244 |    -0.125[-0.22,-0.01] |    +0.009[-0.00,+0.03] |    +0.136[+0.04,+0.26] |    +0.055[-0.04,+0.17] | 0.296/0.299
8-15  0.15-0.3  all    592/298  |    +0.251[+0.24,+0.26] +0.244 |    -0.105[-0.18,-0.00] |    +0.006[-0.01,+0.02] |    +0.152[+0.07,+0.26] |    +0.071[-0.01,+0.18] | 0.296/0.299
15-22 0.15-0.3  mid    175/42   |    +0.248[+0.24,+0.27] +0.244 |    +0.212[+0.11,+0.31] |    -0.033[-0.07,-0.00] |    +0.443[+0.33,+0.56] |    +0.357[+0.24,+0.47] | 0.300/0.303
15-22 0.15-0.3  hi      95/69   |    +0.254[+0.25,+0.27] +0.247 |    +0.055[-0.04,+0.15] |    +0.006[-0.03,+0.03] |    +0.323[+0.23,+0.41] |    +0.239[+0.14,+0.32] | 0.297/0.303
15-22 0.15-0.3  all    636/116  |    +0.254[+0.25,+0.27] +0.247 |    +0.055[-0.03,+0.14] |    -0.004[-0.04,+0.02] |    +0.309[+0.22,+0.40] |    +0.225[+0.13,+0.32] | 0.298/0.303
>22   0.15-0.3  mid    636/42   |    +0.248[+0.18,+0.25] +0.247 |    +0.218[-0.07,+0.28] |    -0.053[-0.19,+0.00] |    +0.408[-0.10,+0.46] |    +0.328[-0.17,+0.38] | 0.300/0.302
>22   0.15-0.3  hi     317/33   |    +0.247[+0.24,+0.25] +0.248 |    +0.214[+0.18,+0.23] |    +0.002[-0.06,+0.04] |    +0.462[+0.35,+0.51] |    +0.382[+0.27,+0.43] | 0.300/0.299
>22   0.15-0.3  all   1877/79   |    +0.247[+0.23,+0.25] +0.248 |    +0.209[+0.03,+0.23] |    -0.017[-0.08,+0.03] |    +0.433[+0.14,+0.47] |    +0.353[+0.07,+0.39] | 0.300/0.300
2-8   0.3-0.6   lo     219/30   |    +0.253[+0.21,+0.27] +0.254 |    +0.050[-0.13,+0.20] |    -0.038[-0.13,+0.20] |    +0.356[+0.16,+0.58] |    +0.255[+0.06,+0.44] | 0.305/0.300
2-8   0.3-0.6   mid     80/63   |    +0.247[+0.23,+0.26] +0.246 |    -0.088[-0.25,+0.04] |    +0.003[-0.03,+0.02] |    +0.269[+0.12,+0.41] |    +0.187[+0.05,+0.32] | 0.297/0.295
2-8   0.3-0.6   hi      38/55   |    +0.247[+0.21,+0.27] +0.242 |    -0.198[-0.40,-0.07] |    +0.020[+0.00,+0.03] |    +0.095[-0.11,+0.24] |    +0.016[-0.19,+0.16] | 0.285/0.296
2-8   0.3-0.6   all    337/148  |    +0.246[+0.21,+0.27] +0.242 |    -0.190[-0.36,-0.05] |    +0.018[+0.00,+0.04] |    +0.100[-0.10,+0.25] |    +0.021[-0.16,+0.16] | 0.286/0.296
8-15  0.3-0.6   lo     326/117  |    +0.242[+0.22,+0.25] +0.248 |    +0.003[-0.11,+0.09] |    +0.003[-0.05,+0.03] |    +0.294[+0.18,+0.37] |    +0.199[+0.08,+0.28] | 0.296/0.295
8-15  0.3-0.6   mid    210/118  |    +0.244[+0.24,+0.25] +0.246 |    -0.032[-0.09,+0.03] |    -0.025[-0.06,+0.02] |    +0.212[+0.14,+0.32] |    +0.129[+0.06,+0.23] | 0.295/0.297
8-15  0.3-0.6   hi     147/84   |    +0.250[+0.24,+0.27] +0.244 |    -0.120[-0.17,-0.06] |    +0.015[-0.00,+0.03] |    +0.162[+0.12,+0.22] |    +0.079[+0.04,+0.13] | 0.295/0.300
8-15  0.3-0.6   all    684/319  |    +0.250[+0.24,+0.26] +0.244 |    -0.116[-0.16,-0.06] |    +0.012[-0.00,+0.03] |    +0.160[+0.13,+0.21] |    +0.077[+0.04,+0.13] | 0.295/0.300
15-22 0.3-0.6   lo     391/28   |    +0.242[+0.22,+0.27] +0.251 |    +0.025[-0.07,+0.08] |    -0.016[-0.12,+0.02] |    +0.252[+0.05,+0.30] |    +0.154[-0.04,+0.20] | 0.300/0.294
15-22 0.3-0.6   mid    192/32   |    +0.233[+0.20,+0.25] +0.244 |    -0.007[-0.07,+0.18] |    -0.024[-0.05,-0.00] |    +0.239[+0.19,+0.35] |    +0.151[+0.11,+0.27] | 0.299/0.294
15-22 0.3-0.6   hi      82/61   |    +0.230[+0.22,+0.24] +0.242 |    +0.008[-0.03,+0.04] |    -0.002[-0.03,+0.01] |    +0.243[+0.18,+0.28] |    +0.165[+0.10,+0.20] | 0.300/0.295
15-22 0.3-0.6   all    665/121  |    +0.231[+0.22,+0.24] +0.242 |    -0.004[-0.03,+0.03] |    -0.006[-0.03,+0.00] |    +0.219[+0.16,+0.26] |    +0.140[+0.09,+0.18] | 0.300/0.295
>22   0.3-0.6   lo    1061/34   |    +0.237[+0.23,+0.24] +0.243 |    +0.056[-0.01,+0.10] |    -0.137[-0.22,-0.06] |    +0.160[+0.05,+0.25] |    +0.073[-0.04,+0.17] | 0.299/0.296
>22   0.3-0.6   mid    576/28   |    +0.253[+0.24,+0.26] +0.249 |    +0.022[-0.02,+0.08] |    -0.122[-0.14,-0.06] |    +0.136[+0.09,+0.23] |    +0.054[+0.01,+0.14] | 0.300/0.303
>22   0.3-0.6   hi     265/20   |    +0.239[+0.23,+0.25] +0.244 |    +0.084[+0.06,+0.10] |    -0.069[-0.10,-0.00] |    +0.250[+0.21,+0.31] |    +0.170[+0.13,+0.23] | 0.299/0.299
>22   0.3-0.6   all   1903/82   |    +0.242[+0.24,+0.25] +0.245 |    +0.064[+0.04,+0.08] |    -0.090[-0.11,-0.03] |    +0.207[+0.17,+0.27] |    +0.126[+0.09,+0.19] | 0.299/0.299
2-8   0.6-1.2   lo     194/51   |    +0.215[+0.20,+0.24] +0.227 |    -0.110[-0.24,+0.02] |    +0.001[-0.05,+0.04] |    +0.094[+0.02,+0.16] |    -0.014[-0.08,+0.06] | 0.301/0.298
2-8   0.6-1.2   mid    143/51   |    +0.221[+0.20,+0.23] +0.229 |    -0.059[-0.18,+0.05] |    -0.012[-0.07,+0.02] |    +0.146[+0.09,+0.21] |    +0.070[-0.01,+0.15] | 0.300/0.302
2-8   0.6-1.2   hi      54/61   |    +0.246[+0.16,+0.28] +0.258 |    -0.005[-0.09,+0.06] |    -0.001[-0.03,+0.02] |    -0.761[-0.83,+0.21] |    +0.176[-0.84,+0.21] | 0.297/0.299
2-8   0.6-1.2   all    391/163  |    +0.242[+0.17,+0.27] +0.255 |    -0.010[-0.08,+0.05] |    -0.001[-0.03,+0.02] |    -0.781[-0.85,+0.18] |    +0.162[-0.85,+0.19] | 0.298/0.299
8-15  0.6-1.2   lo     257/127  |    +0.223[+0.21,+0.23] +0.232 |    +0.028[-0.03,+0.11] |    +0.022[-0.03,+0.06] |    +0.105[+0.02,+0.20] |    +0.043[-0.04,+0.13] | 0.299/0.300
8-15  0.6-1.2   mid    252/106  |    +0.223[+0.22,+0.23] +0.236 |    -0.014[-0.08,+0.04] |    +0.002[-0.03,+0.06] |    +0.135[+0.08,+0.21] |    +0.061[+0.00,+0.13] | 0.301/0.299
8-15  0.6-1.2   hi     211/94   |    +0.230[+0.22,+0.25] +0.236 |    -0.241[-0.29,-0.08] |    -0.009[-0.03,+0.00] |    -0.028[-0.07,+0.13] |    -0.108[-0.15,+0.05] | 0.297/0.299
8-15  0.6-1.2   all    721/326  |    +0.228[+0.22,+0.24] +0.236 |    -0.229[-0.28,-0.05] |    -0.005[-0.02,+0.00] |    -0.024[-0.07,+0.13] |    -0.103[-0.15,+0.06] | 0.298/0.299
15-22 0.6-1.2   lo     271/42   |    +0.200[+0.19,+0.22] +0.229 |    -0.162[-0.25,-0.09] |    +0.051[+0.03,+0.08] |    -0.062[-0.16,+0.05] |    -0.122[-0.21,-0.01] | 0.299/0.288
15-22 0.6-1.2   mid    227/32   |    +0.219[+0.20,+0.24] +0.235 |    -0.124[-0.19,-0.06] |    +0.004[-0.03,+0.03] |    +0.035[-0.05,+0.10] |    -0.041[-0.13,+0.03] | 0.301/0.299
15-22 0.6-1.2   hi     181/51   |    +0.202[+0.17,+0.23] +0.237 |    -0.199[-0.24,-0.14] |    +0.019[-0.00,+0.03] |    +0.000[-0.06,+0.09] |    -0.074[-0.13,+0.01] | 0.299/0.294
15-22 0.6-1.2   all    679/124  |    +0.203[+0.17,+0.23] +0.236 |    -0.193[-0.23,-0.14] |    +0.020[+0.00,+0.03] |    -0.002[-0.06,+0.07] |    -0.076[-0.13,-0.01] | 0.299/0.294
>22   0.6-1.2   lo     617/33   |    +0.214[+0.21,+0.31] +0.236 |    +0.067[+0.00,+0.12] |    +0.015[-0.14,+0.07] |    -0.055[-0.10,+0.21] |    -0.149[-0.19,+0.16] | 0.299/0.297
>22   0.6-1.2   mid    599/34   |    +0.226[+0.21,+0.32] +0.236 |    -0.048[-0.09,+0.01] |    -0.003[-0.08,+0.04] |    +0.045[+0.01,+0.14] |    -0.039[-0.07,+0.03] | 0.300/0.301
>22   0.6-1.2   all   1916/84   |    +0.221[+0.21,+0.24] +0.237 |    -0.056[-0.08,-0.02] |    -0.014[-0.06,+0.01] |    +0.060[+0.02,+0.12] |    -0.021[-0.06,+0.04] | 0.299/0.299

##### absolute lags, V282 (x->sp, sp->act, act->pose, x->pose; pred shaping)
2-8   0.05-0.15 lo       59s  x->sp +0.003 (pred +0.006)  sp->act +0.990  act->pose +0.016  x->pose +1.008
2-8   0.05-0.15 mid      28s  x->sp +0.018 (pred +0.003)  sp->act +1.110  act->pose +0.156  x->pose +1.229
2-8   0.05-0.15 all     107s  x->sp +0.004 (pred +0.003)  sp->act +0.562  act->pose +0.072  x->pose +0.632
8-15  0.05-0.15 lo       77s  x->sp +0.011 (pred +0.005)  sp->act +0.371  act->pose +0.165  x->pose +0.545
8-15  0.05-0.15 mid      97s  x->sp +0.007 (pred +0.003)  sp->act +0.454  act->pose +0.152  x->pose +0.619
8-15  0.05-0.15 hi       86s  x->sp +0.004 (pred +0.002)  sp->act +0.268  act->pose +0.121  x->pose +0.393
8-15  0.05-0.15 all     260s  x->sp +0.004 (pred +0.002)  sp->act +0.282  act->pose +0.123  x->pose +0.410
15-22 0.05-0.15 lo      171s  x->sp +0.003 (pred +0.004)  sp->act +0.371  act->pose +0.212  x->pose +0.617
15-22 0.05-0.15 mid     145s  x->sp +0.003 (pred +0.003)  sp->act +0.356  act->pose +0.144  x->pose +0.508
15-22 0.05-0.15 hi      182s  x->sp +0.005 (pred +0.003)  sp->act +0.216  act->pose +0.133  x->pose +0.355
15-22 0.05-0.15 all     497s  x->sp +0.005 (pred +0.003)  sp->act +0.227  act->pose +0.135  x->pose +0.368
>22   0.05-0.15 lo      519s  x->sp +0.004 (pred +0.004)  sp->act +0.203  act->pose +0.242  x->pose +0.526
>22   0.05-0.15 mid     614s  x->sp +0.003 (pred +0.003)  sp->act +0.207  act->pose +0.173  x->pose +0.389
>22   0.05-0.15 hi      643s  x->sp +0.005 (pred +0.003)  sp->act +0.099  act->pose +0.141  x->pose +0.245
>22   0.05-0.15 all    1777s  x->sp +0.005 (pred +0.003)  sp->act +0.108  act->pose +0.144  x->pose +0.258
2-8   0.15-0.3  lo      169s  x->sp +0.012 (pred +0.014)  sp->act +0.332  act->pose +0.074  x->pose +0.461
2-8   0.15-0.3  mid      46s  x->sp +0.008 (pred +0.015)  sp->act +0.318  act->pose +0.087  x->pose +0.418
2-8   0.15-0.3  hi       27s  x->sp -0.004 (pred +0.017)  sp->act +0.360  act->pose +0.082  x->pose +0.436
2-8   0.15-0.3  all     242s  x->sp -0.003 (pred +0.017)  sp->act +0.358  act->pose +0.082  x->pose +0.437
8-15  0.15-0.3  lo      360s  x->sp +0.014 (pred +0.017)  sp->act +0.231  act->pose +0.094  x->pose +0.359
8-15  0.15-0.3  mid     147s  x->sp +0.010 (pred +0.016)  sp->act +0.231  act->pose +0.104  x->pose +0.351
8-15  0.15-0.3  hi       85s  x->sp +0.008 (pred +0.016)  sp->act +0.229  act->pose +0.086  x->pose +0.325
8-15  0.15-0.3  all     592s  x->sp +0.009 (pred +0.016)  sp->act +0.230  act->pose +0.090  x->pose +0.332
15-22 0.15-0.3  lo      366s  x->sp +0.016 (pred +0.015)  sp->act +0.241  act->pose +0.130  x->pose +0.440
15-22 0.15-0.3  mid     175s  x->sp +0.016 (pred +0.015)  sp->act +0.181  act->pose +0.146  x->pose +0.351
15-22 0.15-0.3  hi       95s  x->sp +0.015 (pred +0.016)  sp->act +0.137  act->pose +0.110  x->pose +0.267
15-22 0.15-0.3  all     636s  x->sp +0.016 (pred +0.016)  sp->act +0.155  act->pose +0.120  x->pose +0.299
>22   0.15-0.3  lo      924s  x->sp +0.017 (pred +0.016)  sp->act +0.156  act->pose +0.220  x->pose +0.445
>22   0.15-0.3  mid     636s  x->sp +0.016 (pred +0.015)  sp->act +0.111  act->pose +0.168  x->pose +0.306
>22   0.15-0.3  hi      317s  x->sp +0.018 (pred +0.016)  sp->act +0.066  act->pose +0.130  x->pose +0.217
>22   0.15-0.3  all    1877s  x->sp +0.017 (pred +0.016)  sp->act +0.083  act->pose +0.144  x->pose +0.253
2-8   0.3-0.6   lo      219s  x->sp +0.052 (pred +0.048)  sp->act +0.179  act->pose +0.049  x->pose +0.322
2-8   0.3-0.6   mid      80s  x->sp +0.047 (pred +0.049)  sp->act +0.153  act->pose +0.086  x->pose +0.298
2-8   0.3-0.6   hi       38s  x->sp +0.026 (pred +0.049)  sp->act +0.253  act->pose +0.054  x->pose +0.321
2-8   0.3-0.6   all     337s  x->sp +0.029 (pred +0.049)  sp->act +0.245  act->pose +0.056  x->pose +0.320
8-15  0.3-0.6   lo      326s  x->sp +0.047 (pred +0.048)  sp->act +0.180  act->pose +0.063  x->pose +0.338
8-15  0.3-0.6   mid     210s  x->sp +0.046 (pred +0.048)  sp->act +0.155  act->pose +0.090  x->pose +0.303
8-15  0.3-0.6   hi      147s  x->sp +0.048 (pred +0.048)  sp->act +0.139  act->pose +0.077  x->pose +0.267
8-15  0.3-0.6   all     684s  x->sp +0.047 (pred +0.048)  sp->act +0.142  act->pose +0.079  x->pose +0.274
15-22 0.3-0.6   lo      391s  x->sp +0.051 (pred +0.048)  sp->act +0.157  act->pose +0.083  x->pose +0.397
15-22 0.3-0.6   mid     192s  x->sp +0.051 (pred +0.048)  sp->act +0.150  act->pose +0.121  x->pose +0.346
15-22 0.3-0.6   hi       82s  x->sp +0.053 (pred +0.048)  sp->act +0.110  act->pose +0.104  x->pose +0.276
15-22 0.3-0.6   all     665s  x->sp +0.053 (pred +0.048)  sp->act +0.125  act->pose +0.106  x->pose +0.306
>22   0.3-0.6   lo     1061s  x->sp +0.054 (pred +0.050)  sp->act +0.126  act->pose +0.181  x->pose +0.426
>22   0.3-0.6   mid     576s  x->sp +0.053 (pred +0.049)  sp->act +0.110  act->pose +0.191  x->pose +0.381
>22   0.3-0.6   hi      265s  x->sp +0.053 (pred +0.048)  sp->act +0.080  act->pose +0.166  x->pose +0.310
>22   0.3-0.6   all    1903s  x->sp +0.053 (pred +0.049)  sp->act +0.094  act->pose +0.176  x->pose +0.346
2-8   0.6-1.2   lo      194s  x->sp +0.127 (pred +0.124)  sp->act +0.123  act->pose +0.065  x->pose +0.337
2-8   0.6-1.2   mid     143s  x->sp +0.123 (pred +0.121)  sp->act +0.132  act->pose +0.081  x->pose +0.346
2-8   0.6-1.2   hi       54s  x->sp +0.113 (pred +0.108)  sp->act +0.113  act->pose +0.079  x->pose +0.313
2-8   0.6-1.2   all     391s  x->sp +0.115 (pred +0.111)  sp->act +0.117  act->pose +0.079  x->pose +0.323
8-15  0.6-1.2   lo      257s  x->sp +0.120 (pred +0.119)  sp->act +0.125  act->pose +0.056  x->pose +0.361
8-15  0.6-1.2   mid     252s  x->sp +0.119 (pred +0.116)  sp->act +0.110  act->pose +0.078  x->pose +0.333
8-15  0.6-1.2   hi      211s  x->sp +0.112 (pred +0.112)  sp->act +0.112  act->pose +0.094  x->pose +0.327
8-15  0.6-1.2   all     721s  x->sp +0.113 (pred +0.113)  sp->act +0.112  act->pose +0.089  x->pose +0.329
15-22 0.6-1.2   lo      271s  x->sp +0.120 (pred +0.120)  sp->act +0.124  act->pose +0.025  x->pose +0.333
15-22 0.6-1.2   mid     227s  x->sp +0.120 (pred +0.117)  sp->act +0.115  act->pose +0.071  x->pose +0.328
15-22 0.6-1.2   hi      181s  x->sp +0.117 (pred +0.115)  sp->act +0.111  act->pose +0.074  x->pose +0.308
15-22 0.6-1.2   all     679s  x->sp +0.118 (pred +0.116)  sp->act +0.113  act->pose +0.070  x->pose +0.313
>22   0.6-1.2   lo      617s  x->sp +0.118 (pred +0.117)  sp->act +0.091  act->pose +0.053  x->pose +0.304
>22   0.6-1.2   mid     599s  x->sp +0.118 (pred +0.116)  sp->act +0.093  act->pose +0.075  x->pose +0.300
>22   0.6-1.2   hi      700s  x->sp +0.116 (pred +0.115)  sp->act +0.083  act->pose +0.085  x->pose +0.291
>22   0.6-1.2   all    1916s  x->sp +0.117 (pred +0.115)  sp->act +0.085  act->pose +0.082  x->pose +0.293