
== V282old - V282   cols: x->sp(pred) | sp->act | act->pose | x->pose logged | x->pose COMMON  ; V282 abs x->pose, T abs x->pose
2-8   0.15-0.3 lo   169/39   +0.00[-0.01,+0.02](+0.00) | -0.03[-0.11,+0.19] | +0.07[-0.05,+0.20] | -0.01[-0.15,+0.26] | -0.01[-0.15,+0.26] ; 0.46 0.45
2-8   0.15-0.3 mid   46/43   +0.01[-0.01,+0.02](+0.00) | -0.06[-0.17,+0.22] | +0.03[-0.00,+0.11] | -0.03[-0.16,+0.30] | -0.03[-0.16,+0.30] ; 0.42 0.39
2-8   0.15-0.3 hi    27/45   +0.01[-0.03,+0.04](+0.00) | -0.09[-0.18,+0.13] | +0.01[-0.03,+0.09] | -0.07[-0.21,+0.16] | -0.07[-0.21,+0.16] ; 0.44 0.37
2-8   0.15-0.3 all  242/128  +0.01[-0.03,+0.03](+0.00) | -0.08[-0.17,+0.12] | +0.01[-0.04,+0.09] | -0.06[-0.20,+0.14] | -0.06[-0.20,+0.14] ; 0.44 0.37
8-15  0.15-0.3 lo   360/175  +0.00[-0.01,+0.01](-0.00) | +0.06[-0.01,+0.18] | +0.07[+0.03,+0.14] | +0.10[+0.02,+0.30] | +0.10[+0.02,+0.30] ; 0.36 0.46
8-15  0.15-0.3 mid  147/134  +0.01[-0.01,+0.01](+0.00) | +0.04[-0.02,+0.17] | +0.03[+0.01,+0.07] | +0.07[+0.00,+0.21] | +0.07[+0.00,+0.21] ; 0.35 0.42
8-15  0.15-0.3 hi    85/62   -0.00[-0.02,+0.02](+0.00) | +0.11[-0.07,+0.23] | +0.03[+0.02,+0.05] | +0.13[-0.04,+0.26] | +0.13[-0.04,+0.26] ; 0.33 0.46
8-15  0.15-0.3 all  592/371  -0.00[-0.02,+0.01](+0.00) | +0.09[-0.02,+0.20] | +0.03[+0.02,+0.05] | +0.12[+0.01,+0.23] | +0.12[+0.01,+0.23] ; 0.33 0.45
15-22 0.15-0.3 lo   366/210  +0.00[-0.00,+0.01](+0.00) | +0.02[-0.10,+0.15] | +0.05[-0.02,+0.14] | +0.02[-0.14,+0.22] | +0.02[-0.14,+0.22] ; 0.44 0.46
15-22 0.15-0.3 mid  175/66   +0.01[-0.00,+0.01](+0.00) | +0.04[-0.04,+0.13] | +0.04[-0.02,+0.10] | +0.08[-0.05,+0.20] | +0.08[-0.05,+0.20] ; 0.35 0.44
15-22 0.15-0.3 hi    95/33   +0.00[-0.00,+0.02](+0.00) | +0.02[-0.08,+0.10] | +0.05[-0.01,+0.09] | +0.08[-0.06,+0.16] | +0.08[-0.06,+0.16] ; 0.27 0.34
15-22 0.15-0.3 all  636/309  +0.00[-0.00,+0.02](+0.00) | +0.03[-0.05,+0.11] | +0.05[-0.01,+0.09] | +0.08[-0.05,+0.17] | +0.08[-0.05,+0.17] ; 0.30 0.38
>22   0.15-0.3 lo   924/233  +0.00[-0.00,+0.01](+0.00) | +0.06[-0.03,+0.13] | -0.02[-0.07,+0.09] | -0.01[-0.12,+0.14] | -0.01[-0.12,+0.14] ; 0.45 0.43
>22   0.15-0.3 mid  636/112  -0.00[-0.01,+0.00](+0.00) | +0.04[-0.04,+0.08] | +0.01[-0.02,+0.07] | +0.02[-0.04,+0.09] | +0.02[-0.04,+0.09] ; 0.31 0.33
>22   0.15-0.3 hi   317/48   +0.00[-0.01,+0.00](+0.00) | +0.06[+0.03,+0.08] | +0.03[-0.01,+0.07] | +0.09[+0.03,+0.13] | +0.09[+0.03,+0.13] ; 0.22 0.31
>22   0.15-0.3 all 1877/393  +0.00[-0.00,+0.00](+0.00) | +0.06[+0.02,+0.08] | +0.03[-0.00,+0.06] | +0.07[+0.02,+0.11] | +0.07[+0.02,+0.11] ; 0.25 0.33
2-8   0.3-0.6  lo   219/39   -0.02[-0.05,-0.00](-0.00) | +0.11[-0.00,+0.24] | +0.01[-0.06,+0.24] | +0.05[-0.09,+0.25] | +0.05[-0.09,+0.25] ; 0.32 0.37
2-8   0.3-0.6  mid   80/75   -0.00[-0.01,+0.01](+0.00) | +0.06[-0.00,+0.19] | -0.01[-0.05,+0.01] | +0.04[-0.07,+0.18] | +0.04[-0.07,+0.18] ; 0.30 0.33
2-8   0.3-0.6  hi    38/74   +0.02[-0.02,+0.04](-0.00) | +0.00[-0.10,+0.12] | +0.03[+0.01,+0.04] | +0.07[-0.04,+0.17] | +0.07[-0.04,+0.17] ; 0.32 0.39
2-8   0.3-0.6  all  337/188  +0.02[-0.02,+0.04](-0.00) | +0.01[-0.07,+0.12] | +0.03[+0.01,+0.04] | +0.07[+0.00,+0.15] | +0.07[+0.00,+0.15] ; 0.32 0.39
8-15  0.3-0.6  lo   326/139  +0.00[-0.01,+0.01](-0.00) | +0.03[-0.07,+0.16] | +0.04[-0.03,+0.09] | +0.04[-0.08,+0.17] | +0.04[-0.08,+0.17] ; 0.34 0.38
8-15  0.3-0.6  mid  210/151  -0.00[-0.02,+0.00](-0.00) | +0.07[+0.03,+0.16] | +0.01[-0.02,+0.06] | +0.07[+0.02,+0.17] | +0.07[+0.02,+0.17] ; 0.30 0.37
8-15  0.3-0.6  hi   147/137  -0.01[-0.02,+0.01](-0.00) | +0.07[+0.01,+0.15] | +0.03[+0.01,+0.05] | +0.09[+0.03,+0.18] | +0.09[+0.03,+0.18] ; 0.27 0.35
8-15  0.3-0.6  all  684/428  -0.01[-0.02,+0.01](-0.00) | +0.07[+0.01,+0.15] | +0.03[+0.01,+0.05] | +0.08[+0.03,+0.16] | +0.08[+0.03,+0.16] ; 0.27 0.36
15-22 0.3-0.6  lo   391/151  -0.00[-0.01,+0.01](+0.00) | +0.07[+0.02,+0.13] | +0.08[-0.02,+0.13] | +0.05[-0.05,+0.12] | +0.05[-0.05,+0.12] ; 0.40 0.44
15-22 0.3-0.6  mid  192/107  +0.00[-0.00,+0.01](+0.00) | +0.02[-0.01,+0.07] | +0.03[+0.00,+0.06] | +0.04[-0.03,+0.11] | +0.04[-0.03,+0.11] ; 0.35 0.38
15-22 0.3-0.6  hi    82/83   -0.00[-0.02,+0.00](-0.00) | +0.03[-0.02,+0.09] | +0.02[-0.01,+0.04] | +0.03[-0.03,+0.12] | +0.03[-0.03,+0.12] ; 0.28 0.31
15-22 0.3-0.6  all  665/342  -0.00[-0.01,+0.00](+0.00) | +0.02[-0.02,+0.09] | +0.02[-0.00,+0.06] | +0.02[-0.04,+0.12] | +0.02[-0.04,+0.12] ; 0.31 0.32
>22   0.3-0.6  lo  1061/162  +0.00[-0.00,+0.01](+0.00) | +0.01[-0.04,+0.03] | +0.01[-0.04,+0.05] | -0.04[-0.10,+0.01] | -0.04[-0.10,+0.01] ; 0.43 0.39
>22   0.3-0.6  mid  576/148  +0.00[-0.00,+0.01](+0.00) | +0.03[-0.00,+0.05] | -0.00[-0.03,+0.06] | +0.01[-0.04,+0.08] | +0.01[-0.04,+0.08] ; 0.38 0.39
>22   0.3-0.6  hi   265/98   +0.00[-0.00,+0.01](+0.00) | +0.02[+0.00,+0.04] | -0.02[-0.04,+0.04] | -0.00[-0.04,+0.06] | -0.00[-0.04,+0.06] ; 0.31 0.31
>22   0.3-0.6  all 1903/408  +0.00[-0.00,+0.01](+0.00) | +0.02[-0.01,+0.04] | -0.02[-0.04,+0.03] | -0.02[-0.05,+0.04] | -0.02[-0.05,+0.04] ; 0.35 0.33
2-8   0.6-1.2  lo   194/58   -0.02[-0.03,-0.00](-0.01) | +0.05[+0.03,+0.08] | -0.00[-0.03,+0.07] | +0.00[-0.07,+0.15] | +0.00[-0.07,+0.15] ; 0.34 0.34
2-8   0.6-1.2  mid  143/89   -0.01[-0.03,-0.01](-0.01) | +0.05[+0.02,+0.17] | -0.02[-0.10,+0.02] | +0.03[-0.01,+0.10] | +0.03[-0.01,+0.10] ; 0.35 0.38
2-8   0.6-1.2  hi    54/75   +0.01[-0.04,+0.02](+0.00) | +0.13[+0.02,+0.19] | -0.01[-0.06,+0.01] | +0.09[-0.07,+0.17] | +0.09[-0.07,+0.17] ; 0.31 0.40
2-8   0.6-1.2  all  391/222  +0.00[-0.03,+0.01](+0.00) | +0.12[+0.02,+0.17] | -0.01[-0.05,+0.01] | +0.08[-0.03,+0.14] | +0.08[-0.03,+0.14] ; 0.32 0.40
8-15  0.6-1.2  lo   257/178  -0.00[-0.01,+0.00](-0.00) | +0.03[+0.01,+0.07] | +0.00[-0.05,+0.03] | -0.00[-0.04,+0.06] | -0.00[-0.04,+0.06] ; 0.36 0.36
8-15  0.6-1.2  mid  252/161  -0.01[-0.01,+0.00](-0.00) | +0.04[+0.03,+0.08] | +0.01[-0.02,+0.06] | +0.03[+0.00,+0.11] | +0.03[+0.00,+0.11] ; 0.33 0.37
8-15  0.6-1.2  hi   211/113  -0.00[-0.02,+0.02](-0.00) | +0.03[+0.00,+0.07] | -0.01[-0.04,+0.00] | +0.01[-0.04,+0.05] | +0.01[-0.04,+0.05] ; 0.33 0.33
8-15  0.6-1.2  all  721/451  -0.00[-0.01,+0.01](-0.00) | +0.03[+0.01,+0.07] | -0.01[-0.03,+0.01] | +0.01[-0.02,+0.05] | +0.01[-0.02,+0.05] ; 0.33 0.34
15-22 0.6-1.2  lo   271/131  -0.01[-0.02,+0.00](-0.01) | +0.01[-0.03,+0.04] | +0.10[+0.07,+0.14] | +0.01[-0.05,+0.05] | +0.01[-0.05,+0.05] ; 0.33 0.34
15-22 0.6-1.2  mid  227/131  -0.01[-0.01,-0.00](-0.01) | -0.01[-0.05,+0.01] | +0.03[-0.01,+0.06] | -0.01[-0.09,+0.03] | -0.01[-0.09,+0.03] ; 0.33 0.31
15-22 0.6-1.2  hi   181/95   -0.00[-0.00,+0.00](-0.00) | -0.04[-0.06,+0.01] | +0.02[-0.01,+0.05] | -0.03[-0.07,+0.03] | -0.03[-0.07,+0.03] ; 0.31 0.27
15-22 0.6-1.2  all  679/357  -0.00[-0.01,+0.00](-0.00) | -0.04[-0.06,+0.01] | +0.03[+0.01,+0.05] | -0.03[-0.06,+0.03] | -0.03[-0.06,+0.03] ; 0.31 0.28
>22   0.6-1.2  lo   617/87   -0.00[-0.01,+0.01](-0.00) | -0.01[-0.03,+0.01] | +0.07[+0.01,+0.12] | -0.02[-0.06,+0.01] | -0.02[-0.06,+0.01] ; 0.30 0.29
>22   0.6-1.2  mid  599/125  -0.00[-0.01,+0.00](-0.00) | -0.02[-0.05,-0.01] | +0.04[+0.01,+0.06] | -0.01[-0.05,+0.02] | -0.01[-0.05,+0.02] ; 0.30 0.29
>22   0.6-1.2  hi   700/203  -0.00[-0.01,-0.00](-0.00) | -0.02[-0.05,-0.01] | +0.03[+0.01,+0.05] | -0.01[-0.06,+0.02] | -0.01[-0.06,+0.02] ; 0.29 0.28
>22   0.6-1.2  all 1916/415  -0.00[-0.01,-0.00](-0.00) | -0.02[-0.05,-0.01] | +0.03[+0.01,+0.05] | -0.01[-0.05,+0.01] | -0.01[-0.05,+0.01] ; 0.29 0.28

== T64 - V282   cols: x->sp(pred) | sp->act | act->pose | x->pose logged | x->pose COMMON  ; V282 abs x->pose, T abs x->pose
2-8   0.15-0.3 mid   46/23   +0.12[+0.09,+0.13](+0.11) | +0.33[+0.04,+0.53] | +0.04[-0.06,+0.12] | +0.49[+0.10,+0.70] | +0.39[+0.01,+0.60] ; 0.42 0.91
2-8   0.15-0.3 all  242/59   +0.12[+0.08,+0.14](+0.11) | -0.20[-0.28,-0.07] | -0.01[-0.05,+0.02] | -0.09[-0.24,+0.05] | -0.18[-0.33,-0.05] ; 0.44 0.35
8-15  0.15-0.3 lo   360/69   +0.11[+0.10,+0.12](+0.11) | +0.22[+0.07,+0.40] | +0.01[-0.03,+0.06] | +0.35[+0.18,+0.55] | +0.24[+0.07,+0.44] ; 0.36 0.71
8-15  0.15-0.3 mid  147/151  +0.12[+0.11,+0.13](+0.11) | +0.25[+0.18,+0.33] | +0.01[-0.01,+0.04] | +0.38[+0.30,+0.47] | +0.27[+0.19,+0.36] ; 0.35 0.73
8-15  0.15-0.3 hi    85/83   +0.12[+0.10,+0.13](+0.11) | -0.03[-0.12,+0.09] | +0.01[-0.00,+0.04] | +0.10[+0.01,+0.23] | -0.00[-0.09,+0.12] ; 0.33 0.43
8-15  0.15-0.3 all  592/303  +0.12[+0.10,+0.13](+0.11) | +0.04[-0.04,+0.16] | +0.01[+0.00,+0.04] | +0.16[+0.08,+0.30] | +0.06[-0.02,+0.20] ; 0.33 0.49
15-22 0.15-0.3 lo   366/153  +0.12[+0.11,+0.14](+0.11) | +0.25[+0.15,+0.37] | -0.03[-0.06,+0.01] | +0.31[+0.21,+0.46] | +0.20[+0.09,+0.35] ; 0.44 0.75
15-22 0.15-0.3 mid  175/113  +0.11[+0.11,+0.11](+0.11) | +0.24[+0.16,+0.31] | -0.01[-0.07,+0.02] | +0.33[+0.24,+0.41] | +0.23[+0.14,+0.30] ; 0.35 0.68
15-22 0.15-0.3 hi    95/25   +0.11[+0.11,+0.12](+0.11) | +0.00[-0.09,+0.16] | +0.01[-0.03,+0.05] | +0.12[+0.02,+0.27] | +0.02[-0.08,+0.17] ; 0.27 0.38
15-22 0.15-0.3 all  636/291  +0.11[+0.11,+0.12](+0.11) | +0.16[+0.07,+0.31] | -0.00[-0.04,+0.02] | +0.27[+0.16,+0.42] | +0.17[+0.06,+0.31] ; 0.30 0.57
>22   0.15-0.3 lo   924/146  +0.11[+0.11,+0.12](+0.11) | +0.12[+0.05,+0.15] | -0.08[-0.13,+0.04] | +0.13[+0.02,+0.29] | +0.03[-0.09,+0.17] ; 0.45 0.58
>22   0.15-0.3 mid  636/83   +0.11[+0.11,+0.11](+0.11) | +0.10[-0.01,+0.18] | -0.03[-0.07,+0.04] | +0.18[+0.03,+0.31] | +0.08[-0.07,+0.21] ; 0.31 0.48
>22   0.15-0.3 hi   317/36   +0.11[+0.11,+0.11](+0.11) | +0.01[-0.05,+0.07] | -0.03[-0.07,+0.01] | +0.09[+0.03,+0.15] | -0.01[-0.07,+0.05] ; 0.22 0.31
>22   0.15-0.3 all 1877/264  +0.11[+0.11,+0.11](+0.11) | +0.06[-0.00,+0.14] | -0.02[-0.06,+0.02] | +0.14[+0.06,+0.24] | +0.04[-0.04,+0.14] ; 0.25 0.39
2-8   0.3-0.6  lo   219/35   +0.07[-0.00,+0.10](+0.09) | +0.18[+0.05,+0.33] | +0.02[-0.04,+0.25] | +0.18[+0.05,+0.39] | +0.15[+0.01,+0.31] ; 0.32 0.50
2-8   0.3-0.6  mid   80/29   +0.09[+0.08,+0.10](+0.09) | +0.29[+0.10,+0.52] | -0.01[-0.05,+0.01] | +0.38[+0.13,+0.64] | +0.28[+0.03,+0.54] ; 0.30 0.68
2-8   0.3-0.6  hi    38/21   +0.13[+0.07,+0.16](+0.09) | -0.09[-0.23,+0.06] | +0.06[+0.02,+0.08] | +0.12[-0.07,+0.24] | +0.02[-0.15,+0.14] ; 0.32 0.44
2-8   0.3-0.6  all  337/86   +0.12[+0.08,+0.15](+0.09) | -0.07[-0.19,+0.08] | +0.05[+0.02,+0.07] | +0.13[+0.00,+0.25] | +0.03[-0.08,+0.15] ; 0.32 0.45
8-15  0.3-0.6  lo   326/91   +0.08[+0.07,+0.09](+0.09) | +0.13[-0.07,+0.31] | +0.02[-0.04,+0.05] | +0.35[+0.19,+0.61] | +0.10[-0.13,+0.32] ; 0.34 0.69
8-15  0.3-0.6  mid  210/139  +0.08[+0.07,+0.09](+0.09) | +0.16[+0.09,+0.24] | -0.01[-0.04,+0.04] | +0.25[+0.18,+0.35] | +0.14[+0.06,+0.25] ; 0.30 0.55
8-15  0.3-0.6  hi   147/107  +0.09[+0.07,+0.10](+0.09) | +0.03[-0.02,+0.07] | +0.02[+0.01,+0.04] | +0.14[+0.09,+0.18] | +0.04[-0.00,+0.08] ; 0.27 0.40
8-15  0.3-0.6  all  684/337  +0.09[+0.08,+0.10](+0.09) | +0.04[+0.01,+0.09] | +0.02[+0.00,+0.03] | +0.15[+0.11,+0.20] | +0.05[+0.01,+0.10] ; 0.27 0.43
15-22 0.3-0.6  lo   391/100  +0.08[+0.08,+0.09](+0.09) | +0.24[+0.16,+0.33] | -0.02[-0.13,+0.05] | +0.20[+0.11,+0.30] | +0.11[+0.02,+0.21] ; 0.40 0.60
15-22 0.3-0.6  mid  192/121  +0.09[+0.08,+0.09](+0.09) | +0.24[+0.20,+0.28] | -0.02[-0.04,+0.01] | +0.30[+0.26,+0.35] | +0.20[+0.15,+0.25] ; 0.35 0.64
15-22 0.3-0.6  hi    82/83   +0.09[+0.08,+0.09](+0.09) | +0.15[+0.09,+0.20] | -0.00[-0.02,+0.01] | +0.24[+0.17,+0.29] | +0.13[+0.06,+0.19] ; 0.28 0.51
15-22 0.3-0.6  all  665/305  +0.09[+0.08,+0.09](+0.09) | +0.16[+0.12,+0.22] | -0.00[-0.03,+0.01] | +0.24[+0.18,+0.29] | +0.13[+0.07,+0.19] ; 0.31 0.54
>22   0.3-0.6  lo  1061/41   +0.07[+0.05,+0.08](+0.08) | +0.21[+0.07,+0.34] | -0.08[-0.12,-0.02] | +0.21[+0.09,+0.38] | +0.08[-0.05,+0.27] ; 0.43 0.63
>22   0.3-0.6  mid  576/77   +0.08[+0.08,+0.09](+0.09) | +0.21[+0.15,+0.25] | -0.09[-0.11,-0.03] | +0.19[+0.15,+0.27] | +0.09[+0.05,+0.16] ; 0.38 0.57
>22   0.3-0.6  hi   265/149  +0.09[+0.08,+0.09](+0.09) | +0.17[+0.12,+0.21] | -0.04[-0.07,+0.01] | +0.21[+0.15,+0.27] | +0.11[+0.05,+0.17] ; 0.31 0.52
>22   0.3-0.6  all 1903/267  +0.09[+0.08,+0.09](+0.09) | +0.17[+0.12,+0.20] | -0.06[-0.08,-0.00] | +0.18[+0.13,+0.25] | +0.08[+0.03,+0.14] ; 0.35 0.53
2-8   0.6-1.2  lo   194/42   +0.04[+0.03,+0.05](+0.04) | +0.05[-0.25,+0.26] | +0.00[-0.02,+0.07] | +0.16[+0.09,+0.22] | +0.02[-0.15,+0.12] ; 0.34 0.49
2-8   0.6-1.2  mid  143/31   +0.05[+0.02,+0.05](+0.05) | +0.10[-0.02,+0.22] | -0.02[-0.08,+0.01] | +0.10[+0.02,+0.22] | +0.00[-0.08,+0.12] ; 0.35 0.45
2-8   0.6-1.2  hi    54/27   +0.04[+0.02,+0.07](+0.06) | -0.14[-0.78,+0.37] | -0.01[-0.04,+0.02] | -0.12[-0.91,+0.24] | -0.22[-0.93,+0.18] ; 0.31 0.19
2-8   0.6-1.2  all  391/101  +0.04[+0.02,+0.06](+0.05) | -0.14[-0.79,+0.45] | -0.01[-0.03,+0.02] | -0.12[-0.93,+0.26] | -0.23[-0.95,+0.23] ; 0.32 0.20
8-15  0.6-1.2  lo   257/102  +0.04[+0.04,+0.05](+0.05) | +0.07[-0.00,+0.13] | -0.01[-0.05,+0.03] | +0.06[+0.00,+0.13] | -0.03[-0.08,+0.03] ; 0.36 0.42
8-15  0.6-1.2  mid  252/131  +0.05[+0.04,+0.05](+0.05) | +0.05[+0.02,+0.08] | -0.00[-0.03,+0.05] | +0.07[+0.03,+0.14] | -0.03[-0.07,+0.04] ; 0.33 0.40
8-15  0.6-1.2  hi   211/118  +0.05[+0.03,+0.07](+0.06) | -0.02[-0.07,+0.03] | -0.01[-0.03,+0.00] | +0.01[-0.06,+0.07] | -0.09[-0.15,-0.03] ; 0.33 0.34
8-15  0.6-1.2  all  721/352  +0.05[+0.03,+0.06](+0.05) | -0.01[-0.06,+0.04] | -0.01[-0.02,+0.00] | +0.02[-0.05,+0.08] | -0.08[-0.14,-0.02] ; 0.33 0.35
15-22 0.6-1.2  lo   271/115  +0.04[+0.04,+0.05](+0.05) | +0.03[-0.04,+0.08] | +0.03[+0.00,+0.08] | +0.06[-0.01,+0.12] | -0.04[-0.13,+0.02] ; 0.33 0.39
15-22 0.6-1.2  mid  227/114  +0.05[+0.04,+0.05](+0.05) | +0.04[+0.01,+0.09] | -0.00[-0.04,+0.02] | +0.06[+0.01,+0.10] | -0.04[-0.09,+0.01] ; 0.33 0.39
15-22 0.6-1.2  hi   181/83   +0.04[+0.02,+0.05](+0.05) | -0.01[-0.04,+0.07] | +0.02[-0.01,+0.03] | +0.04[+0.00,+0.13] | -0.05[-0.08,+0.03] ; 0.31 0.35
15-22 0.6-1.2  all  679/311  +0.04[+0.02,+0.05](+0.05) | -0.00[-0.03,+0.07] | +0.02[-0.01,+0.03] | +0.04[+0.01,+0.12] | -0.05[-0.08,+0.02] ; 0.31 0.35
>22   0.6-1.2  lo   617/94   +0.04[+0.04,+0.05](+0.05) | +0.08[+0.02,+0.16] | +0.00[-0.06,+0.03] | +0.05[-0.01,+0.14] | -0.05[-0.12,+0.05] ; 0.30 0.35
>22   0.6-1.2  mid  599/87   +0.05[+0.04,+0.05](+0.05) | +0.04[+0.02,+0.10] | -0.01[-0.04,+0.02] | +0.05[+0.02,+0.12] | -0.05[-0.08,+0.02] ; 0.30 0.35
>22   0.6-1.2  hi   700/88   +0.05[+0.04,+0.05](+0.05) | -0.02[-0.08,+0.05] | -0.00[-0.03,+0.03] | +0.02[-0.03,+0.07] | -0.08[-0.13,-0.03] ; 0.29 0.31
>22   0.6-1.2  all 1916/269  +0.05[+0.04,+0.05](+0.05) | -0.01[-0.07,+0.06] | -0.00[-0.03,+0.02] | +0.02[-0.02,+0.07] | -0.08[-0.12,-0.03] ; 0.29 0.32

== T64B - V282   cols: x->sp(pred) | sp->act | act->pose | x->pose logged | x->pose COMMON  ; V282 abs x->pose, T abs x->pose
2-8   0.15-0.3 mid   46/22   +0.11[+0.10,+0.13](+0.11) | +0.20[+0.07,+0.34] | -0.01[-0.04,+0.05] | +0.29[+0.13,+0.49] | +0.19[+0.04,+0.39] ; 0.42 0.71
2-8   0.15-0.3 hi    27/37   +0.12[+0.07,+0.13](+0.11) | -0.20[-0.27,-0.09] | -0.01[-0.04,+0.01] | -0.09[-0.25,+0.02] | -0.18[-0.34,-0.07] ; 0.44 0.35
2-8   0.15-0.3 all  242/73   +0.12[+0.07,+0.13](+0.11) | -0.19[-0.27,-0.08] | -0.01[-0.04,+0.01] | -0.08[-0.23,+0.02] | -0.17[-0.33,-0.07] ; 0.44 0.36
8-15  0.15-0.3 lo   360/61   +0.10[+0.09,+0.12](+0.11) | +0.19[-0.08,+0.35] | -0.02[-0.06,+0.02] | +0.24[-0.05,+0.43] | +0.15[-0.12,+0.34] ; 0.36 0.59
8-15  0.15-0.3 mid  147/115  +0.11[+0.11,+0.12](+0.11) | +0.23[+0.13,+0.32] | -0.01[-0.03,+0.01] | +0.32[+0.22,+0.42] | +0.22[+0.12,+0.32] ; 0.35 0.67
8-15  0.15-0.3 hi    85/80   +0.11[+0.10,+0.12](+0.11) | -0.01[-0.10,+0.11] | -0.00[-0.01,+0.02] | +0.10[+0.01,+0.22] | -0.00[-0.08,+0.12] ; 0.33 0.42
8-15  0.15-0.3 all  592/256  +0.11[+0.10,+0.12](+0.11) | +0.02[-0.06,+0.13] | -0.00[-0.01,+0.01] | +0.12[+0.04,+0.24] | +0.03[-0.05,+0.14] ; 0.33 0.45
15-22 0.15-0.3 mid  175/58   +0.11[+0.11,+0.12](+0.11) | +0.29[+0.18,+0.36] | -0.02[-0.06,+0.00] | +0.38[+0.24,+0.47] | +0.28[+0.14,+0.36] ; 0.35 0.73
15-22 0.15-0.3 hi    95/67   +0.11[+0.11,+0.12](+0.11) | +0.05[-0.06,+0.16] | +0.01[-0.02,+0.04] | +0.17[+0.07,+0.28] | +0.07[-0.03,+0.17] ; 0.27 0.44
15-22 0.15-0.3 all  636/145  +0.11[+0.11,+0.12](+0.11) | +0.07[-0.04,+0.19] | +0.00[-0.03,+0.02] | +0.18[+0.06,+0.31] | +0.08[-0.04,+0.21] ; 0.30 0.48
>22   0.15-0.3 lo   924/25   +0.12[+0.11,+0.13](+0.11) | +0.09[+0.03,+0.16] | -0.13[-0.18,-0.03] | +0.01[-0.05,+0.20] | -0.10[-0.16,+0.07] ; 0.45 0.46
>22   0.15-0.3 mid  636/29   +0.11[+0.10,+0.11](+0.11) | +0.10[-0.05,+0.17] | -0.03[-0.09,+0.03] | +0.18[-0.06,+0.29] | +0.08[-0.16,+0.19] ; 0.31 0.49
>22   0.15-0.3 hi   317/35   +0.11[+0.11,+0.12](+0.11) | +0.09[-0.00,+0.15] | -0.01[-0.07,+0.04] | +0.19[+0.05,+0.31] | +0.09[-0.05,+0.21] ; 0.22 0.41
>22   0.15-0.3 all 1877/90   +0.11[+0.11,+0.12](+0.11) | +0.08[-0.02,+0.14] | -0.02[-0.08,+0.02] | +0.17[+0.01,+0.28] | +0.07[-0.09,+0.18] ; 0.25 0.42
2-8   0.3-0.6  mid   80/30   +0.09[+0.07,+0.10](+0.09) | +0.06[-0.13,+0.19] | +0.01[-0.03,+0.03] | +0.15[-0.10,+0.30] | +0.03[-0.21,+0.18] ; 0.30 0.45
2-8   0.3-0.6  hi    38/51   +0.11[+0.08,+0.13](+0.09) | -0.15[-0.26,-0.05] | +0.03[+0.01,+0.04] | -0.00[-0.11,+0.09] | -0.11[-0.21,-0.02] ; 0.32 0.32
2-8   0.3-0.6  all  337/100  +0.11[+0.08,+0.12](+0.09) | -0.14[-0.23,-0.06] | +0.02[+0.01,+0.04] | +0.00[-0.09,+0.08] | -0.10[-0.19,-0.02] ; 0.32 0.32
8-15  0.3-0.6  lo   326/95   +0.09[+0.08,+0.09](+0.09) | +0.16[+0.05,+0.23] | +0.00[-0.05,+0.03] | +0.23[+0.09,+0.32] | +0.14[-0.00,+0.22] ; 0.34 0.57
8-15  0.3-0.6  mid  210/99   +0.09[+0.09,+0.10](+0.09) | +0.09[+0.03,+0.15] | -0.02[-0.05,+0.03] | +0.16[+0.09,+0.25] | +0.06[-0.01,+0.15] ; 0.30 0.46
8-15  0.3-0.6  hi   147/85   +0.09[+0.08,+0.11](+0.09) | -0.04[-0.15,+0.09] | +0.02[+0.00,+0.04] | +0.08[-0.02,+0.22] | -0.03[-0.13,+0.11] ; 0.27 0.34
8-15  0.3-0.6  all  684/280  +0.09[+0.08,+0.11](+0.09) | -0.03[-0.13,+0.09] | +0.01[+0.00,+0.03] | +0.08[-0.03,+0.21] | -0.02[-0.13,+0.10] ; 0.27 0.36
15-22 0.3-0.6  lo   391/39   +0.09[+0.08,+0.09](+0.09) | +0.11[-0.10,+0.21] | -0.01[-0.10,+0.06] | +0.10[-0.08,+0.19] | -0.01[-0.19,+0.09] ; 0.40 0.50
15-22 0.3-0.6  mid  192/48   +0.09[+0.09,+0.09](+0.09) | +0.13[-0.02,+0.21] | -0.02[-0.04,+0.01] | +0.19[+0.01,+0.28] | +0.09[-0.09,+0.18] ; 0.35 0.54
15-22 0.3-0.6  hi    82/64   +0.09[+0.08,+0.09](+0.09) | +0.05[-0.01,+0.14] | +0.00[-0.02,+0.02] | +0.14[+0.06,+0.24] | +0.04[-0.04,+0.14] ; 0.28 0.41
15-22 0.3-0.6  all  665/151  +0.09[+0.08,+0.09](+0.09) | +0.05[-0.01,+0.15] | -0.00[-0.03,+0.01] | +0.12[+0.04,+0.24] | +0.03[-0.06,+0.13] ; 0.31 0.43
>22   0.3-0.6  lo  1061/21   +0.08[+0.07,+0.09](+0.09) | +0.00[-0.36,+0.15] | -0.07[-0.11,-0.03] | -0.02[-0.38,+0.13] | -0.13[-0.45,+0.02] ; 0.43 0.41
>22   0.3-0.6  mid  576/38   +0.09[+0.08,+0.09](+0.09) | +0.18[+0.00,+0.24] | -0.06[-0.10,+0.01] | +0.19[+0.03,+0.26] | +0.09[-0.07,+0.16] ; 0.38 0.58
>22   0.3-0.6  hi   265/35   +0.09[+0.08,+0.09](+0.09) | +0.18[+0.11,+0.20] | -0.06[-0.09,-0.01] | +0.19[+0.15,+0.24] | +0.09[+0.05,+0.14] ; 0.31 0.50
>22   0.3-0.6  all 1903/93   +0.09[+0.08,+0.09](+0.09) | +0.17[+0.08,+0.21] | -0.06[-0.09,-0.01] | +0.17[+0.12,+0.23] | +0.07[+0.02,+0.13] ; 0.35 0.51
2-8   0.6-1.2  lo   194/30   +0.04[+0.03,+0.05](+0.05) | +0.02[-0.11,+0.11] | +0.04[-0.03,+0.16] | +0.02[-0.09,+0.14] | -0.07[-0.16,+0.02] ; 0.34 0.36
2-8   0.6-1.2  mid  143/36   +0.05[+0.04,+0.06](+0.05) | +0.01[-0.08,+0.05] | -0.02[-0.05,+0.02] | +0.04[-0.01,+0.07] | -0.06[-0.13,-0.03] ; 0.35 0.39
2-8   0.6-1.2  hi    54/50   +0.05[+0.03,+0.07](+0.06) | -0.01[-0.09,+0.05] | -0.00[-0.03,+0.02] | +0.03[-0.07,+0.12] | -0.07[-0.16,+0.01] ; 0.31 0.34
2-8   0.6-1.2  all  391/116  +0.05[+0.03,+0.06](+0.06) | -0.01[-0.08,+0.04] | -0.00[-0.03,+0.02] | +0.02[-0.07,+0.09] | -0.08[-0.16,-0.01] ; 0.32 0.34
8-15  0.6-1.2  lo   257/91   +0.04[+0.04,+0.05](+0.05) | +0.04[+0.01,+0.06] | -0.00[-0.03,+0.04] | +0.00[-0.04,+0.05] | -0.09[-0.13,-0.04] ; 0.36 0.36
8-15  0.6-1.2  mid  252/81   +0.05[+0.04,+0.06](+0.05) | -0.00[-0.04,+0.03] | -0.01[-0.04,+0.04] | +0.03[+0.00,+0.09] | -0.07[-0.11,-0.01] ; 0.33 0.37
8-15  0.6-1.2  hi   211/116  +0.06[+0.05,+0.08](+0.06) | -0.13[-0.16,-0.05] | -0.00[-0.02,+0.01] | -0.08[-0.11,-0.01] | -0.18[-0.22,-0.11] ; 0.33 0.25
8-15  0.6-1.2  all  721/289  +0.06[+0.05,+0.07](+0.06) | -0.13[-0.16,-0.05] | +0.00[-0.01,+0.01] | -0.08[-0.11,-0.01] | -0.18[-0.21,-0.11] ; 0.33 0.25
15-22 0.6-1.2  lo   271/34   +0.04[+0.04,+0.05](+0.05) | +0.02[-0.01,+0.10] | +0.08[+0.03,+0.12] | +0.02[-0.01,+0.09] | -0.06[-0.10,+0.02] ; 0.33 0.36
15-22 0.6-1.2  mid  227/42   +0.05[+0.04,+0.05](+0.05) | +0.01[-0.06,+0.22] | +0.01[-0.03,+0.04] | -0.00[-0.12,+0.17] | -0.09[-0.20,+0.12] ; 0.33 0.32
15-22 0.6-1.2  hi   181/79   +0.05[+0.04,+0.05](+0.06) | -0.09[-0.11,-0.05] | +0.02[-0.01,+0.03] | -0.03[-0.07,+0.00] | -0.13[-0.16,-0.10] ; 0.31 0.28
15-22 0.6-1.2  all  679/155  +0.05[+0.04,+0.05](+0.05) | -0.09[-0.10,+0.01] | +0.02[-0.00,+0.03] | -0.03[-0.07,+0.00] | -0.13[-0.16,-0.10] ; 0.31 0.28
>22   0.6-1.2  lo   617/36   +0.05[+0.05,+0.06](+0.06) | -0.01[-0.06,+0.05] | +0.02[-0.07,+0.06] | -0.05[-0.12,-0.01] | -0.14[-0.22,-0.09] ; 0.30 0.25
>22   0.6-1.2  mid  599/27   +0.05[+0.05,+0.06](+0.05) | -0.03[-0.09,+0.03] | +0.03[-0.03,+0.05] | +0.01[-0.04,+0.05] | -0.10[-0.14,-0.04] ; 0.30 0.31
>22   0.6-1.2  hi   700/32   +0.05[+0.04,+0.05](+0.05) | -0.04[-0.07,-0.00] | -0.00[-0.03,+0.04] | -0.01[-0.04,+0.07] | -0.11[-0.14,-0.03] ; 0.29 0.28
>22   0.6-1.2  all 1916/95   +0.05[+0.05,+0.05](+0.05) | -0.04[-0.07,+0.01] | +0.01[-0.02,+0.04] | -0.01[-0.05,+0.06] | -0.11[-0.15,-0.04] ; 0.29 0.29

== T5 - V282   cols: x->sp(pred) | sp->act | act->pose | x->pose logged | x->pose COMMON  ; V282 abs x->pose, T abs x->pose
2-8   0.15-0.3 all  242/23   +0.27[+0.21,+0.29](+0.25) | -0.05[-0.18,+0.13] | -0.01[-0.04,+0.02] | +0.23[+0.07,+0.43] | +0.12[-0.04,+0.33] ; 0.44 0.67
8-15  0.15-0.3 hi    85/49   +0.26[+0.23,+0.27](+0.25) | -0.03[-0.12,+0.15] | +0.01[-0.01,+0.03] | +0.24[+0.16,+0.41] | +0.15[+0.06,+0.31] ; 0.33 0.56
8-15  0.15-0.3 all  592/59   +0.26[+0.24,+0.27](+0.24) | -0.02[-0.10,+0.13] | +0.01[-0.01,+0.03] | +0.24[+0.17,+0.38] | +0.14[+0.08,+0.29] ; 0.33 0.57
15-22 0.15-0.3 mid  175/41   +0.25[+0.25,+0.29](+0.25) | +0.27[+0.12,+0.30] | -0.04[-0.07,-0.01] | +0.48[+0.30,+0.52] | +0.39[+0.20,+0.43] ; 0.35 0.83
15-22 0.15-0.3 hi    95/71   +0.26[+0.25,+0.26](+0.25) | +0.19[+0.09,+0.29] | +0.00[-0.04,+0.02] | +0.44[+0.34,+0.54] | +0.35[+0.25,+0.45] ; 0.27 0.70
15-22 0.15-0.3 all  636/119  +0.25[+0.25,+0.26](+0.25) | +0.18[+0.08,+0.27] | -0.01[-0.04,+0.01] | +0.42[+0.31,+0.50] | +0.33[+0.22,+0.41] ; 0.30 0.72
>22   0.15-0.3 mid  636/26   +0.26[+0.24,+0.27](+0.25) | +0.34[+0.30,+0.36] | -0.05[-0.09,+0.04] | +0.57[+0.50,+0.62] | +0.47[+0.40,+0.53] ; 0.31 0.87
>22   0.15-0.3 hi   317/94   +0.25[+0.25,+0.26](+0.25) | +0.23[+0.17,+0.28] | -0.01[-0.05,+0.02] | +0.47[+0.39,+0.54] | +0.38[+0.30,+0.45] ; 0.22 0.69
>22   0.15-0.3 all 1877/125  +0.25[+0.25,+0.26](+0.25) | +0.22[+0.15,+0.27] | -0.02[-0.05,+0.01] | +0.44[+0.36,+0.52] | +0.35[+0.27,+0.42] ; 0.25 0.69
2-8   0.3-0.6  all  337/34   +0.25[+0.19,+0.31](+0.25) | -0.24[-0.33,-0.01] | +0.01[-0.02,+0.03] | +0.04[-0.11,+0.32] | -0.04[-0.17,+0.21] ; 0.32 0.36
8-15  0.3-0.6  hi   147/40   +0.21[+0.16,+0.26](+0.24) | +0.02[-0.04,+0.06] | +0.00[-0.02,+0.02] | +0.25[+0.14,+0.32] | +0.16[+0.07,+0.23] ; 0.27 0.51
8-15  0.3-0.6  all  684/72   +0.22[+0.16,+0.26](+0.24) | +0.01[-0.05,+0.05] | -0.00[-0.02,+0.02] | +0.24[+0.13,+0.30] | +0.15[+0.06,+0.21] ; 0.27 0.51
15-22 0.3-0.6  mid  192/56   +0.24[+0.23,+0.25](+0.24) | +0.02[-0.10,+0.09] | -0.02[-0.06,+0.01] | +0.21[+0.06,+0.31] | +0.12[-0.03,+0.22] ; 0.35 0.55
15-22 0.3-0.6  hi    82/56   +0.24[+0.23,+0.25](+0.24) | +0.13[+0.05,+0.17] | -0.00[-0.03,+0.01] | +0.36[+0.27,+0.41] | +0.27[+0.18,+0.32] ; 0.28 0.64
15-22 0.3-0.6  all  665/131  +0.24[+0.23,+0.24](+0.24) | +0.10[+0.04,+0.14] | -0.01[-0.03,+0.01] | +0.32[+0.23,+0.37] | +0.23[+0.14,+0.28] ; 0.31 0.63
>22   0.3-0.6  lo  1061/34   +0.22[+0.18,+0.24](+0.24) | +0.06[-0.15,+0.13] | -0.11[-0.15,-0.06] | +0.16[-0.13,+0.26] | +0.06[-0.22,+0.15] ; 0.43 0.58
>22   0.3-0.6  mid  576/46   +0.23[+0.20,+0.24](+0.24) | +0.14[+0.03,+0.21] | -0.10[-0.13,-0.04] | +0.28[+0.18,+0.35] | +0.18[+0.09,+0.26] ; 0.38 0.66
>22   0.3-0.6  hi   265/61   +0.24[+0.23,+0.24](+0.24) | +0.09[+0.03,+0.16] | -0.07[-0.09,-0.02] | +0.27[+0.20,+0.35] | +0.17[+0.11,+0.25] ; 0.31 0.58
>22   0.3-0.6  all 1903/142  +0.24[+0.23,+0.24](+0.24) | +0.09[+0.02,+0.15] | -0.08[-0.10,-0.03] | +0.24[+0.17,+0.32] | +0.15[+0.08,+0.23] ; 0.35 0.59
2-8   0.6-1.2  all  391/41   +0.22[+0.17,+0.25](+0.25) | -0.09[-0.21,-0.00] | +0.01[-0.04,+0.04] | +0.13[-0.24,+0.26] | +0.03[-0.18,+0.17] ; 0.32 0.46
8-15  0.6-1.2  lo   257/21   +0.23[+0.21,+0.26](+0.24) | -0.08[-0.46,+0.27] | +0.06[+0.02,+0.10] | -0.04[-0.46,+0.09] | -0.16[-0.57,+0.01] ; 0.36 0.32
8-15  0.6-1.2  mid  252/24   +0.22[+0.21,+0.24](+0.24) | -0.14[-0.30,-0.03] | +0.01[-0.02,+0.05] | +0.03[-0.15,+0.13] | -0.07[-0.25,+0.04] ; 0.33 0.36
8-15  0.6-1.2  hi   211/34   +0.19[+0.16,+0.24](+0.24) | -0.15[-0.21,-0.05] | -0.02[-0.04,-0.01] | -0.01[-0.09,+0.12] | -0.08[-0.14,+0.04] ; 0.33 0.32
8-15  0.6-1.2  all  721/79   +0.19[+0.16,+0.23](+0.24) | -0.15[-0.20,-0.06] | -0.01[-0.02,-0.00] | -0.01[-0.09,+0.10] | -0.08[-0.15,+0.02] ; 0.33 0.32
15-22 0.6-1.2  lo   271/41   +0.23[+0.22,+0.24](+0.23) | +0.01[-0.13,+0.23] | +0.03[-0.01,+0.10] | +0.04[-0.07,+0.20] | -0.06[-0.24,+0.15] ; 0.33 0.37
15-22 0.6-1.2  mid  227/54   +0.21[+0.21,+0.22](+0.24) | -0.10[-0.16,+0.01] | -0.00[-0.04,+0.03] | +0.04[-0.02,+0.11] | -0.05[-0.11,+0.02] ; 0.33 0.36
15-22 0.6-1.2  hi   181/40   +0.22[+0.20,+0.23](+0.24) | -0.04[-0.17,+0.04] | -0.01[-0.03,+0.03] | +0.11[-0.03,+0.16] | +0.02[-0.11,+0.08] ; 0.31 0.42
15-22 0.6-1.2  all  679/136  +0.22[+0.21,+0.22](+0.24) | -0.05[-0.14,+0.06] | -0.00[-0.03,+0.03] | +0.09[-0.00,+0.14] | -0.00[-0.09,+0.05] ; 0.31 0.40
>22   0.6-1.2  lo   617/53   +0.23[+0.21,+0.24](+0.24) | -0.02[-0.14,+0.13] | +0.04[-0.02,+0.07] | +0.02[-0.05,+0.06] | -0.08[-0.14,-0.04] ; 0.30 0.32
>22   0.6-1.2  mid  599/56   +0.23[+0.22,+0.24](+0.24) | -0.11[-0.13,-0.09] | -0.02[-0.06,+0.01] | +0.03[+0.00,+0.08] | -0.06[-0.09,-0.02] ; 0.30 0.33
>22   0.6-1.2  hi   700/41   +0.20[+0.18,+0.23](+0.24) | -0.12[-0.20,-0.07] | -0.00[-0.02,+0.02] | +0.06[+0.00,+0.09] | -0.02[-0.09,+0.04] ; 0.29 0.35
>22   0.6-1.2  all 1916/150  +0.21[+0.18,+0.23](+0.24) | -0.12[-0.17,-0.08] | -0.00[-0.02,+0.02] | +0.05[+0.01,+0.08] | -0.03[-0.08,+0.02] ; 0.29 0.34

== T4 - V282   cols: x->sp(pred) | sp->act | act->pose | x->pose logged | x->pose COMMON  ; V282 abs x->pose, T abs x->pose
2-8   0.15-0.3 lo   169/25   +0.25[+0.23,+0.27](+0.25) | -0.04[-0.26,+0.31] | -0.01[-0.14,+0.06] | +0.18[-0.08,+0.51] | +0.11[-0.15,+0.43] ; 0.46 0.65
2-8   0.15-0.3 mid   46/37   +0.25[+0.23,+0.27](+0.24) | +0.15[-0.04,+0.33] | -0.01[-0.04,+0.04] | +0.38[+0.18,+0.58] | +0.30[+0.10,+0.50] ; 0.42 0.80
2-8   0.15-0.3 hi    27/58   +0.26[+0.21,+0.28](+0.24) | -0.35[-0.49,-0.22] | +0.00[-0.04,+0.01] | -0.09[-0.23,+0.04] | -0.16[-0.31,-0.04] ; 0.44 0.35
2-8   0.15-0.3 all  242/119  +0.26[+0.22,+0.28](+0.24) | -0.35[-0.48,-0.22] | +0.00[-0.04,+0.01] | -0.08[-0.23,+0.03] | -0.16[-0.31,-0.05] ; 0.44 0.35
8-15  0.15-0.3 lo   360/129  +0.26[+0.24,+0.28](+0.24) | +0.24[+0.14,+0.34] | +0.00[-0.03,+0.05] | +0.53[+0.44,+0.66] | +0.43[+0.34,+0.56] ; 0.36 0.89
8-15  0.15-0.3 mid  147/91   +0.26[+0.25,+0.27](+0.24) | +0.13[+0.05,+0.21] | -0.01[-0.03,+0.01] | +0.38[+0.29,+0.46] | +0.29[+0.20,+0.38] ; 0.35 0.73
8-15  0.15-0.3 hi    85/79   +0.25[+0.24,+0.26](+0.24) | -0.13[-0.22,-0.01] | +0.01[-0.00,+0.03] | +0.14[+0.04,+0.26] | +0.06[-0.04,+0.17] ; 0.33 0.46
8-15  0.15-0.3 all  592/298  +0.25[+0.24,+0.26](+0.24) | -0.10[-0.18,-0.00] | +0.01[-0.01,+0.02] | +0.15[+0.07,+0.26] | +0.07[-0.01,+0.18] ; 0.33 0.48
15-22 0.15-0.3 mid  175/42   +0.25[+0.24,+0.27](+0.24) | +0.21[+0.11,+0.31] | -0.03[-0.07,-0.00] | +0.44[+0.33,+0.56] | +0.36[+0.24,+0.47] ; 0.35 0.79
15-22 0.15-0.3 hi    95/69   +0.25[+0.25,+0.27](+0.25) | +0.06[-0.04,+0.15] | +0.01[-0.03,+0.03] | +0.32[+0.23,+0.41] | +0.24[+0.14,+0.32] ; 0.27 0.59
15-22 0.15-0.3 all  636/116  +0.25[+0.25,+0.27](+0.25) | +0.05[-0.03,+0.14] | -0.00[-0.04,+0.02] | +0.31[+0.22,+0.40] | +0.22[+0.13,+0.32] ; 0.30 0.61
>22   0.15-0.3 mid  636/42   +0.25[+0.18,+0.25](+0.25) | +0.22[-0.07,+0.28] | -0.05[-0.19,+0.00] | +0.41[-0.10,+0.46] | +0.33[-0.17,+0.38] ; 0.31 0.71
>22   0.15-0.3 hi   317/33   +0.25[+0.24,+0.25](+0.25) | +0.21[+0.18,+0.23] | +0.00[-0.06,+0.04] | +0.46[+0.35,+0.51] | +0.38[+0.27,+0.43] ; 0.22 0.68
>22   0.15-0.3 all 1877/79   +0.25[+0.23,+0.25](+0.25) | +0.21[+0.03,+0.23] | -0.02[-0.08,+0.03] | +0.43[+0.14,+0.47] | +0.35[+0.07,+0.39] ; 0.25 0.69
2-8   0.3-0.6  lo   219/30   +0.25[+0.21,+0.27](+0.25) | +0.05[-0.13,+0.20] | -0.04[-0.13,+0.20] | +0.36[+0.16,+0.58] | +0.25[+0.06,+0.44] ; 0.32 0.68
2-8   0.3-0.6  mid   80/63   +0.25[+0.23,+0.26](+0.25) | -0.09[-0.25,+0.04] | +0.00[-0.03,+0.02] | +0.27[+0.12,+0.41] | +0.19[+0.05,+0.32] ; 0.30 0.57
2-8   0.3-0.6  hi    38/55   +0.25[+0.21,+0.27](+0.24) | -0.20[-0.40,-0.07] | +0.02[+0.00,+0.03] | +0.10[-0.11,+0.24] | +0.02[-0.19,+0.16] ; 0.32 0.42
2-8   0.3-0.6  all  337/148  +0.25[+0.21,+0.27](+0.24) | -0.19[-0.36,-0.05] | +0.02[+0.00,+0.04] | +0.10[-0.10,+0.25] | +0.02[-0.16,+0.16] ; 0.32 0.42
8-15  0.3-0.6  lo   326/117  +0.24[+0.22,+0.25](+0.25) | +0.00[-0.11,+0.09] | +0.00[-0.05,+0.03] | +0.29[+0.18,+0.37] | +0.20[+0.08,+0.28] ; 0.34 0.63
8-15  0.3-0.6  mid  210/118  +0.24[+0.24,+0.25](+0.25) | -0.03[-0.09,+0.03] | -0.03[-0.06,+0.02] | +0.21[+0.14,+0.32] | +0.13[+0.06,+0.23] ; 0.30 0.52
8-15  0.3-0.6  hi   147/84   +0.25[+0.24,+0.27](+0.24) | -0.12[-0.17,-0.06] | +0.01[-0.00,+0.03] | +0.16[+0.12,+0.22] | +0.08[+0.04,+0.13] ; 0.27 0.43
8-15  0.3-0.6  all  684/319  +0.25[+0.24,+0.26](+0.24) | -0.12[-0.16,-0.06] | +0.01[-0.00,+0.03] | +0.16[+0.13,+0.21] | +0.08[+0.04,+0.13] ; 0.27 0.43
15-22 0.3-0.6  lo   391/28   +0.24[+0.22,+0.27](+0.25) | +0.02[-0.07,+0.08] | -0.02[-0.12,+0.02] | +0.25[+0.05,+0.30] | +0.15[-0.04,+0.20] ; 0.40 0.65
15-22 0.3-0.6  mid  192/32   +0.23[+0.20,+0.25](+0.24) | -0.01[-0.07,+0.18] | -0.02[-0.05,-0.00] | +0.24[+0.19,+0.35] | +0.15[+0.11,+0.27] ; 0.35 0.58
15-22 0.3-0.6  hi    82/61   +0.23[+0.22,+0.24](+0.24) | +0.01[-0.03,+0.04] | -0.00[-0.03,+0.01] | +0.24[+0.18,+0.28] | +0.16[+0.10,+0.20] ; 0.28 0.52
15-22 0.3-0.6  all  665/121  +0.23[+0.22,+0.24](+0.24) | -0.00[-0.03,+0.03] | -0.01[-0.03,+0.00] | +0.22[+0.16,+0.26] | +0.14[+0.09,+0.18] ; 0.31 0.52
>22   0.3-0.6  lo  1061/34   +0.24[+0.23,+0.24](+0.24) | +0.06[-0.01,+0.10] | -0.14[-0.22,-0.06] | +0.16[+0.05,+0.25] | +0.07[-0.04,+0.17] ; 0.43 0.59
>22   0.3-0.6  mid  576/28   +0.25[+0.24,+0.26](+0.25) | +0.02[-0.02,+0.08] | -0.12[-0.14,-0.06] | +0.14[+0.09,+0.23] | +0.05[+0.01,+0.14] ; 0.38 0.52
>22   0.3-0.6  hi   265/20   +0.24[+0.23,+0.25](+0.24) | +0.08[+0.06,+0.10] | -0.07[-0.10,-0.00] | +0.25[+0.21,+0.31] | +0.17[+0.13,+0.23] ; 0.31 0.56
>22   0.3-0.6  all 1903/82   +0.24[+0.24,+0.25](+0.24) | +0.06[+0.04,+0.08] | -0.09[-0.11,-0.03] | +0.21[+0.17,+0.27] | +0.13[+0.09,+0.19] ; 0.35 0.55
2-8   0.6-1.2  lo   194/51   +0.21[+0.20,+0.24](+0.23) | -0.11[-0.24,+0.02] | +0.00[-0.05,+0.04] | +0.09[+0.02,+0.16] | -0.01[-0.08,+0.06] ; 0.34 0.43
2-8   0.6-1.2  mid  143/51   +0.22[+0.20,+0.23](+0.23) | -0.06[-0.18,+0.05] | -0.01[-0.07,+0.02] | +0.15[+0.09,+0.21] | +0.07[-0.01,+0.15] ; 0.35 0.49
2-8   0.6-1.2  hi    54/61   +0.25[+0.16,+0.28](+0.26) | -0.00[-0.09,+0.06] | -0.00[-0.03,+0.02] | -0.76[-0.83,+0.21] | +0.18[-0.84,+0.21] ; 0.31 -0.45
2-8   0.6-1.2  all  391/163  +0.24[+0.17,+0.27](+0.25) | -0.01[-0.08,+0.05] | -0.00[-0.03,+0.02] | -0.78[-0.85,+0.18] | +0.16[-0.85,+0.19] ; 0.32 -0.46
8-15  0.6-1.2  lo   257/127  +0.22[+0.21,+0.23](+0.23) | +0.03[-0.03,+0.11] | +0.02[-0.03,+0.06] | +0.10[+0.02,+0.20] | +0.04[-0.04,+0.13] ; 0.36 0.47
8-15  0.6-1.2  mid  252/106  +0.22[+0.22,+0.23](+0.24) | -0.01[-0.08,+0.04] | +0.00[-0.03,+0.06] | +0.14[+0.08,+0.21] | +0.06[+0.00,+0.13] ; 0.33 0.47
8-15  0.6-1.2  hi   211/94   +0.23[+0.22,+0.25](+0.24) | -0.24[-0.29,-0.08] | -0.01[-0.03,+0.00] | -0.03[-0.07,+0.13] | -0.11[-0.15,+0.05] ; 0.33 0.30
8-15  0.6-1.2  all  721/326  +0.23[+0.22,+0.24](+0.24) | -0.23[-0.28,-0.05] | -0.01[-0.02,+0.00] | -0.02[-0.07,+0.13] | -0.10[-0.15,+0.06] ; 0.33 0.30
15-22 0.6-1.2  lo   271/42   +0.20[+0.19,+0.22](+0.23) | -0.16[-0.25,-0.09] | +0.05[+0.03,+0.08] | -0.06[-0.16,+0.05] | -0.12[-0.21,-0.01] ; 0.33 0.27
15-22 0.6-1.2  mid  227/32   +0.22[+0.20,+0.24](+0.23) | -0.12[-0.19,-0.06] | +0.00[-0.03,+0.03] | +0.04[-0.05,+0.10] | -0.04[-0.13,+0.03] ; 0.33 0.36
15-22 0.6-1.2  hi   181/51   +0.20[+0.17,+0.23](+0.24) | -0.20[-0.24,-0.14] | +0.02[-0.00,+0.03] | +0.00[-0.06,+0.09] | -0.07[-0.13,+0.01] ; 0.31 0.31
15-22 0.6-1.2  all  679/124  +0.20[+0.17,+0.23](+0.24) | -0.19[-0.23,-0.14] | +0.02[+0.00,+0.03] | -0.00[-0.06,+0.07] | -0.08[-0.13,-0.01] ; 0.31 0.31
>22   0.6-1.2  lo   617/33   +0.21[+0.21,+0.31](+0.24) | +0.07[+0.00,+0.12] | +0.01[-0.14,+0.07] | -0.05[-0.10,+0.21] | -0.15[-0.19,+0.16] ; 0.30 0.25
>22   0.6-1.2  mid  599/34   +0.23[+0.21,+0.32](+0.24) | -0.05[-0.09,+0.01] | -0.00[-0.08,+0.04] | +0.04[+0.01,+0.14] | -0.04[-0.07,+0.03] ; 0.30 0.34
>22   0.6-1.2  all 1916/84   +0.22[+0.21,+0.24](+0.24) | -0.06[-0.08,-0.02] | -0.01[-0.06,+0.01] | +0.06[+0.02,+0.12] | -0.02[-0.06,+0.04] ; 0.29 0.35