# EVENTS (matched high-desired-jerk, s2 matcher): median paired gap vs V282, s  [route-2-sided 95% CI]
group    speed   pairs |              shaping |        loop+plant+RT |              vehicle |         TOTAL logged |   lead |         TOTAL common
T64      >=8        58 |  +0.060[+0.05,+0.10] |  +0.110[+0.00,+0.15] |  +0.000[-0.02,+0.02] |  +0.190[+0.08,+0.23] | +0.099 |  +0.090[-0.02,+0.13]
T64      8-15       10 |  +0.095[+0.05,+0.12] |  +0.005[-0.09,+0.11] |  +0.010[-0.01,+0.02] |  +0.135[+0.01,+0.21] | +0.099 |  +0.035[-0.09,+0.12]
T64      15-22      11 |  +0.070[+0.05,+0.12] |  +0.130[-0.05,+0.25] |  +0.010[-0.08,+0.08] |  +0.190[+0.04,+0.49] | +0.099 |  +0.090[-0.06,+0.39]
T64      >=22       37 |  +0.060[+0.03,+0.10] |  +0.140[-0.02,+0.16] |  -0.010[-0.04,+0.02] |  +0.200[-0.07,+0.25] | +0.099 |  +0.100[-0.17,+0.15]
T64B     >=8        52 |  +0.080[+0.04,+0.11] |  +0.060[+0.02,+0.13] |  +0.000[-0.04,+0.04] |  +0.185[+0.07,+0.29] | +0.106 |  +0.085[-0.03,+0.19]
T64B     8-15       15 |  +0.090[+0.02,+0.12] |  +0.030[-0.17,+0.23] |  +0.000[-0.01,+0.15] |  +0.150[-0.04,+0.43] | +0.106 |  +0.050[-0.14,+0.33]
T64B     15-22      15 |  +0.090[+0.08,+0.12] |  +0.040[-0.07,+0.18] |  -0.010[-0.05,+0.00] |  +0.150[-0.05,+0.29] | +0.106 |  +0.050[-0.15,+0.19]
T64B     >=22       22 |  +0.060[+0.01,+0.07] |  +0.120[+0.03,+0.17] |  +0.000[-0.03,+0.07] |  +0.200[+0.08,+0.35] | +0.106 |  +0.100[-0.02,+0.25]
T64+T64B >=8       107 |  +0.070[+0.05,+0.10] |  +0.090[-0.01,+0.14] |  +0.000[-0.02,+0.01] |  +0.190[+0.08,+0.23] | +0.102 |  +0.090[-0.02,+0.13]
T64+T64B 8-15       24 |  +0.090[+0.05,+0.11] |  -0.020[-0.06,+0.11] |  +0.000[-0.01,+0.02] |  +0.075[+0.01,+0.21] | +0.102 |  -0.025[-0.09,+0.11]
T64+T64B 15-22      24 |  +0.090[+0.06,+0.12] |  +0.075[-0.20,+0.21] |  +0.000[-0.04,+0.05] |  +0.120[-0.17,+0.29] | +0.102 |  +0.020[-0.27,+0.19]
T64+T64B >=22       59 |  +0.060[+0.02,+0.09] |  +0.120[+0.00,+0.16] |  +0.000[-0.04,+0.07] |  +0.200[+0.08,+0.35] | +0.102 |  +0.100[-0.02,+0.25]
T5       >=8        57 |  +0.230[+0.22,+0.24] |  +0.210[+0.16,+0.29] |  -0.010[-0.03,+0.01] |  +0.410[+0.36,+0.51] | +0.086 |  +0.320[+0.27,+0.42]
T5       8-15        8 |  +0.210[+0.16,+0.26] |  +0.075[-0.10,+0.16] |  -0.005[-0.02,+0.15] |  +0.290[+0.14,+0.51] | +0.086 |  +0.200[+0.05,+0.42]
T5       15-22      13 |  +0.230[+0.22,+0.27] |  +0.210[+0.08,+0.23] |  +0.010[-0.04,+0.02] |  +0.410[+0.34,+0.51] | +0.086 |  +0.320[+0.25,+0.42]
T5       >=22       36 |  +0.225[+0.21,+0.24] |  +0.235[+0.21,+0.35] |  -0.020[-0.04,+0.02] |  +0.410[+0.35,+0.55] | +0.086 |  +0.320[+0.26,+0.47]
T4       >=8        53 |  +0.230[+0.22,+0.24] |  +0.050[+0.00,+0.10] |  -0.010[-0.04,+0.00] |  +0.240[+0.20,+0.32] | +0.080 |  +0.160[+0.12,+0.24]
T4       8-15       15 |  +0.220[+0.19,+0.26] |  -0.070[-0.14,+0.05] |  +0.000[-0.01,+0.03] |  +0.200[+0.11,+0.32] | +0.080 |  +0.120[+0.04,+0.17]
T4       15-22      22 |  +0.240[+0.22,+0.25] |  +0.050[-0.04,+0.09] |  -0.020[-0.04,+0.00] |  +0.240[+0.18,+0.32] | +0.080 |  +0.160[+0.10,+0.24]
T4       >=22       16 |  +0.220[+0.21,+0.24] |  +0.165[+0.05,+0.30] |  -0.020[-0.07,+0.02] |  +0.410[+0.27,+0.57] | +0.080 |  +0.330[+0.19,+0.53]
V282old  >=8        92 |  +0.000[-0.03,+0.02] |  +0.000[-0.03,+0.06] |  +0.030[-0.01,+0.12] |  +0.045[-0.07,+0.22] | +0.000 |  +0.045[-0.07,+0.22]
V282old  8-15       14 |  -0.030[-0.08,+0.02] |  +0.085[-0.02,+0.24] |  +0.035[+0.00,+0.15] |  +0.140[+0.02,+0.45] | +0.000 |  +0.140[+0.02,+0.45]
V282old  15-22      16 |  +0.010[-0.01,+0.05] |  +0.000[-0.15,+0.08] |  +0.040[-0.06,+0.12] |  -0.005[-0.10,+0.13] | +0.000 |  -0.005[-0.10,+0.13]
V282old  >=22       62 |  +0.000[-0.03,+0.01] |  -0.010[-0.05,+0.01] |  +0.020[-0.03,+0.09] |  +0.025[-0.07,+0.25] | +0.000 |  +0.025[-0.07,+0.25]

# CELLS (speed x band x demand tercile, phase lag at the power-weighted frequency): gap vs V282, s [hier. bootstrap CI]; pred = transfer-function shaping gap
group speed band     terc  |              shaping (pred) |        loop+plant+RT |              vehicle |         TOTAL logged |         TOTAL common
T64   8-15  0.15-0.3 lo    |  +0.111[+0.10,+0.12](+0.110) |  +0.223[+0.07,+0.40] |  +0.009[-0.03,+0.06] |  +0.349[+0.18,+0.55] |  +0.238[+0.07,+0.44]
T64   8-15  0.15-0.3 mid   |  +0.117[+0.11,+0.13](+0.110) |  +0.250[+0.18,+0.33] |  +0.012[-0.01,+0.04] |  +0.377[+0.30,+0.47] |  +0.274[+0.19,+0.36]
T64   8-15  0.15-0.3 hi    |  +0.115[+0.10,+0.13](+0.110) |  -0.029[-0.12,+0.09] |  +0.014[-0.00,+0.04] |  +0.100[+0.01,+0.23] |  -0.001[-0.09,+0.12]
T64   8-15  0.15-0.3 all   |  +0.115[+0.10,+0.13](+0.110) |  +0.037[-0.04,+0.16] |  +0.014[+0.00,+0.04] |  +0.162[+0.08,+0.30] |  +0.061[-0.02,+0.20]
T64   15-22 0.15-0.3 lo    |  +0.121[+0.11,+0.14](+0.112) |  +0.249[+0.15,+0.37] |  -0.028[-0.06,+0.01] |  +0.313[+0.21,+0.46] |  +0.201[+0.09,+0.35]
T64   15-22 0.15-0.3 mid   |  +0.110[+0.11,+0.11](+0.111) |  +0.236[+0.16,+0.31] |  -0.014[-0.07,+0.02] |  +0.333[+0.24,+0.41] |  +0.231[+0.14,+0.30]
T64   15-22 0.15-0.3 hi    |  +0.111[+0.11,+0.12](+0.110) |  +0.005[-0.09,+0.16] |  +0.005[-0.03,+0.05] |  +0.117[+0.02,+0.27] |  +0.016[-0.08,+0.17]
T64   15-22 0.15-0.3 all   |  +0.113[+0.11,+0.12](+0.111) |  +0.161[+0.07,+0.31] |  -0.001[-0.04,+0.02] |  +0.272[+0.16,+0.42] |  +0.169[+0.06,+0.31]
T64   >22   0.15-0.3 lo    |  +0.112[+0.11,+0.12](+0.111) |  +0.115[+0.05,+0.15] |  -0.078[-0.13,+0.04] |  +0.135[+0.02,+0.29] |  +0.026[-0.09,+0.17]
T64   >22   0.15-0.3 mid   |  +0.111[+0.11,+0.11](+0.111) |  +0.104[-0.01,+0.18] |  -0.032[-0.07,+0.04] |  +0.179[+0.03,+0.31] |  +0.077[-0.07,+0.21]
T64   >22   0.15-0.3 hi    |  +0.108[+0.11,+0.11](+0.110) |  +0.013[-0.05,+0.07] |  -0.025[-0.07,+0.01] |  +0.094[+0.03,+0.15] |  -0.005[-0.07,+0.05]
T64   >22   0.15-0.3 all   |  +0.109[+0.11,+0.11](+0.110) |  +0.058[-0.00,+0.14] |  -0.025[-0.06,+0.02] |  +0.136[+0.06,+0.24] |  +0.036[-0.04,+0.14]
T64   8-15  0.3-0.6  lo    |  +0.081[+0.07,+0.09](+0.088) |  +0.126[-0.07,+0.31] |  +0.016[-0.04,+0.05] |  +0.348[+0.19,+0.61] |  +0.104[-0.13,+0.32]
T64   8-15  0.3-0.6  mid   |  +0.084[+0.07,+0.09](+0.087) |  +0.160[+0.09,+0.24] |  -0.007[-0.04,+0.04] |  +0.248[+0.18,+0.35] |  +0.136[+0.06,+0.25]
T64   8-15  0.3-0.6  hi    |  +0.086[+0.07,+0.10](+0.088) |  +0.027[-0.02,+0.07] |  +0.022[+0.01,+0.04] |  +0.138[+0.09,+0.18] |  +0.040[-0.00,+0.08]
T64   8-15  0.3-0.6  all   |  +0.086[+0.08,+0.10](+0.088) |  +0.043[+0.01,+0.09] |  +0.018[+0.00,+0.03] |  +0.151[+0.11,+0.20] |  +0.049[+0.01,+0.10]
T64   15-22 0.3-0.6  lo    |  +0.082[+0.08,+0.09](+0.087) |  +0.238[+0.16,+0.33] |  -0.024[-0.13,+0.05] |  +0.201[+0.11,+0.30] |  +0.106[+0.02,+0.21]
T64   15-22 0.3-0.6  mid   |  +0.088[+0.08,+0.09](+0.088) |  +0.242[+0.20,+0.28] |  -0.015[-0.04,+0.01] |  +0.298[+0.26,+0.35] |  +0.196[+0.15,+0.25]
T64   15-22 0.3-0.6  hi    |  +0.087[+0.08,+0.09](+0.089) |  +0.148[+0.09,+0.20] |  -0.000[-0.02,+0.01] |  +0.238[+0.17,+0.29] |  +0.132[+0.06,+0.19]
T64   15-22 0.3-0.6  all   |  +0.087[+0.08,+0.09](+0.089) |  +0.165[+0.12,+0.22] |  -0.004[-0.03,+0.01] |  +0.239[+0.18,+0.29] |  +0.134[+0.07,+0.19]
T64   >22   0.3-0.6  lo    |  +0.073[+0.05,+0.08](+0.083) |  +0.211[+0.07,+0.34] |  -0.079[-0.12,-0.02] |  +0.209[+0.09,+0.38] |  +0.084[-0.05,+0.27]
T64   >22   0.3-0.6  mid   |  +0.085[+0.08,+0.09](+0.088) |  +0.205[+0.15,+0.25] |  -0.091[-0.11,-0.03] |  +0.191[+0.15,+0.27] |  +0.087[+0.05,+0.16]
T64   >22   0.3-0.6  hi    |  +0.086[+0.08,+0.09](+0.089) |  +0.171[+0.12,+0.21] |  -0.044[-0.07,+0.01] |  +0.207[+0.15,+0.27] |  +0.106[+0.05,+0.17]
T64   >22   0.3-0.6  all   |  +0.086[+0.08,+0.09](+0.089) |  +0.167[+0.12,+0.20] |  -0.058[-0.08,-0.00] |  +0.180[+0.13,+0.25] |  +0.078[+0.03,+0.14]
T64   8-15  0.6-1.2  lo    |  +0.043[+0.04,+0.05](+0.049) |  +0.071[-0.00,+0.13] |  -0.005[-0.05,+0.03] |  +0.057[+0.00,+0.13] |  -0.033[-0.08,+0.03]
T64   8-15  0.6-1.2  mid   |  +0.046[+0.04,+0.05](+0.052) |  +0.048[+0.02,+0.08] |  -0.004[-0.03,+0.05] |  +0.068[+0.03,+0.14] |  -0.030[-0.07,+0.04]
T64   8-15  0.6-1.2  hi    |  +0.048[+0.03,+0.07](+0.055) |  -0.023[-0.07,+0.03] |  -0.011[-0.03,+0.00] |  +0.015[-0.06,+0.07] |  -0.086[-0.15,-0.03]
T64   8-15  0.6-1.2  all   |  +0.047[+0.03,+0.06](+0.055) |  -0.014[-0.06,+0.04] |  -0.009[-0.02,+0.00] |  +0.021[-0.05,+0.08] |  -0.080[-0.14,-0.02]
T64   15-22 0.6-1.2  lo    |  +0.042[+0.04,+0.05](+0.049) |  +0.034[-0.04,+0.08] |  +0.029[+0.00,+0.08] |  +0.059[-0.01,+0.12] |  -0.042[-0.13,+0.02]
T64   15-22 0.6-1.2  mid   |  +0.045[+0.04,+0.05](+0.049) |  +0.042[+0.01,+0.09] |  -0.004[-0.04,+0.02] |  +0.059[+0.01,+0.10] |  -0.039[-0.09,+0.01]
T64   15-22 0.6-1.2  hi    |  +0.036[+0.02,+0.05](+0.051) |  -0.010[-0.04,+0.07] |  +0.017[-0.01,+0.03] |  +0.038[+0.00,+0.13] |  -0.050[-0.08,+0.03]
T64   15-22 0.6-1.2  all   |  +0.037[+0.02,+0.05](+0.050) |  -0.003[-0.03,+0.07] |  +0.016[-0.01,+0.03] |  +0.039[+0.01,+0.12] |  -0.051[-0.08,+0.02]
T64   >22   0.6-1.2  lo    |  +0.044[+0.04,+0.05](+0.049) |  +0.081[+0.02,+0.16] |  +0.002[-0.06,+0.03] |  +0.047[-0.01,+0.14] |  -0.054[-0.12,+0.05]
T64   >22   0.6-1.2  mid   |  +0.048[+0.04,+0.05](+0.051) |  +0.043[+0.02,+0.10] |  -0.006[-0.04,+0.02] |  +0.052[+0.02,+0.12] |  -0.049[-0.08,+0.02]
T64   >22   0.6-1.2  hi    |  +0.050[+0.04,+0.05](+0.052) |  -0.018[-0.08,+0.05] |  -0.002[-0.03,+0.03] |  +0.018[-0.03,+0.07] |  -0.082[-0.13,-0.03]
T64   >22   0.6-1.2  all   |  +0.049[+0.04,+0.05](+0.052) |  -0.006[-0.07,+0.06] |  -0.002[-0.03,+0.02] |  +0.024[-0.02,+0.07] |  -0.076[-0.12,-0.03]
T64B  8-15  0.15-0.3 lo    |  +0.104[+0.09,+0.12](+0.109) |  +0.187[-0.08,+0.35] |  -0.019[-0.06,+0.02] |  +0.235[-0.05,+0.43] |  +0.155[-0.12,+0.34]
T64B  8-15  0.15-0.3 mid   |  +0.113[+0.11,+0.12](+0.109) |  +0.229[+0.13,+0.32] |  -0.013[-0.03,+0.01] |  +0.324[+0.22,+0.42] |  +0.223[+0.12,+0.32]
T64B  8-15  0.15-0.3 hi    |  +0.110[+0.10,+0.12](+0.110) |  -0.008[-0.10,+0.11] |  -0.002[-0.01,+0.02] |  +0.096[+0.01,+0.22] |  -0.001[-0.08,+0.12]
T64B  8-15  0.15-0.3 all   |  +0.110[+0.10,+0.12](+0.110) |  +0.022[-0.06,+0.13] |  -0.004[-0.01,+0.01] |  +0.122[+0.04,+0.24] |  +0.025[-0.05,+0.14]
T64B  15-22 0.15-0.3 mid   |  +0.112[+0.11,+0.12](+0.111) |  +0.290[+0.18,+0.36] |  -0.024[-0.06,+0.00] |  +0.380[+0.24,+0.47] |  +0.277[+0.14,+0.36]
T64B  15-22 0.15-0.3 hi    |  +0.110[+0.11,+0.12](+0.110) |  +0.047[-0.06,+0.16] |  +0.013[-0.02,+0.04] |  +0.171[+0.07,+0.28] |  +0.071[-0.03,+0.17]
T64B  15-22 0.15-0.3 all   |  +0.110[+0.11,+0.12](+0.110) |  +0.071[-0.04,+0.19] |  +0.003[-0.03,+0.02] |  +0.181[+0.06,+0.31] |  +0.081[-0.04,+0.21]
T64B  >22   0.15-0.3 lo    |  +0.116[+0.11,+0.13](+0.110) |  +0.088[+0.03,+0.16] |  -0.134[-0.18,-0.03] |  +0.011[-0.05,+0.20] |  -0.098[-0.16,+0.07]
T64B  >22   0.15-0.3 mid   |  +0.111[+0.10,+0.11](+0.112) |  +0.097[-0.05,+0.17] |  -0.031[-0.09,+0.03] |  +0.183[-0.06,+0.29] |  +0.079[-0.16,+0.19]
T64B  >22   0.15-0.3 hi    |  +0.111[+0.11,+0.12](+0.110) |  +0.089[-0.00,+0.15] |  -0.012[-0.07,+0.04] |  +0.192[+0.05,+0.31] |  +0.090[-0.05,+0.21]
T64B  >22   0.15-0.3 all   |  +0.111[+0.11,+0.12](+0.110) |  +0.081[-0.02,+0.14] |  -0.024[-0.08,+0.02] |  +0.168[+0.01,+0.28] |  +0.066[-0.09,+0.18]
T64B  8-15  0.3-0.6  lo    |  +0.087[+0.08,+0.09](+0.089) |  +0.164[+0.05,+0.23] |  +0.000[-0.05,+0.03] |  +0.231[+0.09,+0.32] |  +0.136[-0.00,+0.22]
T64B  8-15  0.3-0.6  mid   |  +0.092[+0.09,+0.10](+0.089) |  +0.086[+0.03,+0.15] |  -0.018[-0.05,+0.03] |  +0.160[+0.09,+0.25] |  +0.057[-0.01,+0.15]
T64B  8-15  0.3-0.6  hi    |  +0.091[+0.08,+0.11](+0.089) |  -0.040[-0.15,+0.09] |  +0.019[+0.00,+0.04] |  +0.078[-0.02,+0.22] |  -0.027[-0.13,+0.11]
T64B  8-15  0.3-0.6  all   |  +0.091[+0.08,+0.11](+0.089) |  -0.030[-0.13,+0.09] |  +0.014[+0.00,+0.03] |  +0.082[-0.03,+0.21] |  -0.022[-0.13,+0.10]
T64B  15-22 0.3-0.6  lo    |  +0.085[+0.08,+0.09](+0.090) |  +0.106[-0.10,+0.21] |  -0.011[-0.10,+0.06] |  +0.100[-0.08,+0.19] |  -0.011[-0.19,+0.09]
T64B  15-22 0.3-0.6  mid   |  +0.090[+0.09,+0.09](+0.091) |  +0.131[-0.02,+0.21] |  -0.020[-0.04,+0.01] |  +0.192[+0.01,+0.28] |  +0.090[-0.09,+0.18]
T64B  15-22 0.3-0.6  hi    |  +0.087[+0.08,+0.09](+0.091) |  +0.053[-0.01,+0.14] |  +0.004[-0.02,+0.02] |  +0.138[+0.06,+0.24] |  +0.040[-0.04,+0.14]
T64B  15-22 0.3-0.6  all   |  +0.088[+0.08,+0.09](+0.091) |  +0.054[-0.01,+0.15] |  -0.001[-0.03,+0.01] |  +0.125[+0.04,+0.24] |  +0.026[-0.06,+0.13]
T64B  >22   0.3-0.6  lo    |  +0.083[+0.07,+0.09](+0.087) |  +0.003[-0.36,+0.15] |  -0.070[-0.11,-0.03] |  -0.019[-0.38,+0.13] |  -0.132[-0.45,+0.02]
T64B  >22   0.3-0.6  mid   |  +0.086[+0.08,+0.09](+0.087) |  +0.176[+0.00,+0.24] |  -0.057[-0.10,+0.01] |  +0.194[+0.03,+0.26] |  +0.091[-0.07,+0.16]
T64B  >22   0.3-0.6  hi    |  +0.087[+0.08,+0.09](+0.089) |  +0.177[+0.11,+0.20] |  -0.064[-0.09,-0.01] |  +0.188[+0.15,+0.24] |  +0.088[+0.05,+0.14]
T64B  >22   0.3-0.6  all   |  +0.086[+0.08,+0.09](+0.089) |  +0.165[+0.08,+0.21] |  -0.064[-0.09,-0.01] |  +0.168[+0.12,+0.23] |  +0.066[+0.02,+0.13]
T64B  8-15  0.6-1.2  lo    |  +0.045[+0.04,+0.05](+0.053) |  +0.035[+0.01,+0.06] |  -0.005[-0.03,+0.04] |  +0.001[-0.04,+0.05] |  -0.093[-0.13,-0.04]
T64B  8-15  0.6-1.2  mid   |  +0.050[+0.04,+0.06](+0.054) |  -0.003[-0.04,+0.03] |  -0.012[-0.04,+0.04] |  +0.035[+0.00,+0.09] |  -0.069[-0.11,-0.01]
T64B  8-15  0.6-1.2  hi    |  +0.059[+0.05,+0.08](+0.058) |  -0.132[-0.16,-0.05] |  -0.002[-0.02,+0.01] |  -0.079[-0.11,-0.01] |  -0.181[-0.22,-0.11]
T64B  8-15  0.6-1.2  all   |  +0.057[+0.05,+0.07](+0.057) |  -0.127[-0.16,-0.05] |  +0.001[-0.01,+0.01] |  -0.076[-0.11,-0.01] |  -0.178[-0.21,-0.11]
T64B  15-22 0.6-1.2  lo    |  +0.043[+0.04,+0.05](+0.049) |  +0.015[-0.01,+0.10] |  +0.075[+0.03,+0.12] |  +0.025[-0.01,+0.09] |  -0.059[-0.10,+0.02]
T64B  15-22 0.6-1.2  mid   |  +0.047[+0.04,+0.05](+0.052) |  +0.013[-0.06,+0.22] |  +0.011[-0.03,+0.04] |  -0.004[-0.12,+0.17] |  -0.091[-0.20,+0.12]
T64B  15-22 0.6-1.2  hi    |  +0.050[+0.04,+0.05](+0.056) |  -0.088[-0.11,-0.05] |  +0.019[-0.01,+0.03] |  -0.029[-0.07,+0.00] |  -0.129[-0.16,-0.10]
T64B  15-22 0.6-1.2  all   |  +0.049[+0.04,+0.05](+0.055) |  -0.085[-0.10,+0.01] |  +0.023[-0.00,+0.03] |  -0.033[-0.07,+0.00] |  -0.132[-0.16,-0.10]
T64B  >22   0.6-1.2  lo    |  +0.050[+0.05,+0.06](+0.055) |  -0.007[-0.06,+0.05] |  +0.022[-0.07,+0.06] |  -0.051[-0.12,-0.01] |  -0.143[-0.22,-0.09]
T64B  >22   0.6-1.2  mid   |  +0.052[+0.05,+0.06](+0.055) |  -0.030[-0.09,+0.03] |  +0.029[-0.03,+0.05] |  +0.006[-0.04,+0.05] |  -0.095[-0.14,-0.04]
T64B  >22   0.6-1.2  hi    |  +0.050[+0.04,+0.05](+0.054) |  -0.043[-0.07,-0.00] |  -0.000[-0.03,+0.04] |  -0.007[-0.04,+0.07] |  -0.108[-0.14,-0.03]
T64B  >22   0.6-1.2  all   |  +0.050[+0.05,+0.05](+0.054) |  -0.039[-0.07,+0.01] |  +0.006[-0.02,+0.04] |  -0.006[-0.05,+0.06] |  -0.107[-0.15,-0.04]
T5    8-15  0.15-0.3 hi    |  +0.256[+0.23,+0.27](+0.245) |  -0.026[-0.12,+0.15] |  +0.011[-0.01,+0.03] |  +0.238[+0.16,+0.41] |  +0.145[+0.06,+0.31]
T5    8-15  0.15-0.3 all   |  +0.255[+0.24,+0.27](+0.245) |  -0.022[-0.10,+0.13] |  +0.008[-0.01,+0.03] |  +0.236[+0.17,+0.38] |  +0.143[+0.08,+0.29]
T5    15-22 0.15-0.3 mid   |  +0.253[+0.25,+0.29](+0.247) |  +0.273[+0.12,+0.30] |  -0.040[-0.07,-0.01] |  +0.478[+0.30,+0.52] |  +0.387[+0.20,+0.43]
T5    15-22 0.15-0.3 hi    |  +0.255[+0.25,+0.26](+0.249) |  +0.185[+0.09,+0.29] |  +0.001[-0.04,+0.02] |  +0.436[+0.34,+0.54] |  +0.346[+0.25,+0.45]
T5    15-22 0.15-0.3 all   |  +0.255[+0.25,+0.26](+0.249) |  +0.182[+0.08,+0.27] |  -0.010[-0.04,+0.01] |  +0.417[+0.31,+0.50] |  +0.328[+0.22,+0.41]
T5    >22   0.15-0.3 mid   |  +0.258[+0.24,+0.27](+0.250) |  +0.344[+0.30,+0.36] |  -0.052[-0.09,+0.04] |  +0.568[+0.50,+0.62] |  +0.471[+0.40,+0.53]
T5    >22   0.15-0.3 hi    |  +0.251[+0.25,+0.26](+0.251) |  +0.230[+0.17,+0.28] |  -0.010[-0.05,+0.02] |  +0.469[+0.39,+0.54] |  +0.379[+0.30,+0.45]
T5    >22   0.15-0.3 all   |  +0.252[+0.25,+0.26](+0.251) |  +0.219[+0.15,+0.27] |  -0.024[-0.05,+0.01] |  +0.440[+0.36,+0.52] |  +0.350[+0.27,+0.42]
T5    8-15  0.3-0.6  hi    |  +0.215[+0.16,+0.26](+0.245) |  +0.024[-0.04,+0.06] |  +0.001[-0.02,+0.02] |  +0.247[+0.14,+0.32] |  +0.164[+0.07,+0.23]
T5    8-15  0.3-0.6  all   |  +0.217[+0.16,+0.26](+0.245) |  +0.013[-0.05,+0.05] |  -0.001[-0.02,+0.02] |  +0.237[+0.13,+0.30] |  +0.152[+0.06,+0.21]
T5    15-22 0.3-0.6  mid   |  +0.240[+0.23,+0.25](+0.245) |  +0.021[-0.10,+0.09] |  -0.022[-0.06,+0.01] |  +0.209[+0.06,+0.31] |  +0.125[-0.03,+0.22]
T5    15-22 0.3-0.6  hi    |  +0.240[+0.23,+0.25](+0.245) |  +0.128[+0.05,+0.17] |  -0.003[-0.03,+0.01] |  +0.362[+0.27,+0.41] |  +0.273[+0.18,+0.32]
T5    15-22 0.3-0.6  all   |  +0.241[+0.23,+0.24](+0.245) |  +0.105[+0.04,+0.14] |  -0.006[-0.03,+0.01] |  +0.321[+0.23,+0.37] |  +0.232[+0.14,+0.28]
T5    >22   0.3-0.6  lo    |  +0.218[+0.18,+0.24](+0.240) |  +0.063[-0.15,+0.13] |  -0.113[-0.15,-0.06] |  +0.156[-0.13,+0.26] |  +0.057[-0.22,+0.15]
T5    >22   0.3-0.6  mid   |  +0.231[+0.20,+0.24](+0.238) |  +0.141[+0.03,+0.21] |  -0.104[-0.13,-0.04] |  +0.276[+0.18,+0.35] |  +0.183[+0.09,+0.26]
T5    >22   0.3-0.6  hi    |  +0.237[+0.23,+0.24](+0.243) |  +0.095[+0.03,+0.16] |  -0.069[-0.09,-0.02] |  +0.267[+0.20,+0.35] |  +0.175[+0.11,+0.25]
T5    >22   0.3-0.6  all   |  +0.236[+0.23,+0.24](+0.242) |  +0.089[+0.02,+0.15] |  -0.081[-0.10,-0.03] |  +0.240[+0.17,+0.32] |  +0.147[+0.08,+0.23]
T5    8-15  0.6-1.2  lo    |  +0.230[+0.21,+0.26](+0.238) |  -0.084[-0.46,+0.27] |  +0.060[+0.02,+0.10] |  -0.040[-0.46,+0.09] |  -0.159[-0.57,+0.01]
T5    8-15  0.6-1.2  mid   |  +0.222[+0.21,+0.24](+0.239) |  -0.143[-0.30,-0.03] |  +0.006[-0.02,+0.05] |  +0.030[-0.15,+0.13] |  -0.067[-0.25,+0.04]
T5    8-15  0.6-1.2  hi    |  +0.187[+0.16,+0.24](+0.240) |  -0.152[-0.21,-0.05] |  -0.020[-0.04,-0.01] |  -0.007[-0.09,+0.12] |  -0.077[-0.14,+0.04]
T5    8-15  0.6-1.2  all   |  +0.189[+0.16,+0.23](+0.239) |  -0.150[-0.20,-0.06] |  -0.012[-0.02,-0.00] |  -0.007[-0.09,+0.10] |  -0.079[-0.15,+0.02]
T5    15-22 0.6-1.2  lo    |  +0.230[+0.22,+0.24](+0.233) |  +0.006[-0.13,+0.23] |  +0.031[-0.01,+0.10] |  +0.040[-0.07,+0.20] |  -0.059[-0.24,+0.15]
T5    15-22 0.6-1.2  mid   |  +0.213[+0.21,+0.22](+0.239) |  -0.097[-0.16,+0.01] |  -0.001[-0.04,+0.03] |  +0.037[-0.02,+0.11] |  -0.053[-0.11,+0.02]
T5    15-22 0.6-1.2  hi    |  +0.218[+0.20,+0.23](+0.241) |  -0.040[-0.17,+0.04] |  -0.005[-0.03,+0.03] |  +0.108[-0.03,+0.16] |  +0.021[-0.11,+0.08]
T5    15-22 0.6-1.2  all   |  +0.218[+0.21,+0.22](+0.240) |  -0.051[-0.14,+0.06] |  -0.002[-0.03,+0.03] |  +0.086[-0.00,+0.14] |  -0.001[-0.09,+0.05]
T5    >22   0.6-1.2  lo    |  +0.226[+0.21,+0.24](+0.242) |  -0.015[-0.14,+0.13] |  +0.038[-0.02,+0.07] |  +0.018[-0.05,+0.06] |  -0.082[-0.14,-0.04]
T5    >22   0.6-1.2  mid   |  +0.225[+0.22,+0.24](+0.242) |  -0.106[-0.13,-0.09] |  -0.021[-0.06,+0.01] |  +0.033[+0.00,+0.08] |  -0.060[-0.09,-0.02]
T5    >22   0.6-1.2  hi    |  +0.204[+0.18,+0.23](+0.239) |  -0.124[-0.20,-0.07] |  -0.001[-0.02,+0.02] |  +0.055[+0.00,+0.09] |  -0.022[-0.09,+0.04]
T5    >22   0.6-1.2  all   |  +0.210[+0.18,+0.23](+0.240) |  -0.116[-0.17,-0.08] |  -0.003[-0.02,+0.02] |  +0.049[+0.01,+0.08] |  -0.032[-0.08,+0.02]
T4    8-15  0.15-0.3 lo    |  +0.257[+0.24,+0.28](+0.243) |  +0.238[+0.14,+0.34] |  +0.005[-0.03,+0.05] |  +0.528[+0.44,+0.66] |  +0.435[+0.34,+0.56]
T4    8-15  0.15-0.3 mid   |  +0.259[+0.25,+0.27](+0.245) |  +0.129[+0.05,+0.21] |  -0.015[-0.03,+0.01] |  +0.377[+0.29,+0.46] |  +0.292[+0.20,+0.38]
T4    8-15  0.15-0.3 hi    |  +0.251[+0.24,+0.26](+0.244) |  -0.125[-0.22,-0.01] |  +0.009[-0.00,+0.03] |  +0.136[+0.04,+0.26] |  +0.055[-0.04,+0.17]
T4    8-15  0.15-0.3 all   |  +0.251[+0.24,+0.26](+0.244) |  -0.105[-0.18,-0.00] |  +0.006[-0.01,+0.02] |  +0.152[+0.07,+0.26] |  +0.071[-0.01,+0.18]
T4    15-22 0.15-0.3 mid   |  +0.248[+0.24,+0.27](+0.244) |  +0.212[+0.11,+0.31] |  -0.033[-0.07,-0.00] |  +0.443[+0.33,+0.56] |  +0.357[+0.24,+0.47]
T4    15-22 0.15-0.3 hi    |  +0.254[+0.25,+0.27](+0.247) |  +0.055[-0.04,+0.15] |  +0.006[-0.03,+0.03] |  +0.323[+0.23,+0.41] |  +0.239[+0.14,+0.32]
T4    15-22 0.15-0.3 all   |  +0.254[+0.25,+0.27](+0.247) |  +0.055[-0.03,+0.14] |  -0.004[-0.04,+0.02] |  +0.309[+0.22,+0.40] |  +0.225[+0.13,+0.32]
T4    >22   0.15-0.3 mid   |  +0.248[+0.18,+0.25](+0.247) |  +0.218[-0.07,+0.28] |  -0.053[-0.19,+0.00] |  +0.408[-0.10,+0.46] |  +0.328[-0.17,+0.38]
T4    >22   0.15-0.3 hi    |  +0.247[+0.24,+0.25](+0.248) |  +0.214[+0.18,+0.23] |  +0.002[-0.06,+0.04] |  +0.462[+0.35,+0.51] |  +0.382[+0.27,+0.43]
T4    >22   0.15-0.3 all   |  +0.247[+0.23,+0.25](+0.248) |  +0.209[+0.03,+0.23] |  -0.017[-0.08,+0.03] |  +0.433[+0.14,+0.47] |  +0.353[+0.07,+0.39]
T4    8-15  0.3-0.6  lo    |  +0.242[+0.22,+0.25](+0.248) |  +0.003[-0.11,+0.09] |  +0.003[-0.05,+0.03] |  +0.294[+0.18,+0.37] |  +0.199[+0.08,+0.28]
T4    8-15  0.3-0.6  mid   |  +0.244[+0.24,+0.25](+0.246) |  -0.032[-0.09,+0.03] |  -0.025[-0.06,+0.02] |  +0.212[+0.14,+0.32] |  +0.129[+0.06,+0.23]
T4    8-15  0.3-0.6  hi    |  +0.250[+0.24,+0.27](+0.244) |  -0.120[-0.17,-0.06] |  +0.015[-0.00,+0.03] |  +0.162[+0.12,+0.22] |  +0.079[+0.04,+0.13]
T4    8-15  0.3-0.6  all   |  +0.250[+0.24,+0.26](+0.244) |  -0.116[-0.16,-0.06] |  +0.012[-0.00,+0.03] |  +0.160[+0.13,+0.21] |  +0.077[+0.04,+0.13]
T4    15-22 0.3-0.6  lo    |  +0.242[+0.22,+0.27](+0.251) |  +0.025[-0.07,+0.08] |  -0.016[-0.12,+0.02] |  +0.252[+0.05,+0.30] |  +0.154[-0.04,+0.20]
T4    15-22 0.3-0.6  mid   |  +0.233[+0.20,+0.25](+0.244) |  -0.007[-0.07,+0.18] |  -0.024[-0.05,-0.00] |  +0.239[+0.19,+0.35] |  +0.151[+0.11,+0.27]
T4    15-22 0.3-0.6  hi    |  +0.230[+0.22,+0.24](+0.242) |  +0.008[-0.03,+0.04] |  -0.002[-0.03,+0.01] |  +0.243[+0.18,+0.28] |  +0.165[+0.10,+0.20]
T4    15-22 0.3-0.6  all   |  +0.231[+0.22,+0.24](+0.242) |  -0.004[-0.03,+0.03] |  -0.006[-0.03,+0.00] |  +0.219[+0.16,+0.26] |  +0.140[+0.09,+0.18]
T4    >22   0.3-0.6  lo    |  +0.237[+0.23,+0.24](+0.243) |  +0.056[-0.01,+0.10] |  -0.137[-0.22,-0.06] |  +0.160[+0.05,+0.25] |  +0.073[-0.04,+0.17]
T4    >22   0.3-0.6  mid   |  +0.253[+0.24,+0.26](+0.249) |  +0.022[-0.02,+0.08] |  -0.122[-0.14,-0.06] |  +0.136[+0.09,+0.23] |  +0.054[+0.01,+0.14]
T4    >22   0.3-0.6  hi    |  +0.239[+0.23,+0.25](+0.244) |  +0.084[+0.06,+0.10] |  -0.069[-0.10,-0.00] |  +0.250[+0.21,+0.31] |  +0.170[+0.13,+0.23]
T4    >22   0.3-0.6  all   |  +0.242[+0.24,+0.25](+0.245) |  +0.064[+0.04,+0.08] |  -0.090[-0.11,-0.03] |  +0.207[+0.17,+0.27] |  +0.126[+0.09,+0.19]
T4    8-15  0.6-1.2  lo    |  +0.223[+0.21,+0.23](+0.232) |  +0.028[-0.03,+0.11] |  +0.022[-0.03,+0.06] |  +0.105[+0.02,+0.20] |  +0.043[-0.04,+0.13]
T4    8-15  0.6-1.2  mid   |  +0.223[+0.22,+0.23](+0.236) |  -0.014[-0.08,+0.04] |  +0.002[-0.03,+0.06] |  +0.135[+0.08,+0.21] |  +0.061[+0.00,+0.13]
T4    8-15  0.6-1.2  hi    |  +0.230[+0.22,+0.25](+0.236) |  -0.241[-0.29,-0.08] |  -0.009[-0.03,+0.00] |  -0.028[-0.07,+0.13] |  -0.108[-0.15,+0.05]
T4    8-15  0.6-1.2  all   |  +0.228[+0.22,+0.24](+0.236) |  -0.229[-0.28,-0.05] |  -0.005[-0.02,+0.00] |  -0.024[-0.07,+0.13] |  -0.103[-0.15,+0.06]
T4    15-22 0.6-1.2  lo    |  +0.200[+0.19,+0.22](+0.229) |  -0.162[-0.25,-0.09] |  +0.051[+0.03,+0.08] |  -0.062[-0.16,+0.05] |  -0.122[-0.21,-0.01]
T4    15-22 0.6-1.2  mid   |  +0.219[+0.20,+0.24](+0.235) |  -0.124[-0.19,-0.06] |  +0.004[-0.03,+0.03] |  +0.035[-0.05,+0.10] |  -0.041[-0.13,+0.03]
T4    15-22 0.6-1.2  hi    |  +0.202[+0.17,+0.23](+0.237) |  -0.199[-0.24,-0.14] |  +0.019[-0.00,+0.03] |  +0.000[-0.06,+0.09] |  -0.074[-0.13,+0.01]
T4    15-22 0.6-1.2  all   |  +0.203[+0.17,+0.23](+0.236) |  -0.193[-0.23,-0.14] |  +0.020[+0.00,+0.03] |  -0.002[-0.06,+0.07] |  -0.076[-0.13,-0.01]
T4    >22   0.6-1.2  lo    |  +0.214[+0.21,+0.31](+0.236) |  +0.067[+0.00,+0.12] |  +0.015[-0.14,+0.07] |  -0.055[-0.10,+0.21] |  -0.149[-0.19,+0.16]
T4    >22   0.6-1.2  mid   |  +0.226[+0.21,+0.32](+0.236) |  -0.048[-0.09,+0.01] |  -0.003[-0.08,+0.04] |  +0.045[+0.01,+0.14] |  -0.039[-0.07,+0.03]
T4    >22   0.6-1.2  all   |  +0.221[+0.21,+0.24](+0.237) |  -0.056[-0.08,-0.02] |  -0.014[-0.06,+0.01] |  +0.060[+0.02,+0.12] |  -0.021[-0.06,+0.04]
V282old8-15  0.15-0.3 lo    |  +0.001[-0.01,+0.01](-0.000) |  +0.056[-0.01,+0.18] |  +0.067[+0.03,+0.14] |  +0.100[+0.02,+0.30] |  +0.100[+0.02,+0.30]
V282old8-15  0.15-0.3 mid   |  +0.005[-0.01,+0.01](+0.000) |  +0.037[-0.02,+0.17] |  +0.035[+0.01,+0.07] |  +0.073[+0.00,+0.21] |  +0.073[+0.00,+0.21]
V282old8-15  0.15-0.3 hi    |  -0.005[-0.02,+0.02](+0.002) |  +0.106[-0.07,+0.23] |  +0.032[+0.02,+0.05] |  +0.134[-0.04,+0.26] |  +0.134[-0.04,+0.26]
V282old8-15  0.15-0.3 all   |  -0.003[-0.02,+0.01](+0.002) |  +0.093[-0.02,+0.20] |  +0.034[+0.02,+0.05] |  +0.123[+0.01,+0.23] |  +0.123[+0.01,+0.23]
V282old15-22 0.15-0.3 lo    |  +0.004[-0.00,+0.01](+0.003) |  +0.015[-0.10,+0.15] |  +0.053[-0.02,+0.14] |  +0.023[-0.14,+0.22] |  +0.023[-0.14,+0.22]
V282old15-22 0.15-0.3 mid   |  +0.006[-0.00,+0.01](+0.003) |  +0.038[-0.04,+0.13] |  +0.041[-0.02,+0.10] |  +0.085[-0.05,+0.20] |  +0.085[-0.05,+0.20]
V282old15-22 0.15-0.3 hi    |  +0.005[-0.00,+0.02](+0.002) |  +0.021[-0.08,+0.10] |  +0.051[-0.01,+0.09] |  +0.077[-0.06,+0.16] |  +0.077[-0.06,+0.16]
V282old15-22 0.15-0.3 all   |  +0.005[-0.00,+0.02](+0.002) |  +0.029[-0.05,+0.11] |  +0.050[-0.01,+0.09] |  +0.080[-0.05,+0.17] |  +0.080[-0.05,+0.17]
V282old>22   0.15-0.3 lo    |  +0.003[-0.00,+0.01](+0.004) |  +0.059[-0.03,+0.13] |  -0.019[-0.07,+0.09] |  -0.013[-0.12,+0.14] |  -0.013[-0.12,+0.14]
V282old>22   0.15-0.3 mid   |  -0.001[-0.01,+0.00](+0.003) |  +0.038[-0.04,+0.08] |  +0.007[-0.02,+0.07] |  +0.025[-0.04,+0.09] |  +0.025[-0.04,+0.09]
V282old>22   0.15-0.3 hi    |  +0.000[-0.01,+0.00](+0.002) |  +0.060[+0.03,+0.08] |  +0.035[-0.01,+0.07] |  +0.093[+0.03,+0.13] |  +0.093[+0.03,+0.13]
V282old>22   0.15-0.3 all   |  +0.000[-0.00,+0.00](+0.003) |  +0.057[+0.02,+0.08] |  +0.026[-0.00,+0.06] |  +0.072[+0.02,+0.11] |  +0.072[+0.02,+0.11]
V282old8-15  0.3-0.6  lo    |  +0.004[-0.01,+0.01](-0.001) |  +0.031[-0.07,+0.16] |  +0.036[-0.03,+0.09] |  +0.039[-0.08,+0.17] |  +0.039[-0.08,+0.17]
V282old8-15  0.3-0.6  mid   |  -0.004[-0.02,+0.00](-0.004) |  +0.073[+0.03,+0.16] |  +0.013[-0.02,+0.06] |  +0.067[+0.02,+0.17] |  +0.067[+0.02,+0.17]
V282old8-15  0.3-0.6  hi    |  -0.010[-0.02,+0.01](-0.003) |  +0.070[+0.01,+0.15] |  +0.030[+0.01,+0.05] |  +0.087[+0.03,+0.18] |  +0.087[+0.03,+0.18]
V282old8-15  0.3-0.6  all   |  -0.009[-0.02,+0.01](-0.003) |  +0.068[+0.01,+0.15] |  +0.028[+0.01,+0.05] |  +0.081[+0.03,+0.16] |  +0.081[+0.03,+0.16]
V282old15-22 0.3-0.6  lo    |  -0.000[-0.01,+0.01](+0.000) |  +0.068[+0.02,+0.13] |  +0.077[-0.02,+0.13] |  +0.046[-0.05,+0.12] |  +0.046[-0.05,+0.12]
V282old15-22 0.3-0.6  mid   |  +0.003[-0.00,+0.01](+0.002) |  +0.025[-0.01,+0.07] |  +0.028[+0.00,+0.06] |  +0.036[-0.03,+0.11] |  +0.036[-0.03,+0.11]
V282old15-22 0.3-0.6  hi    |  -0.004[-0.02,+0.00](-0.000) |  +0.027[-0.02,+0.09] |  +0.016[-0.01,+0.04] |  +0.029[-0.03,+0.12] |  +0.029[-0.03,+0.12]
V282old15-22 0.3-0.6  all   |  -0.002[-0.01,+0.00](+0.000) |  +0.020[-0.02,+0.09] |  +0.019[-0.00,+0.06] |  +0.015[-0.04,+0.12] |  +0.015[-0.04,+0.12]
V282old>22   0.3-0.6  lo    |  +0.002[-0.00,+0.01](+0.003) |  +0.008[-0.04,+0.03] |  +0.005[-0.04,+0.05] |  -0.039[-0.10,+0.01] |  -0.039[-0.10,+0.01]
V282old>22   0.3-0.6  mid   |  +0.003[-0.00,+0.01](+0.004) |  +0.031[-0.00,+0.05] |  -0.002[-0.03,+0.06] |  +0.010[-0.04,+0.08] |  +0.010[-0.04,+0.08]
V282old>22   0.3-0.6  hi    |  +0.003[-0.00,+0.01](+0.004) |  +0.022[+0.00,+0.04] |  -0.019[-0.04,+0.04] |  -0.003[-0.04,+0.06] |  -0.003[-0.04,+0.06]
V282old>22   0.3-0.6  all   |  +0.003[-0.00,+0.01](+0.004) |  +0.017[-0.01,+0.04] |  -0.019[-0.04,+0.03] |  -0.020[-0.05,+0.04] |  -0.020[-0.05,+0.04]
V282old8-15  0.6-1.2  lo    |  -0.004[-0.01,+0.00](-0.003) |  +0.033[+0.01,+0.07] |  +0.000[-0.05,+0.03] |  -0.003[-0.04,+0.06] |  -0.003[-0.04,+0.06]
V282old8-15  0.6-1.2  mid   |  -0.006[-0.01,+0.00](-0.003) |  +0.041[+0.03,+0.08] |  +0.009[-0.02,+0.06] |  +0.034[+0.00,+0.11] |  +0.034[+0.00,+0.11]
V282old8-15  0.6-1.2  hi    |  -0.004[-0.02,+0.02](-0.001) |  +0.030[+0.00,+0.07] |  -0.013[-0.04,+0.00] |  +0.007[-0.04,+0.05] |  +0.007[-0.04,+0.05]
V282old8-15  0.6-1.2  all   |  -0.004[-0.01,+0.01](-0.002) |  +0.032[+0.01,+0.07] |  -0.009[-0.03,+0.01] |  +0.010[-0.02,+0.05] |  +0.010[-0.02,+0.05]
V282old15-22 0.6-1.2  lo    |  -0.007[-0.02,+0.00](-0.008) |  +0.011[-0.03,+0.04] |  +0.102[+0.07,+0.14] |  +0.010[-0.05,+0.05] |  +0.010[-0.05,+0.05]
V282old15-22 0.6-1.2  mid   |  -0.005[-0.01,-0.00](-0.005) |  -0.014[-0.05,+0.01] |  +0.035[-0.01,+0.06] |  -0.013[-0.09,+0.03] |  -0.013[-0.09,+0.03]
V282old15-22 0.6-1.2  hi    |  -0.001[-0.00,+0.00](-0.001) |  -0.042[-0.06,+0.01] |  +0.023[-0.01,+0.05] |  -0.033[-0.07,+0.03] |  -0.033[-0.07,+0.03]
V282old15-22 0.6-1.2  all   |  -0.002[-0.01,+0.00](-0.002) |  -0.035[-0.06,+0.01] |  +0.030[+0.01,+0.05] |  -0.029[-0.06,+0.03] |  -0.029[-0.06,+0.03]
V282old>22   0.6-1.2  lo    |  -0.003[-0.01,+0.01](-0.003) |  -0.013[-0.03,+0.01] |  +0.068[+0.01,+0.12] |  -0.017[-0.06,+0.01] |  -0.017[-0.06,+0.01]
V282old>22   0.6-1.2  mid   |  -0.003[-0.01,+0.00](-0.002) |  -0.024[-0.05,-0.01] |  +0.036[+0.01,+0.06] |  -0.011[-0.05,+0.02] |  -0.011[-0.05,+0.02]
V282old>22   0.6-1.2  hi    |  -0.003[-0.01,-0.00](-0.004) |  -0.022[-0.05,-0.01] |  +0.026[+0.01,+0.05] |  -0.006[-0.06,+0.02] |  -0.006[-0.06,+0.02]
V282old>22   0.6-1.2  all   |  -0.003[-0.01,-0.00](-0.004) |  -0.022[-0.05,-0.01] |  +0.029[+0.01,+0.05] |  -0.008[-0.05,+0.01] |  -0.008[-0.05,+0.01]