units x1e-4 output per deg/s; >0 damps, <0 feeds

=== rev64(T64+T64B) | v <3 m/s : 62 s, 33 blocks, 1.5-3.5 Hz rate rms 5.48 deg/s
   term         beq@0    beq@30                  CI@30    beq@60   per-route @30
   ctrl        +10.00     +8.98 [   +8.81,   +9.28]     +6.17   +9.14 +8.68
   u_log        +1.60     -5.27 [  -14.77,   +0.65]    -11.18   +0.14 -3.91
   u_e4         -0.11     -6.54 [  -15.92,   -0.42]    -11.76   -0.98 -4.92
   p_log        -0.81     -2.42 [   -3.69,   -1.31]     -3.55   -1.42 -1.95
   i_log        -0.09     -0.08 [   -0.09,   -0.07]     -0.05   -0.08 -0.06
   f_log        +2.49     -2.78 [  -11.06,   +2.03]     -7.59   +1.64 -1.90
   dob_log      -0.00     -0.00 [   -0.03,   +0.02]     -0.00   +0.01 -0.20
   hold         -1.57     -1.66 [   -3.06,   -0.95]     -1.46   -1.02 -1.17
   move         -2.90     -4.42 [   -7.12,   -2.37]     -5.12   -2.78 -3.75
   hyst         -0.08     -0.10 [   -0.92,   +0.50]     -0.09   +0.41 +0.23
   rl           +6.50     +3.22 [   +0.49,   +5.48]     -0.74   +5.28 +3.59
   rl_ff        -3.19     -4.87 [   -7.83,   -2.61]     -5.63   -3.06 -4.13
   rl_fb        +9.70     +8.08 [   +7.78,   +8.59]     +4.89   +8.34 +7.72
   p_sp         -1.77     -2.33 [   -3.73,   -1.24]     -2.46   -1.52 -1.84
   p_meas       +0.96     -0.09 [   -0.33,   +0.33]     -1.08   +0.10 -0.10
   ffwd         -9.51    -13.38 [  -22.70,   -6.94]    -14.77   -7.98 -10.66
   fbk         +10.56     +7.91 [   +7.39,   +8.83]     +3.75   +8.37 +7.35

=== rev64(T64+T64B) | v 3-6 m/s : 119 s, 57 blocks, 1.5-3.5 Hz rate rms 9.04 deg/s
   term         beq@0    beq@30                  CI@30    beq@60   per-route @30
   ctrl        +10.00     +8.93 [   +8.82,   +9.09]     +5.95   +8.88 +8.90 +8.98
   u_log        +6.69     +0.37 [   -2.89,   +3.93]     -5.96   +3.50 -1.72 -0.87
   u_e4         +5.31     -1.10 [   -4.46,   +2.74]     -7.15   +2.01 -3.56 -2.17
   p_log        +0.75     -0.85 [   -1.43,   -0.10]     -2.19   -0.41 -1.24 -0.98
   i_log        -0.07     -0.07 [   -0.08,   -0.06]     -0.06   -0.06 -0.08 -0.07
   f_log        +6.02     +1.29 [   -1.56,   +4.26]     -3.72   +3.98 -0.41 +0.18
   dob_log      -0.84     -0.88 [   -1.26,   -0.58]     -0.78   -1.06 -0.61 -0.87
   hold         -0.58     -0.74 [   -1.48,   -0.14]     -0.74   -0.30 -1.40 -0.76
   move         -1.02     -2.11 [   -3.11,   -1.00]     -2.76   -0.97 -2.48 -2.72
   hyst         -0.31     -0.42 [   -0.92,   -0.11]     -0.45   -0.02 -0.40 -0.69
   rl           +8.57     +5.68 [   +4.47,   +7.10]     +1.60   +6.81 +5.18 +5.13
   rl_ff        -1.10     -2.29 [   -3.36,   -1.08]     -3.00   -1.06 -2.72 -2.93
   rl_fb        +9.67     +7.97 [   +7.75,   +8.26]     +4.60   +7.87 +7.90 +8.06
   p_sp         -0.55     -1.02 [   -1.48,   -0.49]     -1.28   -0.52 -1.28 -1.26
   p_meas       +1.30     +0.18 [   -0.08,   +0.49]     -0.91   +0.11 +0.03 +0.29
   ffwd         -3.55     -6.59 [  -10.03,   -3.02]     -8.23   -2.87 -8.28 -8.37
   fbk         +10.06     +7.20 [   +6.93,   +7.56]     +2.85   +6.86 +7.25 +7.40

=== rev64(T64+T64B) | v 6-8 m/s : 109 s, 68 blocks, 1.5-3.5 Hz rate rms 10.58 deg/s
   term         beq@0    beq@30                  CI@30    beq@60   per-route @30
   ctrl        +10.00     +9.00 [   +8.86,   +9.04]     +6.27   +8.89 +8.94 +9.03
   u_log        +3.87     -1.21 [   -3.43,   +5.31]     -6.27   +4.94 +4.18 -2.84
   u_e4         +2.84     -2.32 [   -4.58,   +4.39]     -7.21   +3.82 +3.33 -3.98
   p_log        +0.82     -0.58 [   -0.86,   +0.28]     -1.87   +0.05 +0.11 -0.77
   i_log        -0.06     -0.06 [   -0.07,   -0.05]     -0.06   -0.06 -0.06 -0.07
   f_log        +3.12     -0.56 [   -2.50,   +5.12]     -4.34   +4.94 +4.14 -2.00
   dob_log      -1.27     -1.32 [   -1.84,   -1.18]     -1.12   -1.64 -1.70 -1.22
   hold         -1.20     -1.20 [   -1.63,   -0.00]     -1.01   -0.09 -0.11 -1.51
   move         -1.99     -2.66 [   -3.47,   -0.28]     -2.90   -0.34 -0.72 -3.26
   hyst         -0.27     -0.41 [   -0.53,   -0.03]     -0.50   -0.04 -0.09 -0.51
   rl           +7.68     +5.45 [   +4.69,   +7.75]     +2.10   +7.55 +7.27 +4.90
   rl_ff        -1.99     -2.65 [   -3.46,   -0.28]     -2.89   -0.30 -0.73 -3.26
   rl_fb        +9.67     +8.10 [   +7.84,   +8.17]     +4.99   +7.85 +8.00 +8.15
   p_sp         -0.73     -1.05 [   -1.36,   -0.15]     -1.19   -0.14 -0.27 -1.28
   p_meas       +1.55     +0.46 [   +0.23,   +0.53]     -0.68   +0.19 +0.38 +0.52
   ffwd         -6.18     -7.97 [  -10.44,   -0.80]     -8.49   -0.91 -1.93 -9.82
   fbk          +9.89     +7.19 [   +6.40,   +7.42]     +3.13   +6.35 +6.62 +7.38

=== rev64(T64+T64B) | v 8-15 m/s : 597 s, 156 blocks, 1.5-3.5 Hz rate rms 4.45 deg/s
   term         beq@0    beq@30                  CI@30    beq@60   per-route @30
   ctrl        +10.00     +8.88 [   +8.82,   +8.94]     +5.81   +8.93 +8.83 +8.89
   u_log        +9.47     +5.74 [   +5.46,   +6.07]     +0.80   +4.35 +5.26 +5.92
   u_e4         +8.85     +4.80 [   +4.51,   +5.15]     -0.24   +3.53 +4.31 +4.96
   p_log        +1.62     +0.57 [   +0.48,   +0.68]     -0.56   +0.46 +0.44 +0.59
   i_log        -0.03     -0.04 [   -0.05,   -0.04]     -0.04   -0.04 -0.04 -0.04
   f_log        +7.88     +5.22 [   +5.00,   +5.45]     +1.41   +3.93 +4.86 +5.36
   dob_log      -1.98     -2.13 [   -2.26,   -2.00]     -1.89   -2.24 -1.95 -2.15
   hold         +0.00     -0.02 [   -0.07,   +0.02]     -0.04   -0.28 -0.09 +0.00
   move         +0.13     +0.04 [   -0.05,   +0.16]     -0.05   -0.32 -0.08 +0.08
   hyst         -0.05     -0.08 [   -0.18,   -0.01]     -0.10   -0.18 -0.12 -0.07
   rl           +9.67     +7.85 [   +7.68,   +8.03]     +4.35   +7.43 +7.56 +7.92
   rl_ff        +0.09     +0.02 [   -0.04,   +0.11]     -0.04   -0.24 -0.08 +0.06
   rl_fb        +9.57     +7.83 [   +7.70,   +7.93]     +4.38   +7.67 +7.64 +7.86
   p_sp         +0.01     -0.01 [   -0.04,   +0.02]     -0.03   -0.11 -0.02 -0.00
   p_meas       +1.61     +0.58 [   +0.50,   +0.67]     -0.53   +0.57 +0.46 +0.60
   ffwd         +0.19     -0.05 [   -0.27,   +0.17]     -0.25   -1.13 -0.39 +0.07
   fbk          +9.17     +6.23 [   +6.06,   +6.40]     +1.92   +5.96 +6.11 +6.27

=== T64 | v <3 m/s : 42 s, 19 blocks, 1.5-3.5 Hz rate rms 6.61 deg/s
   term         beq@0    beq@30                  CI@30    beq@60   per-route @30
   ctrl        +10.00     +8.99 [   +8.83,   +9.31]     +6.18   +9.14
   u_log        +1.60     -5.31 [  -13.54,   +0.76]    -11.25   +0.14
   u_e4         -0.13     -6.59 [  -14.77,   -0.50]    -11.84   -0.98
   p_log        -0.82     -2.44 [   -3.54,   -1.32]     -3.57   -1.42
   i_log        -0.09     -0.08 [   -0.09,   -0.07]     -0.05   -0.08
   f_log        +2.50     -2.81 [  -10.00,   +2.11]     -7.65   +1.64
   dob_log      +0.00     +0.00 [   -0.01,   +0.02]     +0.00   +0.01
   hold         -1.58     -1.68 [   -2.99,   -0.96]     -1.48   -1.02
   move         -2.91     -4.44 [   -6.83,   -2.41]     -5.16   -2.78
   hyst         -0.09     -0.11 [   -0.87,   +0.44]     -0.10   +0.41
   rl           +6.50     +3.21 [   +0.89,   +5.50]     -0.77   +5.28
   rl_ff        -3.20     -4.89 [   -7.51,   -2.65]     -5.67   -3.06
   rl_fb        +9.70     +8.10 [   +7.81,   +8.64]     +4.90   +8.34
   p_sp         -1.78     -2.34 [   -3.64,   -1.27]     -2.48   -1.52
   p_meas       +0.96     -0.09 [   -0.31,   +0.37]     -1.08   +0.10
   ffwd         -9.55    -13.46 [  -21.66,   -7.01]    -14.88   -7.98
   fbk         +10.57     +7.93 [   +7.44,   +8.91]     +3.77   +8.37

=== T64 | v 3-6 m/s : 69 s, 31 blocks, 1.5-3.5 Hz rate rms 8.51 deg/s
   term         beq@0    beq@30                  CI@30    beq@60   per-route @30
   ctrl        +10.00     +8.89 [   +8.76,   +9.10]     +5.81   +8.88 +8.90
   u_log        +8.02     +1.53 [   -1.74,   +6.37]     -5.20   +3.50 -1.72
   u_e4         +6.52     -0.09 [   -3.77,   +5.47]     -6.53   +2.01 -3.56
   p_log        +0.88     -0.72 [   -1.44,   +0.45]     -2.11   -0.41 -1.24
   i_log        -0.07     -0.07 [   -0.07,   -0.06]     -0.06   -0.06 -0.08
   f_log        +7.20     +2.32 [   -0.14,   +5.97]     -3.04   +3.98 -0.41
   dob_log      -0.84     -0.89 [   -1.60,   -0.44]     -0.78   -1.06 -0.61
   hold         -0.48     -0.71 [   -1.25,   -0.07]     -0.78   -0.30 -1.40
   move         -0.47     -1.54 [   -2.46,   -0.15]     -2.27   -0.97 -2.48
   hyst         -0.05     -0.17 [   -0.43,   +0.09]     -0.24   -0.02 -0.40
   rl           +9.13     +6.19 [   +5.02,   +8.08]     +1.93   +6.81 +5.18
   rl_ff        -0.51     -1.69 [   -2.70,   -0.14]     -2.49   -1.06 -2.72
   rl_fb        +9.64     +7.88 [   +7.63,   +8.26]     +4.42   +7.87 +7.90
   p_sp         -0.34     -0.80 [   -1.30,   -0.08]     -1.09   -0.52 -1.28
   p_meas       +1.22     +0.08 [   -0.24,   +0.57]     -1.02   +0.11 +0.03
   ffwd         -1.85     -4.91 [   -7.87,   -0.40]     -6.86   -2.87 -8.28
   fbk          +9.96     +7.01 [   +6.74,   +7.27]     +2.55   +6.86 +7.25

=== T64 | v 6-8 m/s : 43 s, 31 blocks, 1.5-3.5 Hz rate rms 7.87 deg/s
   term         beq@0    beq@30                  CI@30    beq@60   per-route @30
   ctrl        +10.00     +8.92 [   +8.79,   +9.13]     +5.90   +8.89 +8.94
   u_log        +8.68     +4.55 [   +3.47,   +6.09]     -0.54   +4.94 +4.18
   u_e4         +7.99     +3.57 [   +2.47,   +5.31]     -1.56   +3.82 +3.33
   p_log        +1.33     +0.08 [   -0.15,   +0.53]     -1.16   +0.05 +0.11
   i_log        -0.05     -0.06 [   -0.06,   -0.05]     -0.05   -0.06 -0.06
   f_log        +7.41     +4.54 [   +3.64,   +5.68]     +0.68   +4.94 +4.14
   dob_log      -1.58     -1.67 [   -2.03,   -1.48]     -1.43   -1.64 -1.70
   hold         -0.08     -0.10 [   -0.16,   +0.03]     -0.09   -0.09 -0.11
   move         -0.29     -0.53 [   -0.95,   -0.02]     -0.66   -0.34 -0.72
   hyst         -0.07     -0.07 [   -0.15,   +0.03]     -0.06   -0.04 -0.09
   rl           +9.36     +7.41 [   +6.92,   +8.19]     +3.88   +7.55 +7.27
   rl_ff        -0.28     -0.52 [   -0.94,   -0.03]     -0.64   -0.30 -0.73
   rl_fb        +9.64     +7.93 [   +7.74,   +8.24]     +4.52   +7.85 +8.00
   p_sp         -0.11     -0.20 [   -0.34,   -0.02]     -0.25   -0.14 -0.27
   p_meas       +1.44     +0.28 [   +0.13,   +0.56]     -0.90   +0.19 +0.38
   ffwd         -0.83     -1.42 [   -2.53,   -0.11]     -1.70   -0.91 -1.93
   fbk          +9.45     +6.49 [   +6.26,   +6.74]     +2.13   +6.35 +6.62

=== T64 | v 8-15 m/s : 316 s, 85 blocks, 1.5-3.5 Hz rate rms 2.53 deg/s
   term         beq@0    beq@30                  CI@30    beq@60   per-route @30
   ctrl        +10.00     +8.87 [   +8.77,   +8.97]     +5.73   +8.93 +8.83
   u_log        +8.54     +4.92 [   +4.40,   +5.36]     +0.17   +4.35 +5.26
   u_e4         +7.94     +4.02 [   +3.50,   +4.48]     -0.81   +3.53 +4.31
   p_log        +1.54     +0.45 [   +0.31,   +0.58]     -0.71   +0.46 +0.44
   i_log        -0.04     -0.04 [   -0.05,   -0.04]     -0.04   -0.04 -0.04
   f_log        +7.03     +4.51 [   +4.00,   +4.90]     +0.92   +3.93 +4.86
   dob_log      -1.97     -2.06 [   -2.43,   -1.72]     -1.76   -2.24 -1.95
   hold         -0.11     -0.16 [   -0.28,   -0.04]     -0.18   -0.28 -0.09
   move         -0.01     -0.17 [   -0.35,   +0.03]     -0.29   -0.32 -0.08
   hyst         -0.07     -0.14 [   -0.23,   -0.07]     -0.19   -0.18 -0.12
   rl           +9.37     +7.51 [   +7.27,   +7.73]     +3.97   +7.43 +7.56
   rl_ff        -0.03     -0.14 [   -0.28,   +0.02]     -0.23   -0.24 -0.08
   rl_fb        +9.40     +7.65 [   +7.46,   +7.81]     +4.20   +7.67 +7.64
   p_sp         -0.01     -0.06 [   -0.11,   -0.00]     -0.09   -0.11 -0.02
   p_meas       +1.55     +0.50 [   +0.39,   +0.60]     -0.62   +0.57 +0.46
   ffwd         -0.22     -0.67 [   -1.17,   -0.16]     -0.98   -1.13 -0.39
   fbk          +8.95     +6.05 [   +5.63,   +6.29]     +1.77   +5.96 +6.11

=== T64B | v <3 m/s : 21 s, 14 blocks, 1.5-3.5 Hz rate rms 1.61 deg/s
   term         beq@0    beq@30                  CI@30    beq@60   per-route @30
   ctrl        +10.00     +8.68 [   +8.54,   +9.11]     +5.74   +8.68
   u_log        +1.76     -3.91 [  -12.66,   +4.05]     -8.50   -3.91
   u_e4         +0.60     -4.92 [  -12.97,   +3.19]     -9.10   -4.92
   p_log        -0.46     -1.95 [   -2.96,   -0.76]     -2.96   -1.95
   i_log        -0.07     -0.06 [   -0.07,   -0.05]     -0.04   -0.06
   f_log        +2.30     -1.90 [   -9.65,   +4.92]     -5.50   -1.90
   dob_log      -0.19     -0.20 [   -0.31,   -0.09]     -0.19   -0.20
   hold         -1.16     -1.17 [   -1.81,   -0.41]     -0.93   -1.17
   move         -2.78     -3.75 [   -6.22,   -1.10]     -3.96   -3.75
   hyst         +0.25     +0.23 [   -2.20,   +0.59]     +0.19   +0.23
   rl           +6.52     +3.59 [   +1.29,   +6.79]     +0.12   +3.59
   rl_ff        -3.06     -4.13 [   -6.83,   -1.21]     -4.35   -4.13
   rl_fb        +9.57     +7.72 [   +7.53,   +8.25]     +4.47   +7.72
   p_sp         -1.52     -1.84 [   -2.89,   -0.55]     -1.79   -1.84
   p_meas       +1.06     -0.10 [   -0.44,   +0.03]     -1.17   -0.10
   ffwd         -8.27    -10.66 [  -19.65,   -2.80]    -10.84   -10.66
   fbk         +10.38     +7.35 [   +7.06,   +8.05]     +3.07   +7.35

=== T64B | v 3-6 m/s : 50 s, 26 blocks, 1.5-3.5 Hz rate rms 9.74 deg/s
   term         beq@0    beq@30                  CI@30    beq@60   per-route @30
   ctrl        +10.00     +8.98 [   +8.78,   +9.19]     +6.11   +8.98
   u_log        +5.29     -0.87 [   -6.77,   +5.32]     -6.77   -0.87
   u_e4         +4.03     -2.17 [   -8.00,   +4.22]     -7.81   -2.17
   p_log        +0.61     -0.98 [   -1.88,   +0.18]     -2.28   -0.98
   i_log        -0.08     -0.07 [   -0.09,   -0.05]     -0.05   -0.07
   f_log        +4.76     +0.18 [   -5.21,   +5.26]     -4.44   +0.18
   dob_log      -0.83     -0.87 [   -1.33,   -0.55]     -0.78   -0.87
   hold         -0.68     -0.76 [   -2.14,   -0.00]     -0.71   -0.76
   move         -1.60     -2.72 [   -4.65,   -0.49]     -3.28   -2.72
   hyst         -0.58     -0.69 [   -1.58,   -0.14]     -0.67   -0.69
   rl           +7.98     +5.13 [   +3.09,   +7.77]     +1.25   +5.13
   rl_ff        -1.71     -2.93 [   -4.96,   -0.53]     -3.55   -2.93
   rl_fb        +9.69     +8.06 [   +7.69,   +8.44]     +4.79   +8.06
   p_sp         -0.77     -1.26 [   -2.04,   -0.28]     -1.48   -1.26
   p_meas       +1.38     +0.29 [   -0.07,   +0.70]     -0.80   +0.29
   ffwd         -5.36     -8.37 [  -14.80,   -1.76]     -9.68   -8.37
   fbk         +10.18     +7.40 [   +6.90,   +8.01]     +3.16   +7.40

=== T64B | v 6-8 m/s : 66 s, 37 blocks, 1.5-3.5 Hz rate rms 12.04 deg/s
   term         beq@0    beq@30                  CI@30    beq@60   per-route @30
   ctrl        +10.00     +9.03 [   +8.84,   +9.05]     +6.38   +9.03
   u_log        +2.52     -2.84 [   -4.24,   +5.57]     -7.89   -2.84
   u_e4         +1.39     -3.98 [   -5.40,   +4.73]     -8.81   -3.98
   p_log        +0.67     -0.77 [   -0.95,   +0.36]     -2.08   -0.77
   i_log        -0.07     -0.07 [   -0.07,   -0.05]     -0.06   -0.07
   f_log        +1.91     -2.00 [   -3.22,   +5.25]     -5.76   -2.00
   dob_log      -1.18     -1.22 [   -1.89,   -1.12]     -1.03   -1.22
   hold         -1.51     -1.51 [   -1.78,   +0.05]     -1.26   -1.51
   move         -2.47     -3.26 [   -3.77,   -0.23]     -3.53   -3.26
   hyst         -0.33     -0.51 [   -0.58,   -0.01]     -0.63   -0.51
   rl           +7.21     +4.90 [   +4.42,   +7.84]     +1.60   +4.90
   rl_ff        -2.47     -3.26 [   -3.76,   -0.25]     -3.53   -3.26
   rl_fb        +9.68     +8.15 [   +7.80,   +8.19]     +5.13   +8.15
   p_sp         -0.91     -1.28 [   -1.48,   -0.18]     -1.45   -1.28
   p_meas       +1.58     +0.52 [   +0.23,   +0.56]     -0.62   +0.52
   ffwd         -7.70     -9.82 [  -11.37,   -0.80]    -10.40   -9.82
   fbk         +10.01     +7.38 [   +6.37,   +7.52]     +3.42   +7.38

=== T64B | v 8-15 m/s : 281 s, 71 blocks, 1.5-3.5 Hz rate rms 5.91 deg/s
   term         beq@0    beq@30                  CI@30    beq@60   per-route @30
   ctrl        +10.00     +8.89 [   +8.80,   +8.96]     +5.82   +8.89
   u_log        +9.66     +5.92 [   +5.64,   +6.25]     +0.93   +5.92
   u_e4         +9.04     +4.96 [   +4.66,   +5.34]     -0.12   +4.96
   p_log        +1.64     +0.59 [   +0.49,   +0.70]     -0.53   +0.59
   i_log        -0.03     -0.04 [   -0.05,   -0.04]     -0.04   -0.04
   f_log        +8.06     +5.36 [   +5.17,   +5.61]     +1.51   +5.36
   dob_log      -1.98     -2.15 [   -2.26,   -2.00]     -1.92   -2.15
   hold         +0.03     +0.00 [   -0.03,   +0.05]     -0.01   +0.00
   move         +0.16     +0.08 [   -0.01,   +0.20]     +0.01   +0.08
   hyst         -0.05     -0.07 [   -0.17,   +0.02]     -0.08   -0.07
   rl           +9.73     +7.92 [   +7.73,   +8.10]     +4.43   +7.92
   rl_ff        +0.12     +0.06 [   -0.01,   +0.14]     +0.00   +0.06
   rl_fb        +9.61     +7.86 [   +7.72,   +7.99]     +4.42   +7.86
   p_sp         +0.02     -0.00 [   -0.03,   +0.03]     -0.02   -0.00
   p_meas       +1.62     +0.60 [   +0.51,   +0.69]     -0.51   +0.60
   ffwd         +0.27     +0.07 [   -0.12,   +0.32]     -0.10   +0.07
   fbk          +9.22     +6.27 [   +6.10,   +6.45]     +1.95   +6.27

=== T5 | v <3 m/s : 13 s, 6 blocks, 1.5-3.5 Hz rate rms 1.58 deg/s
   term         beq@0    beq@30                  CI@30    beq@60   per-route @30
   ctrl        +10.00     +8.86 [   +8.84,   +9.28]     +5.62   
   u_log        +8.30     +3.55 [   -2.00,   +8.43]     -2.06   
   u_e4         +7.41     +2.39 [   -3.16,   +7.94]     -3.22   
   p_log        +0.51     -0.87 [   -1.34,   -0.41]     -2.05   
   i_log        -0.06     -0.06 [   -0.07,   -0.04]     -0.05   
   f_log        +7.85     +4.48 [   -0.66,   +8.89]     +0.04   
   dob_log      +0.00     +0.09 [   -0.86,   +0.96]     +0.17   
   hold         -0.31     -0.38 [   -0.74,   +0.28]     -0.37   
   move         -0.50     -1.00 [   -2.18,   +0.00]     -1.26   
   hyst         -0.25     -0.45 [   -2.76,   +0.37]     -0.58   
   rl           +9.08     +6.71 [   +5.53,   +8.25]     +2.75   
   rl_ff        -0.55     -1.10 [   -2.40,   -0.00]     -1.38   
   rl_fb        +9.63     +7.81 [   +7.78,   +8.32]     +4.13   
   p_sp         -0.37     -0.56 [   -0.97,   -0.02]     -0.62   
   p_meas       +0.89     -0.31 [   -0.54,   -0.07]     -1.44   
   ffwd         -1.98     -3.49 [   -8.96,   +0.03]     -4.21   
   fbk         +10.46     +7.52 [   +6.47,   +8.94]     +2.80   

=== T5 | v 3-6 m/s : 21 s, 11 blocks, 1.5-3.5 Hz rate rms 2.63 deg/s
   term         beq@0    beq@30                  CI@30    beq@60   per-route @30
   ctrl        +10.00     +9.02 [   +8.82,   +9.25]     +6.25   +9.02
   u_log        +8.73     +5.40 [   +3.15,   +8.09]     +1.04   +5.40
   u_e4         +8.21     +4.61 [   +2.48,   +7.19]     +0.17   +4.61
   p_log        +1.27     +0.11 [   -0.10,   +0.21]     -1.02   +0.11
   i_log        -0.05     -0.05 [   -0.06,   -0.04]     -0.05   -0.05
   f_log        +7.51     +5.34 [   +3.14,   +7.95]     +2.11   +5.34
   dob_log      -0.91     -0.97 [   -1.35,   -0.35]     -0.86   -0.97
   hold         -0.16     -0.22 [   -0.38,   +0.03]     -0.25   -0.22
   move         -0.21     -0.37 [   -0.99,   +0.43]     -0.46   -0.37
   hyst         -0.82     -0.68 [   -1.50,   +0.58]     -0.42   -0.68
   rl           +9.53     +7.80 [   +7.09,   +8.78]     +4.56   +7.80
   rl_ff        -0.21     -0.38 [   -1.04,   +0.47]     -0.48   -0.38
   rl_fb        +9.74     +8.18 [   +7.86,   +8.47]     +5.04   +8.18
   p_sp         -0.08     -0.15 [   -0.37,   +0.23]     -0.19   -0.15
   p_meas       +1.35     +0.26 [   -0.13,   +0.44]     -0.83   +0.26
   ffwd         -1.48     -1.79 [   -4.17,   +1.34]     -1.79   -1.79
   fbk         +10.13     +7.41 [   +6.74,   +7.91]     +3.30   +7.41

=== T5 | v 6-8 m/s : 24 s, 12 blocks, 1.5-3.5 Hz rate rms 9.35 deg/s
   term         beq@0    beq@30                  CI@30    beq@60   per-route @30
   ctrl        +10.00     +8.95 [   +8.91,   +9.08]     +6.00   +8.95
   u_log        +9.73     +5.78 [   +5.04,   +6.59]     +0.59   +5.78
   u_e4         +9.06     +4.78 [   +4.00,   +5.57]     -0.51   +4.78
   p_log        +1.51     +0.30 [   +0.21,   +0.51]     -0.95   +0.30
   i_log        -0.04     -0.05 [   -0.06,   -0.05]     -0.05   -0.05
   f_log        +8.26     +5.53 [   +4.78,   +6.38]     +1.59   +5.53
   dob_log      -1.59     -1.70 [   -1.91,   -1.62]     -1.48   -1.70
   hold         -0.04     -0.06 [   -0.16,   +0.03]     -0.07   -0.06
   move         -0.04     -0.14 [   -0.52,   +0.41]     -0.23   -0.14
   hyst         -0.03     -0.05 [   -0.17,   -0.01]     -0.06   -0.05
   rl           +9.62     +7.85 [   +7.51,   +8.41]     +4.41   +7.85
   rl_ff        -0.04     -0.14 [   -0.50,   +0.39]     -0.22   -0.14
   rl_fb        +9.66     +7.99 [   +7.89,   +8.16]     +4.64   +7.99
   p_sp         +0.00     -0.03 [   -0.13,   +0.21]     -0.07   -0.03
   p_meas       +1.51     +0.34 [   +0.08,   +0.44]     -0.88   +0.34
   ffwd         -0.14     -0.42 [   -1.31,   +0.86]     -0.65   -0.42
   fbk          +9.54     +6.57 [   +6.28,   +6.72]     +2.22   +6.57

=== T5 | v 8-15 m/s : 68 s, 20 blocks, 1.5-3.5 Hz rate rms 5.19 deg/s
   term         beq@0    beq@30                  CI@30    beq@60   per-route @30
   ctrl        +10.00     +8.83 [   +8.62,   +9.04]     +5.90   +8.83
   u_log        +8.85     +5.67 [   +4.97,   +6.08]     +1.43   +5.67
   u_e4         +8.31     +4.85 [   +4.14,   +5.31]     +0.52   +4.85
   p_log        +1.57     +0.59 [   +0.30,   +0.84]     -0.46   +0.59
   i_log        -0.03     -0.04 [   -0.05,   -0.04]     -0.04   -0.04
   f_log        +7.31     +5.12 [   +4.51,   +5.38]     +1.93   +5.12
   dob_log      -2.06     -2.21 [   -2.55,   -1.90]     -1.96   -2.21
   hold         +0.01     -0.01 [   -0.09,   +0.08]     -0.02   -0.01
   move         +0.08     +0.03 [   -0.13,   +0.18]     -0.02   +0.03
   hyst         -0.08     -0.05 [   -0.25,   +0.03]     -0.01   -0.05
   rl           +9.61     +7.83 [   +7.53,   +8.13]     +4.53   +7.83
   rl_ff        +0.06     +0.02 [   -0.11,   +0.13]     -0.02   +0.02
   rl_fb        +9.55     +7.81 [   +7.52,   +8.10]     +4.55   +7.81
   p_sp         -0.00     -0.01 [   -0.04,   +0.02]     -0.01   -0.01
   p_meas       +1.57     +0.60 [   +0.33,   +0.85]     -0.45   +0.60
   ffwd         +0.07     -0.02 [   -0.50,   +0.32]     -0.09   -0.02
   fbk          +9.03     +6.16 [   +5.77,   +6.43]     +2.10   +6.16

=== T4 | v <3 m/s : 22 s, 18 blocks, 1.5-3.5 Hz rate rms 1.54 deg/s
   term         beq@0    beq@30                  CI@30    beq@60   per-route @30
   ctrl        +10.00     +8.83 [   +8.71,   +9.02]     +5.98   +8.83
   u_log        +3.62     +0.89 [   -1.15,   +2.61]     -1.75   +0.89
   u_e4         +2.92     +0.06 [   -2.00,   +1.95]     -2.56   +0.06
   p_log        +0.78     -0.34 [   -0.74,   -0.02]     -1.30   -0.34
   i_log        -0.12     -0.13 [   -0.15,   -0.11]     -0.11   -0.13
   f_log        +2.96     +1.35 [   -0.29,   +2.78]     -0.33   +1.35
   dob_log      -0.00     -0.00 [   +0.00,   -0.00]     -0.00   -0.00
   hold         -0.30     -0.25 [   -0.64,   +0.06]     -0.14   -0.25
   move         -0.82     -0.94 [   -1.83,   -0.18]     -0.84   -0.94
   hyst         -0.18     -0.09 [   -0.81,   +0.46]     +0.03   -0.09
   rl           +4.31     +2.80 [   +2.25,   +3.36]     +0.86   +2.80
   rl_ff        -0.54     -0.62 [   -1.21,   -0.12]     -0.56   -0.62
   rl_fb        +4.85     +3.42 [   +3.31,   +3.60]     +1.41   +3.42
   p_sp         -0.41     -0.44 [   -0.84,   -0.09]     -0.36   -0.44
   p_meas       +1.18     +0.10 [   -0.07,   +0.25]     -0.94   +0.10
   ffwd         -2.24     -2.33 [   -4.47,   -0.61]     -1.88   -2.33
   fbk          +5.91     +3.39 [   +3.16,   +3.68]     +0.36   +3.39

=== T4 | v 3-6 m/s : 80 s, 38 blocks, 1.5-3.5 Hz rate rms 9.64 deg/s
   term         beq@0    beq@30                  CI@30    beq@60   per-route @30
   ctrl        +10.00     +9.17 [   +8.95,   +9.28]     +6.75   +9.17
   u_log        +4.57     +0.95 [   -1.27,   +3.08]     -2.87   +0.95
   u_e4         +3.84     +0.12 [   -2.07,   +2.41]     -3.64   +0.12
   p_log        +1.17     -0.07 [   -0.24,   +0.31]     -1.27   -0.07
   i_log        -0.16     -0.17 [   -0.20,   -0.12]     -0.16   -0.17
   f_log        +3.56     +1.19 [   -0.99,   +2.91]     -1.44   +1.19
   dob_log      -0.00     -0.00 [   +0.00,   -0.00]     -0.00   -0.00
   hold         -0.35     -0.37 [   -0.89,   -0.02]     -0.33   -0.37
   move         -0.82     -1.25 [   -2.01,   -0.35]     -1.50   -1.25
   hyst         -0.13     -0.25 [   -0.61,   +0.12]     -0.35   -0.25
   rl           +4.51     +3.00 [   +2.47,   +3.45]     +0.98   +3.00
   rl_ff        -0.53     -0.81 [   -1.28,   -0.23]     -0.98   -0.81
   rl_fb        +5.03     +3.81 [   +3.44,   +3.99]     +1.96   +3.81
   p_sp         -0.37     -0.55 [   -0.79,   -0.17]     -0.65   -0.55
   p_meas       +1.54     +0.49 [   +0.30,   +0.62]     -0.62   +0.49
   ffwd         -2.21     -3.23 [   -5.49,   -0.72]     -3.81   -3.23
   fbk          +6.41     +4.12 [   +3.61,   +4.36]     +1.18   +4.12

=== T4 | v 6-8 m/s : 82 s, 46 blocks, 1.5-3.5 Hz rate rms 8.74 deg/s
   term         beq@0    beq@30                  CI@30    beq@60   per-route @30
   ctrl        +10.00     +8.95 [   +8.78,   +9.02]     +6.20   +8.95
   u_log        +3.97     +0.20 [   -2.35,   +3.42]     -3.58   +0.20
   u_e4         +3.20     -0.63 [   -3.03,   +2.74]     -4.29   -0.63
   p_log        +1.22     +0.04 [   -0.39,   +0.44]     -1.10   +0.04
   i_log        -0.12     -0.14 [   -0.15,   -0.11]     -0.13   -0.14
   f_log        +2.86     +0.29 [   -1.80,   +3.09]     -2.34   +0.29
   dob_log      -0.00     -0.00 [   +0.00,   -0.00]     -0.00   -0.00
   hold         -0.33     -0.33 [   -0.82,   +0.08]     -0.27   -0.33
   move         -0.99     -1.34 [   -2.09,   +0.02]     -1.46   -1.34
   hyst         -0.62     -0.68 [   -0.89,   -0.08]     -0.61   -0.68
   rl           +4.32     +2.73 [   +2.07,   +3.44]     +0.65   +2.73
   rl_ff        -0.57     -0.78 [   -1.26,   +0.01]     -0.85   -0.78
   rl_fb        +4.90     +3.51 [   +3.31,   +3.60]     +1.50   +3.51
   p_sp         -0.30     -0.45 [   -0.76,   -0.01]     -0.52   -0.45
   p_meas       +1.52     +0.49 [   +0.33,   +0.56]     -0.58   +0.49
   ffwd         -2.82     -3.57 [   -5.69,   -0.05]     -3.71   -3.57
   fbk          +6.30     +3.87 [   +3.54,   +4.00]     +0.79   +3.87

=== T4 | v 8-15 m/s : 317 s, 82 blocks, 1.5-3.5 Hz rate rms 4.60 deg/s
   term         beq@0    beq@30                  CI@30    beq@60   per-route @30
   ctrl        +10.00     +8.94 [   +8.87,   +9.02]     +5.94   +8.94
   u_log        +6.17     +3.29 [   +3.09,   +3.57]     -0.24   +3.29
   u_e4         +5.66     +2.58 [   +2.33,   +2.92]     -0.97   +2.58
   p_log        +1.48     +0.55 [   +0.45,   +0.69]     -0.48   +0.55
   i_log        -0.11     -0.15 [   -0.16,   -0.14]     -0.16   -0.15
   f_log        +4.79     +2.89 [   +2.76,   +3.07]     +0.40   +2.89
   dob_log      -0.00     -0.00 [   +0.00,   -0.00]     -0.00   -0.00
   hold         -0.00     -0.01 [   -0.04,   +0.01]     -0.02   -0.01
   move         -0.00     -0.05 [   -0.14,   +0.05]     -0.10   -0.05
   hyst         +0.00     +0.01 [   -0.08,   +0.08]     +0.01   +0.01
   rl           +4.79     +3.30 [   +3.20,   +3.44]     +1.15   +3.30
   rl_ff        -0.00     -0.02 [   -0.06,   +0.02]     -0.04   -0.02
   rl_fb        +4.79     +3.33 [   +3.22,   +3.47]     +1.19   +3.33
   p_sp         +0.00     -0.01 [   -0.02,   +0.01]     -0.02   -0.01
   p_meas       +1.48     +0.56 [   +0.45,   +0.70]     -0.46   +0.56
   ffwd         -0.01     -0.09 [   -0.30,   +0.09]     -0.18   -0.09
   fbk          +6.16     +3.74 [   +3.53,   +4.01]     +0.58   +3.74

=== obs-on(T64,T64B,T5) | v <3 m/s : 76 s, 39 blocks, 1.5-3.5 Hz rate rms 5.01 deg/s
   term         beq@0    beq@30                  CI@30    beq@60   per-route @30
   ctrl        +10.00     +8.98 [   +8.80,   +9.27]     +6.16   +9.14 +8.68
   u_log        +1.72     -5.11 [  -13.03,   +0.79]    -11.01   +0.14 -3.91
   u_e4         +0.02     -6.39 [  -14.11,   -0.37]    -11.61   -0.98 -4.92
   p_log        -0.79     -2.40 [   -3.40,   -1.30]     -3.53   -1.42 -1.95
   i_log        -0.09     -0.08 [   -0.09,   -0.07]     -0.05   -0.08 -0.06
   f_log        +2.59     -2.65 [   -9.60,   +2.19]     -7.45   +1.64 -1.90
   dob_log      -0.00     -0.00 [   -0.02,   +0.02]     -0.00   +0.01 -0.20
   hold         -1.54     -1.64 [   -2.87,   -0.90]     -1.44   -1.02 -1.17
   move         -2.86     -4.36 [   -6.55,   -2.18]     -5.05   -2.78 -3.75
   hyst         -0.08     -0.10 [   -0.77,   +0.44]     -0.10   +0.41 +0.23
   rl           +6.55     +3.28 [   +1.11,   +5.56]     -0.68   +5.28 +3.59
   rl_ff        -3.15     -4.80 [   -7.21,   -2.39]     -5.56   -3.06 -4.13
   rl_fb        +9.69     +8.08 [   +7.75,   +8.58]     +4.88   +8.34 +7.72
   p_sp         -1.74     -2.30 [   -3.45,   -1.11]     -2.43   -1.52 -1.84
   p_meas       +0.96     -0.09 [   -0.34,   +0.33]     -1.09   +0.10 -0.10
   ffwd         -9.38    -13.21 [  -20.92,   -6.56]    -14.58   -7.98 -10.66
   fbk         +10.56     +7.91 [   +7.36,   +8.80]     +3.73   +8.37 +7.35

=== obs-on(T64,T64B,T5) | v 3-6 m/s : 140 s, 68 blocks, 1.5-3.5 Hz rate rms 8.40 deg/s
   term         beq@0    beq@30                  CI@30    beq@60   per-route @30
   ctrl        +10.00     +8.93 [   +8.81,   +9.08]     +5.96   +8.88 +8.90 +8.98 +9.02
   u_log        +6.72     +0.44 [   -2.78,   +4.15]     -5.86   +3.50 -1.72 -0.87 +5.40
   u_e4         +5.36     -1.02 [   -4.31,   +2.95]     -7.05   +2.01 -3.56 -2.17 +4.61
   p_log        +0.76     -0.83 [   -1.46,   -0.05]     -2.17   -0.41 -1.24 -0.98 +0.11
   i_log        -0.07     -0.07 [   -0.08,   -0.06]     -0.06   -0.06 -0.08 -0.07 -0.05
   f_log        +6.04     +1.34 [   -1.53,   +4.37]     -3.63   +3.98 -0.41 +0.18 +5.34
   dob_log      -0.84     -0.88 [   -1.28,   -0.59]     -0.78   -1.06 -0.61 -0.87 -0.97
   hold         -0.57     -0.73 [   -1.34,   -0.16]     -0.74   -0.30 -1.40 -0.76 -0.22
   move         -1.01     -2.09 [   -3.21,   -0.85]     -2.73   -0.97 -2.48 -2.72 -0.37
   hyst         -0.31     -0.42 [   -0.92,   -0.13]     -0.45   -0.02 -0.40 -0.69 -0.68
   rl           +8.59     +5.71 [   +4.39,   +7.20]     +1.64   +6.81 +5.18 +5.13 +7.80
   rl_ff        -1.08     -2.26 [   -3.47,   -0.92]     -2.97   -1.06 -2.72 -2.93 -0.38
   rl_fb        +9.67     +7.97 [   +7.73,   +8.26]     +4.61   +7.87 +7.90 +8.06 +8.18
   p_sp         -0.54     -1.01 [   -1.53,   -0.44]     -1.26   -0.52 -1.28 -1.26 -0.15
   p_meas       +1.30     +0.18 [   -0.10,   +0.52]     -0.91   +0.11 +0.03 +0.29 +0.26
   ffwd         -3.52     -6.52 [   -9.89,   -2.68]     -8.14   -2.87 -8.28 -8.37 -1.79
   fbk         +10.06     +7.20 [   +6.92,   +7.56]     +2.86   +6.86 +7.25 +7.40 +7.41

=== obs-on(T64,T64B,T5) | v 6-8 m/s : 133 s, 80 blocks, 1.5-3.5 Hz rate rms 10.37 deg/s
   term         beq@0    beq@30                  CI@30    beq@60   per-route @30
   ctrl        +10.00     +9.00 [   +8.89,   +9.03]     +6.23   +8.89 +8.94 +9.03 +8.95
   u_log        +4.72     -0.20 [   -2.85,   +5.52]     -5.28   +4.94 +4.18 -2.84 +5.78
   u_e4         +3.74     -1.29 [   -3.98,   +4.59]     -6.25   +3.82 +3.33 -3.98 +4.78
   p_log        +0.92     -0.46 [   -0.78,   +0.32]     -1.74   +0.05 +0.11 -0.77 +0.30
   i_log        -0.06     -0.06 [   -0.07,   -0.05]     -0.06   -0.06 -0.06 -0.07 -0.05
   f_log        +3.86     +0.32 [   -2.00,   +5.29]     -3.48   +4.94 +4.14 -2.00 +5.53
   dob_log      -1.32     -1.37 [   -1.81,   -1.21]     -1.17   -1.64 -1.70 -1.22 -1.70
   hold         -1.03     -1.03 [   -1.52,   -0.02]     -0.87   -0.09 -0.11 -1.51 -0.06
   move         -1.71     -2.30 [   -3.26,   -0.19]     -2.51   -0.34 -0.72 -3.26 -0.14
   hyst         -0.24     -0.36 [   -0.50,   -0.04]     -0.44   -0.04 -0.09 -0.51 -0.05
   rl           +7.96     +5.80 [   +4.89,   +7.83]     +2.43   +7.55 +7.27 +4.90 +7.85
   rl_ff        -1.71     -2.29 [   -3.25,   -0.20]     -2.51   -0.30 -0.73 -3.26 -0.14
   rl_fb        +9.67     +8.09 [   +7.89,   +8.16]     +4.94   +7.85 +8.00 +8.15 +7.99
   p_sp         -0.63     -0.90 [   -1.27,   -0.10]     -1.03   -0.14 -0.27 -1.28 -0.03
   p_meas       +1.54     +0.45 [   +0.26,   +0.51]     -0.71   +0.19 +0.38 +0.52 +0.34
   ffwd         -5.31     -6.88 [   -9.80,   -0.63]     -7.35   -0.91 -1.93 -9.82 -0.42
   fbk          +9.84     +7.10 [   +6.47,   +7.37]     +3.00   +6.35 +6.62 +7.38 +6.57

=== obs-on(T64,T64B,T5) | v 8-15 m/s : 665 s, 176 blocks, 1.5-3.5 Hz rate rms 4.53 deg/s
   term         beq@0    beq@30                  CI@30    beq@60   per-route @30
   ctrl        +10.00     +8.88 [   +8.81,   +8.93]     +5.82   +8.93 +8.83 +8.89 +8.83
   u_log        +9.39     +5.73 [   +5.47,   +5.98]     +0.89   +4.35 +5.26 +5.92 +5.67
   u_e4         +8.78     +4.80 [   +4.54,   +5.08]     -0.14   +3.53 +4.31 +4.96 +4.85
   p_log        +1.61     +0.57 [   +0.49,   +0.66]     -0.55   +0.46 +0.44 +0.59 +0.59
   i_log        -0.03     -0.04 [   -0.05,   -0.04]     -0.04   -0.04 -0.04 -0.04 -0.04
   f_log        +7.80     +5.21 [   +5.00,   +5.38]     +1.48   +3.93 +4.86 +5.36 +5.12
   dob_log      -1.99     -2.14 [   -2.25,   -2.03]     -1.90   -2.24 -1.95 -2.15 -2.21
   hold         +0.00     -0.02 [   -0.06,   +0.01]     -0.04   -0.28 -0.09 +0.00 -0.01
   move         +0.12     +0.04 [   -0.04,   +0.13]     -0.04   -0.32 -0.08 +0.08 +0.03
   hyst         -0.05     -0.07 [   -0.17,   -0.01]     -0.08   -0.18 -0.12 -0.07 -0.05
   rl           +9.66     +7.85 [   +7.70,   +7.97]     +4.37   +7.43 +7.56 +7.92 +7.83
   rl_ff        +0.09     +0.02 [   -0.04,   +0.09]     -0.03   -0.24 -0.08 +0.06 +0.02
   rl_fb        +9.57     +7.82 [   +7.72,   +7.91]     +4.41   +7.67 +7.64 +7.86 +7.81
   p_sp         +0.01     -0.01 [   -0.03,   +0.01]     -0.03   -0.11 -0.02 -0.00 -0.01
   p_meas       +1.60     +0.58 [   +0.51,   +0.66]     -0.52   +0.57 +0.46 +0.60 +0.60
   ffwd         +0.17     -0.05 [   -0.25,   +0.13]     -0.23   -1.13 -0.39 +0.07 -0.02
   fbk          +9.15     +6.22 [   +6.08,   +6.36]     +1.94   +5.96 +6.11 +6.27 +6.16