# RE-RUN on C1 of analysis-2020accord\studies\angle_loop\refute_friction\expB_holds.py F_hi 8.0,12.5,19.0,26.0,30.0  (C1 table [(714, 940, 1306), (1843, 1300, -4025), (2304, 847, -1484), (2707, 701, 1636), (3571, 1046, 2728), (4032, 1353, 1292), (6198, 2036, 0), (65535, 2036, 0)], Kp_base 112, Ki_base 56, Kd 20, freeze |tq|>512 + ramp)
member F_hi  [56 s]
  v    kind    Fs   | slips/25s  maxjump  | err p2p deg  err rms | T 0.3-5Hz rms  T 5-30Hz rms | th dominant f (Hz)
  8.0  d0      37.8 |    0     0.00  |   0.00   0.000 |     0.2     0.25 |  0.12
  8.0  crown   37.8 |    8     0.14  |   0.14   0.066 |     3.1     0.36 |  0.12
  8.0  drift   37.8 |    3     0.15  |   0.15   0.070 |     2.0     0.28 |  0.12
  8.0  gust    37.8 |   36     2.04  |   2.20   0.438 |    28.7     0.66 |  0.61
 12.5  d0      35.1 |    0     0.00  |   0.00   0.000 |     0.2     0.27 |  0.12
 12.5  crown   35.1 |    1     0.10  |   0.13   0.013 |     0.4     0.26 |  0.12
 12.5  drift   35.1 |    3     0.13  |   0.23   0.100 |     1.1     0.27 |  0.12
 12.5  gust    35.1 |   27     1.85  |   1.97   0.366 |    14.5     0.39 |  0.49
 19.0  d0      18.1 |    0     0.00  |   0.00   0.000 |     0.1     0.18 |  0.12
 19.0  crown   18.1 |    0     0.00  |   0.00   0.000 |     0.3     0.29 |  0.12
 19.0  drift   18.1 |    0     0.07  |   0.11   0.047 |     1.4     0.26 |  0.12
 19.0  gust    18.1 |   18     0.43  |   0.43   0.088 |     6.7     0.49 |  0.61
 26.0  d0      11.9 |    0     0.00  |   0.00   0.000 |     0.2     0.21 |  0.12
 26.0  crown   11.9 |    0     0.00  |   0.00   0.000 |     0.3     0.30 |  0.12
 26.0  drift   11.9 |    0     0.05  |   0.10   0.045 |     2.9     0.33 |  0.12
 26.0  gust    11.9 |    9     0.32  |   0.34   0.061 |     6.8     0.57 |  0.49
 30.0  d0      11.1 |    0     0.00  |   0.00   0.000 |     0.2     0.23 |  0.12
 30.0  crown   11.1 |    0     0.00  |   0.00   0.000 |     0.3     0.28 |  0.12
 30.0  drift   11.1 |    0     0.05  |   0.10   0.045 |     2.9     0.37 |  0.12
 30.0  gust    11.1 |    9     0.29  |   0.32   0.057 |     6.4     0.54 |  0.49
