# RE-RUN on C1 of analysis-2020accord\studies\angle_loop\refute_friction\expB2_hunt_map.py F_hi,J_hi,b_lo 5.0,6.0,7.0,8.0,10.0,12.5,19.0  (C1 table [(714, 940, 1306), (1843, 1300, -4025), (2304, 847, -1484), (2707, 701, 1636), (3571, 1046, 2728), (4032, 1353, 1292), (6198, 2036, 0), (65535, 2036, 0)], Kp_base 112, Ki_base 56, Kd 20, freeze |tq|>512 + ramp)
[36 s]  member v  hold | slips(last 20 s) maxjump p2p(deg) | T p2p | hunting?
F_hi       5.0  0.30 |   4   0.47   0.47 |   257 | HUNT
F_hi       5.0  0.55 |   4   0.46   0.46 |   257 | HUNT
F_hi       5.0  1.00 |   4   0.46   0.46 |   257 | HUNT
F_hi       5.0  1.75 |   4   0.47   0.48 |   258 | HUNT
F_hi       5.0  3.00 |   4   0.45   0.45 |   258 | HUNT
F_hi       5.0  5.00 |   4   0.47   0.47 |   257 | HUNT
F_hi       5.0  8.00 |   3   0.46   0.46 |   257 | HUNT
F_hi       5.0 15.00 |   4   0.46   0.47 |   257 | HUNT
F_hi       5.0 30.00 |   3   0.55   0.55 |   257 | HUNT
F_hi       6.0  0.30 |   4   0.37   0.37 |   196 | HUNT
F_hi       6.0  0.55 |   4   0.33   0.34 |   196 | HUNT
F_hi       6.0  1.00 |   4   0.32   0.32 |   196 | HUNT
F_hi       6.0  1.75 |   4   0.33   0.33 |   196 | HUNT
F_hi       6.0  3.00 |   3   0.37   0.37 |   195 | HUNT
F_hi       6.0  5.00 |   4   0.34   0.34 |   198 | HUNT
F_hi       6.0  8.00 |   4   0.33   0.33 |   195 | HUNT
F_hi       6.0 15.00 |   5   0.38   0.38 |   196 | HUNT
F_hi       6.0 30.00 |   4   0.34   0.34 |   196 | HUNT
F_hi       7.0  0.30 |   4   0.23   0.23 |   135 | HUNT
F_hi       7.0  0.55 |   0   0.00   0.00 |     2 | 
F_hi       7.0  1.00 |   3   0.27   0.27 |   135 | HUNT
F_hi       7.0  1.75 |   4   0.23   0.23 |   135 | HUNT
F_hi       7.0  3.00 |   4   0.23   0.23 |   135 | HUNT
F_hi       7.0  5.00 |   4   0.24   0.24 |   136 | HUNT
F_hi       7.0  8.00 |   3   0.28   0.28 |   134 | HUNT
F_hi       7.0 15.00 |   5   0.23   0.23 |   134 | HUNT
F_hi       7.0 30.00 |   0   0.00   0.00 |     2 | 
F_hi       8.0  0.30 |   0   0.00   0.00 |     2 | 
F_hi       8.0  0.55 |   0   0.00   0.00 |     2 | 
F_hi       8.0  1.00 |   0   0.00   0.00 |     2 | 
F_hi       8.0  1.75 |   0   0.00   0.00 |     2 | 
F_hi       8.0  3.00 |   6   0.14   0.14 |    74 | HUNT
F_hi       8.0  5.00 |   6   0.15   0.15 |    74 | HUNT
F_hi       8.0  8.00 |   0   0.00   0.00 |     2 | 
F_hi       8.0 15.00 |   0   0.00   0.00 |     3 | 
F_hi       8.0 30.00 |   0   0.00   0.00 |     2 | 
F_hi      10.0  0.30 |   0   0.00   0.00 |     2 | 
F_hi      10.0  0.55 |   0   0.00   0.00 |     2 | 
F_hi      10.0  1.00 |   0   0.00   0.00 |     2 | 
F_hi      10.0  1.75 |   3   0.12   0.12 |    74 | HUNT
F_hi      10.0  3.00 |   3   0.12   0.12 |    73 | HUNT
F_hi      10.0  5.00 |   3   0.12   0.12 |    73 | HUNT
F_hi      10.0  8.00 |   3   0.12   0.13 |    74 | HUNT
F_hi      10.0 15.00 |   3   0.13   0.13 |    74 | HUNT
F_hi      10.0 30.00 |   3   0.14   0.14 |    74 | HUNT
F_hi      12.5  0.30 |   0   0.00   0.00 |     2 | 
F_hi      12.5  0.55 |   0   0.00   0.00 |     2 | 
F_hi      12.5  1.00 |   0   0.00   0.00 |     2 | 
F_hi      12.5  1.75 |   0   0.00   0.00 |     2 | 
F_hi      12.5  3.00 |   0   0.00   0.00 |     2 | 
F_hi      12.5  5.00 |   0   0.00   0.00 |     2 | 
F_hi      12.5  8.00 |   0   0.00   0.00 |     2 | 
F_hi      12.5 15.00 |   0   0.00   0.00 |     2 | 
F_hi      12.5 30.00 |   0   0.00   0.00 |     2 | 
F_hi      19.0  0.30 |   0   0.00   0.00 |     3 | 
F_hi      19.0  0.55 |   0   0.00   0.00 |     2 | 
F_hi      19.0  1.00 |   0   0.00   0.00 |     2 | 
F_hi      19.0  1.75 |   0   0.00   0.00 |     2 | 
F_hi      19.0  3.00 |   0   0.00   0.00 |     2 | 
F_hi      19.0  5.00 |   0   0.00   0.00 |     2 | 
F_hi      19.0  8.00 |   0   0.00   0.00 |     2 | 
F_hi      19.0 15.00 |   0   0.00   0.00 |     2 | 
F_hi      19.0 30.00 |   0   0.00   0.00 |     2 | 
J_hi       5.0  0.30 |   4   0.25   0.25 |   105 | HUNT
J_hi       5.0  0.55 |   0   0.00   0.00 |     2 | 
J_hi       5.0  1.00 |   4   0.26   0.26 |   105 | HUNT
J_hi       5.0  1.75 |   4   0.26   0.26 |   105 | HUNT
J_hi       5.0  3.00 |   4   0.26   0.26 |   105 | HUNT
J_hi       5.0  5.00 |   4   0.24   0.24 |   104 | HUNT
J_hi       5.0  8.00 |   5   0.27   0.27 |   105 | HUNT
J_hi       5.0 15.00 |   4   0.25   0.25 |   105 | HUNT
J_hi       5.0 30.00 |   4   0.25   0.25 |   105 | HUNT
J_hi       6.0  0.30 |   5   0.15   0.15 |    83 | HUNT
J_hi       6.0  0.55 |   5   0.16   0.16 |    85 | HUNT
J_hi       6.0  1.00 |   5   0.17   0.17 |    83 | HUNT
J_hi       6.0  1.75 |   5   0.14   0.14 |    83 | HUNT
J_hi       6.0  3.00 |   5   0.16   0.16 |    84 | HUNT
J_hi       6.0  5.00 |   5   0.15   0.15 |    83 | HUNT
J_hi       6.0  8.00 |   5   0.16   0.16 |    83 | HUNT
J_hi       6.0 15.00 |   5   0.15   0.15 |    82 | HUNT
J_hi       6.0 30.00 |   5   0.16   0.16 |    83 | HUNT
J_hi       7.0  0.30 |   0   0.00   0.00 |     2 | 
J_hi       7.0  0.55 |   0   0.00   0.00 |     2 | 
J_hi       7.0  1.00 |   0   0.00   0.00 |     2 | 
J_hi       7.0  1.75 |   0   0.00   0.00 |     2 | 
J_hi       7.0  3.00 |   0   0.00   0.00 |     2 | 
J_hi       7.0  5.00 |   0   0.00   0.00 |     2 | 
J_hi       7.0  8.00 |   0   0.00   0.00 |     2 | 
J_hi       7.0 15.00 |   0   0.00   0.00 |     2 | 
J_hi       7.0 30.00 |   0   0.00   0.00 |     2 | 
J_hi       8.0  0.30 |   0   0.00   0.00 |     2 | 
J_hi       8.0  0.55 |   0   0.00   0.00 |     2 | 
J_hi       8.0  1.00 |   0   0.00   0.00 |     2 | 
J_hi       8.0  1.75 |   0   0.00   0.00 |     2 | 
J_hi       8.0  3.00 |   0   0.00   0.00 |     2 | 
J_hi       8.0  5.00 |   0   0.00   0.00 |     2 | 
J_hi       8.0  8.00 |   0   0.00   0.00 |     2 | 
J_hi       8.0 15.00 |   0   0.00   0.00 |     2 | 
J_hi       8.0 30.00 |   0   0.00   0.00 |     2 | 
J_hi      10.0  0.30 |   0   0.00   0.00 |     2 | 
J_hi      10.0  0.55 |   0   0.00   0.00 |     2 | 
J_hi      10.0  1.00 |   0   0.00   0.00 |     2 | 
J_hi      10.0  1.75 |   0   0.00   0.00 |     2 | 
J_hi      10.0  3.00 |   0   0.00   0.00 |     2 | 
J_hi      10.0  5.00 |   0   0.00   0.00 |     2 | 
J_hi      10.0  8.00 |   0   0.00   0.00 |     2 | 
J_hi      10.0 15.00 |   0   0.00   0.00 |     2 | 
J_hi      10.0 30.00 |   0   0.00   0.00 |     2 | 
J_hi      12.5  0.30 |   0   0.00   0.00 |     3 | 
J_hi      12.5  0.55 |   0   0.00   0.00 |     3 | 
J_hi      12.5  1.00 |   0   0.00   0.00 |     2 | 
J_hi      12.5  1.75 |   0   0.00   0.00 |     2 | 
J_hi      12.5  3.00 |   0   0.00   0.00 |     2 | 
J_hi      12.5  5.00 |   0   0.00   0.00 |     2 | 
J_hi      12.5  8.00 |   0   0.00   0.00 |     2 | 
J_hi      12.5 15.00 |   0   0.00   0.00 |     2 | 
J_hi      12.5 30.00 |   0   0.00   0.00 |     3 | 
J_hi      19.0  0.30 |   0   0.00   0.00 |     2 | 
J_hi      19.0  0.55 |   0   0.00   0.00 |     2 | 
J_hi      19.0  1.00 |   0   0.00   0.00 |     2 | 
J_hi      19.0  1.75 |   0   0.00   0.00 |     2 | 
J_hi      19.0  3.00 |   0   0.00   0.00 |     2 | 
J_hi      19.0  5.00 |   0   0.00   0.00 |     2 | 
J_hi      19.0  8.00 |   0   0.00   0.00 |     2 | 
J_hi      19.0 15.00 |   0   0.00   0.00 |     2 | 
J_hi      19.0 30.00 |   0   0.00   0.00 |     2 | 
b_lo       5.0  0.30 |   4   0.25   0.25 |   129 | HUNT
b_lo       5.0  0.55 |   4   0.26   0.26 |   129 | HUNT
b_lo       5.0  1.00 |   5   0.30   0.30 |   129 | HUNT
b_lo       5.0  1.75 |   4   0.26   0.26 |   129 | HUNT
b_lo       5.0  3.00 |   5   0.25   0.25 |   129 | HUNT
b_lo       5.0  5.00 |   5   0.25   0.25 |   129 | HUNT
b_lo       5.0  8.00 |   5   0.30   0.30 |   130 | HUNT
b_lo       5.0 15.00 |   4   0.25   0.25 |   129 | HUNT
b_lo       5.0 30.00 |   4   0.25   0.25 |   129 | HUNT
b_lo       6.0  0.30 |   0   0.00   0.00 |     3 | 
b_lo       6.0  0.55 |   5   0.20   0.20 |    98 | HUNT
b_lo       6.0  1.00 |   5   0.20   0.20 |    98 | HUNT
b_lo       6.0  1.75 |   5   0.19   0.19 |    98 | HUNT
b_lo       6.0  3.00 |   5   0.21   0.21 |    98 | HUNT
b_lo       6.0  5.00 |   5   0.20   0.20 |    98 | HUNT
b_lo       6.0  8.00 |   4   0.20   0.20 |    98 | HUNT
b_lo       6.0 15.00 |   0   0.00   0.00 |     2 | 
b_lo       6.0 30.00 |   0   0.00   0.00 |     2 | 
b_lo       7.0  0.30 |   7   0.12   0.12 |    68 | HUNT
b_lo       7.0  0.55 |   0   0.00   0.00 |     2 | 
b_lo       7.0  1.00 |   0   0.00   0.00 |     2 | 
b_lo       7.0  1.75 |   0   0.00   0.00 |     2 | 
b_lo       7.0  3.00 |   7   0.13   0.13 |    68 | HUNT
b_lo       7.0  5.00 |   7   0.12   0.12 |    68 | HUNT
b_lo       7.0  8.00 |   7   0.13   0.13 |    68 | HUNT
b_lo       7.0 15.00 |   0   0.00   0.00 |     2 | 
b_lo       7.0 30.00 |   0   0.00   0.00 |     2 | 
b_lo       8.0  0.30 |   0   0.00   0.00 |     3 | 
b_lo       8.0  0.55 |   0   0.00   0.00 |     2 | 
b_lo       8.0  1.00 |   0   0.00   0.00 |     2 | 
b_lo       8.0  1.75 |   0   0.00   0.00 |     2 | 
b_lo       8.0  3.00 |   0   0.00   0.00 |     2 | 
b_lo       8.0  5.00 |   0   0.00   0.00 |     2 | 
b_lo       8.0  8.00 |   0   0.00   0.00 |     2 | 
b_lo       8.0 15.00 |   0   0.00   0.00 |     2 | 
b_lo       8.0 30.00 |   0   0.00   0.00 |     2 | 
b_lo      10.0  0.30 |   0   0.00   0.00 |     2 | 
b_lo      10.0  0.55 |   0   0.00   0.00 |     2 | 
b_lo      10.0  1.00 |   0   0.00   0.00 |     2 | 
b_lo      10.0  1.75 |   0   0.00   0.00 |     2 | 
b_lo      10.0  3.00 |   0   0.00   0.00 |     2 | 
b_lo      10.0  5.00 |   0   0.00   0.00 |     2 | 
b_lo      10.0  8.00 |   0   0.00   0.00 |     3 | 
b_lo      10.0 15.00 |   0   0.00   0.00 |     2 | 
b_lo      10.0 30.00 |   0   0.00   0.00 |     2 | 
b_lo      12.5  0.30 |   0   0.00   0.00 |     2 | 
b_lo      12.5  0.55 |   0   0.00   0.00 |     2 | 
b_lo      12.5  1.00 |   0   0.00   0.00 |     2 | 
b_lo      12.5  1.75 |   0   0.00   0.00 |     3 | 
b_lo      12.5  3.00 |   0   0.00   0.00 |     2 | 
b_lo      12.5  5.00 |   0   0.00   0.00 |     2 | 
b_lo      12.5  8.00 |   0   0.00   0.00 |     2 | 
b_lo      12.5 15.00 |   0   0.00   0.00 |     2 | 
b_lo      12.5 30.00 |   0   0.00   0.00 |     2 | 
b_lo      19.0  0.30 |   0   0.00   0.00 |     2 | 
b_lo      19.0  0.55 |   0   0.00   0.00 |     2 | 
b_lo      19.0  1.00 |   0   0.00   0.00 |     2 | 
b_lo      19.0  1.75 |   0   0.00   0.00 |     2 | 
b_lo      19.0  3.00 |   0   0.00   0.00 |     2 | 
b_lo      19.0  5.00 |   0   0.00   0.00 |     2 | 
b_lo      19.0  8.00 |   0   0.00   0.00 |     2 | 
b_lo      19.0 15.00 |   0   0.00   0.00 |     2 | 
b_lo      19.0 30.00 |   0   0.00   0.00 |     2 | 
