# RE-RUN on C1 of analysis-2020accord\studies\angle_loop\refute_friction\expB_holds.py J_hi 8.0,12.5,19.0,26.0,30.0  (C1 table [(714, 940, 1306), (1843, 1300, -4025), (2304, 847, -1484), (2707, 701, 1636), (3571, 1046, 2728), (4032, 1353, 1292), (6198, 2036, 0), (65535, 2036, 0)], Kp_base 112, Ki_base 56, Kd 20, freeze |tq|>512 + ramp)
member J_hi  [87 s]
  v    kind    Fs   | slips/25s  maxjump  | err p2p deg  err rms | T 0.3-5Hz rms  T 5-30Hz rms | th dominant f (Hz)
  8.0  d0      19.3 |    0     0.00  |   0.00   0.000 |     0.2     0.20 |  0.12
  8.0  crown   19.3 |    0     0.00  |   0.00   0.000 |     0.2     0.25 |  0.12
  8.0  drift   19.3 |    1     0.11  |   0.16   0.046 |     1.2     0.29 |  0.12
  8.0  gust    19.3 |   32     1.14  |   1.21   0.240 |    15.9     0.45 |  0.61
 12.5  d0      20.6 |    0     0.00  |   0.00   0.000 |     0.3     0.30 |  0.12
 12.5  crown   20.6 |    0     0.00  |   0.00   0.000 |     0.2     0.21 |  0.12
 12.5  drift   20.6 |    2     0.11  |   0.23   0.080 |     1.0     0.28 |  0.12
 12.5  gust    20.6 |   19     1.31  |   1.38   0.253 |    10.1     0.34 |  0.49
 19.0  d0      11.5 |    0     0.00  |   0.00   0.000 |     0.2     0.22 |  0.12
 19.0  crown   11.5 |    0     0.00  |   0.00   0.000 |     0.3     0.29 |  0.12
 19.0  drift   11.5 |    0     0.05  |   0.11   0.045 |     2.2     0.30 |  0.12
 19.0  gust    11.5 |   11     0.33  |   0.35   0.061 |     4.8     0.42 |  0.49
 26.0  d0       7.1 |    0     0.00  |   0.00   0.000 |     0.3     0.28 |  0.12
 26.0  crown    7.1 |    0     0.00  |   0.00   0.000 |     0.2     0.19 |  0.12
 26.0  drift    7.1 |    0     0.03  |   0.10   0.044 |     1.8     0.34 |  0.12
 26.0  gust     7.1 |    4     0.16  |   0.16   0.035 |     3.4     0.44 |  0.61
 30.0  d0       6.5 |    0     0.00  |   0.00   0.000 |     0.2     0.27 |  0.12
 30.0  crown    6.5 |    0     0.00  |   0.00   0.000 |     0.3     0.28 |  0.12
 30.0  drift    6.5 |    0     0.03  |   0.10   0.045 |     1.6     0.33 |  0.12
 30.0  gust     6.5 |    4     0.15  |   0.15   0.035 |     3.4     0.45 |  0.61
