# RE-RUN on C1 of analysis-2020accord\studies\angle_loop\refute_friction\expB_holds.py nominal  (C1 table [(714, 940, 1306), (1843, 1300, -4025), (2304, 847, -1484), (2707, 701, 1636), (3571, 1046, 2728), (4032, 1353, 1292), (6198, 2036, 0), (65535, 2036, 0)], Kp_base 112, Ki_base 56, Kd 20, freeze |tq|>512 + ramp)
member nominal  [59 s]
  v    kind    Fs   | slips/25s  maxjump  | err p2p deg  err rms | T 0.3-5Hz rms  T 5-30Hz rms | th dominant f (Hz)
  3.0  d0      94.7 |    4     0.41  |   0.43   0.174 |     3.2     0.28 |  0.12
  3.0  crown   94.7 |    2     0.43  |   0.43   0.139 |     2.0     0.26 |  0.12
  3.0  drift   94.7 |    6     0.61  |   0.97   0.349 |     5.0     0.30 |  0.12
  3.0  gust    94.7 |   34     8.60  |   8.97   1.597 |    75.6     1.25 |  0.61
  5.0  d0      65.3 |    5     0.27  |   0.29   0.118 |     2.9     0.29 |  0.12
  5.0  crown   65.3 |    4     0.28  |   0.29   0.120 |     2.4     0.27 |  0.12
  5.0  drift   65.3 |    4     0.35  |   0.52   0.157 |     3.2     0.27 |  0.12
  5.0  gust    65.3 |   36     4.70  |   4.81   0.906 |    50.0     0.88 |  0.61
  6.0  d0      49.8 |    0     0.00  |   0.00   0.000 |     0.2     0.21 |  0.12
  6.0  crown   49.8 |    6     0.18  |   0.18   0.081 |     2.6     0.29 |  0.12
  6.0  drift   49.8 |    5     0.22  |   0.43   0.135 |     2.5     0.27 |  0.12
  6.0  gust    49.8 |   33     3.19  |   3.26   0.634 |    37.1     0.74 |  0.61
  7.0  d0      34.4 |    0     0.00  |   0.00   0.000 |     0.2     0.25 |  0.12
  7.0  crown   34.4 |    8     0.12  |   0.12   0.054 |     3.0     0.36 |  0.12
  7.0  drift   34.4 |    3     0.14  |   0.23   0.070 |     1.9     0.32 |  0.12
  7.0  gust    34.4 |   33     2.02  |   2.05   0.408 |    25.0     0.57 |  0.61
  8.0  d0      18.9 |    0     0.00  |   0.00   0.000 |     0.3     0.30 |  0.12
  8.0  crown   18.9 |    0     0.00  |   0.00   0.000 |     0.2     0.26 |  0.12
  8.0  drift   18.9 |    0     0.10  |   0.16   0.044 |     1.3     0.24 |  0.12
  8.0  gust    18.9 |   34     1.03  |   1.08   0.221 |    14.6     0.53 |  0.61
 10.0  d0      18.7 |    0     0.00  |   0.00   0.000 |     0.3     0.31 |  0.12
 10.0  crown   18.7 |    0     0.00  |   0.00   0.000 |     0.3     0.28 |  0.12
 10.0  drift   18.7 |    1     0.13  |   0.22   0.071 |     1.0     0.25 |  0.12
 10.0  gust    18.7 |   22     1.33  |   1.37   0.246 |    10.5     0.37 |  0.49
 12.5  d0      17.6 |    0     0.00  |   0.00   0.000 |     0.2     0.27 |  0.12
 12.5  crown   17.6 |    0     0.00  |   0.00   0.000 |     0.2     0.25 |  0.12
 12.5  drift   17.6 |    2     0.12  |   0.20   0.076 |     0.8     0.28 |  0.12
 12.5  gust    17.6 |   23     0.93  |   0.99   0.182 |     7.4     0.36 |  0.49
 19.0  d0       9.1 |    0     0.00  |   0.00   0.000 |     0.2     0.26 |  0.12
 19.0  crown    9.1 |    0     0.00  |   0.00   0.000 |     0.2     0.21 |  0.12
 19.0  drift    9.1 |    0     0.03  |   0.10   0.045 |     2.1     0.28 |  0.12
 19.0  gust     9.1 |    8     0.21  |   0.21   0.043 |     3.3     0.38 |  0.61
 26.0  d0       6.0 |    0     0.00  |   0.00   0.000 |     0.1     0.18 |  0.12
 26.0  crown    6.0 |    0     0.00  |   0.00   0.000 |     0.3     0.29 |  0.12
 26.0  drift    6.0 |    0     0.02  |   0.10   0.044 |     1.4     0.33 |  0.12
 26.0  gust     6.0 |    4     0.13  |   0.13   0.031 |     3.3     0.45 |  0.37
