# RE-RUN on C1 of analysis-2020accord\studies\angle_loop\refute_friction\expB_holds.py b_lo 8.0,12.5,19.0,26.0,30.0  (C1 table [(714, 940, 1306), (1843, 1300, -4025), (2304, 847, -1484), (2707, 701, 1636), (3571, 1046, 2728), (4032, 1353, 1292), (6198, 2036, 0), (65535, 2036, 0)], Kp_base 112, Ki_base 56, Kd 20, freeze |tq|>512 + ramp)
member b_lo  [62 s]
  v    kind    Fs   | slips/25s  maxjump  | err p2p deg  err rms | T 0.3-5Hz rms  T 5-30Hz rms | th dominant f (Hz)
  8.0  d0      18.9 |    0     0.00  |   0.00   0.000 |     0.2     0.18 |  0.12
  8.0  crown   18.9 |    0     0.00  |   0.00   0.000 |     0.3     0.28 |  0.12
  8.0  drift   18.9 |    0     0.09  |   0.17   0.055 |     1.7     0.27 |  0.12
  8.0  gust    18.9 |   39     1.00  |   1.16   0.232 |    15.4     0.55 |  0.61
 12.5  d0      17.6 |    0     0.00  |   0.00   0.000 |     0.2     0.22 |  0.12
 12.5  crown   17.6 |    0     0.00  |   0.00   0.000 |     0.3     0.29 |  0.12
 12.5  drift   17.6 |    2     0.10  |   0.19   0.071 |     0.8     0.27 |  0.12
 12.5  gust    17.6 |   23     1.12  |   1.14   0.212 |     8.7     0.36 |  0.49
 19.0  d0       9.1 |    0     0.00  |   0.00   0.000 |     0.2     0.21 |  0.12
 19.0  crown    9.1 |    0     0.00  |   0.00   0.000 |     0.3     0.29 |  0.12
 19.0  drift    9.1 |    0     0.05  |   0.10   0.045 |     2.1     0.31 |  0.12
 19.0  gust     9.1 |   10     0.27  |   0.28   0.052 |     4.2     0.46 |  0.61
 26.0  d0       6.0 |    0     0.00  |   0.00   0.000 |     0.2     0.24 |  0.12
 26.0  crown    6.0 |    0     0.00  |   0.00   0.002 |     0.3     0.30 |  0.12
 26.0  drift    6.0 |    0     0.03  |   0.10   0.045 |     1.3     0.34 |  0.12
 26.0  gust     6.0 |    5     0.14  |   0.15   0.037 |     4.0     0.54 |  0.61
 30.0  d0       5.6 |    0     0.00  |   0.00   0.000 |     0.3     0.28 |  0.12
 30.0  crown    5.6 |    0     0.00  |   0.00   0.000 |     0.2     0.26 |  0.12
 30.0  drift    5.6 |    0     0.03  |   0.10   0.044 |     1.3     0.32 |  0.12
 30.0  gust     5.6 |    4     0.14  |   0.14   0.036 |     3.8     0.52 |  0.61
