# RE-RUN on C1 of analysis-2020accord\studies\angle_loop\refute_friction\expC_lighthand.py 3.0,8.0,12.5,19.0,26.0 1.0  (C1 table [(714, 940, 1306), (1843, 1300, -4025), (2304, 847, -1484), (2707, 701, 1636), (3571, 1046, 2728), (4032, 1353, 1292), (6198, 2036, 0), (65535, 2036, 0)], Kp_base 112, Ki_base 56, Kd 20, freeze |tq|>512 + ramp)
[46 s] hold 1.0 s
  v   delta  |tq|  fade | T fought  I-share(T) | peak|T| after  overshoot deg  return-to-0.2deg s
  3.0   0.5     0   254 |     -83       69   |     92     0.14    0.25
  3.0   0.5   700   248 |     -23        3   |     93     0.08    1.02
  3.0   0.5  1000   232 |     -19        1   |     92     0.08    1.06
  3.0   0.5  1100   226 |     -19        0   |     93     0.08    1.06
  3.0   0.5  2400    76 |      -6        0   |     93     0.07    1.07
  3.0   1.0     0   254 |    -189      158   |    191     1.39    1.37
  3.0   1.0   700   248 |     -44        8   |     92     0.08    0.62
  3.0   1.0  1000   232 |     -36        3   |     92     0.08    0.67
  3.0   1.0  1100   226 |     -35        2   |     91     0.08    0.67
  3.0   1.0  2400    76 |     -12        0   |     90     0.08    0.65
  3.0   2.0     0   254 |    -397      336   |    400     4.31    4.00
  3.0   2.0   700   248 |     -94       18   |     95     0.16    0.41
  3.0   2.0  1000   232 |     -78        7   |     93     0.15    0.45
  3.0   2.0  1100   226 |     -75        5   |     94     0.16    0.46
  3.0   2.0  2400    76 |     -24        0   |     97     0.17    0.47
  8.0   0.5     0   254 |    -130      112   |    131     1.20    0.72
  8.0   0.5   700   248 |     -34        6   |     34     0.05    0.09
  8.0   0.5  1000   232 |     -29        2   |     29    -0.02    0.11
  8.0   0.5  1100   226 |     -27        2   |     27    -0.02    0.12
  8.0   0.5  2400    76 |      -9        0   |     23    -0.01    0.15
  8.0   1.0     0   254 |    -262      220   |    264     2.51    0.81
  8.0   1.0   700   248 |     -67       12   |     67     0.16    0.11
  8.0   1.0  1000   232 |     -56        5   |     57     0.08    0.13
  8.0   1.0  1100   226 |     -54        4   |     55     0.07    0.13
  8.0   1.0  2400    76 |     -17        0   |     39     0.08    0.16
  8.0   2.0     0   254 |    -535      456   |    539     5.38    0.90
  8.0   2.0   700   248 |    -131       26   |    131     0.45    0.77
  8.0   2.0  1000   232 |    -109       10   |    110     0.30    0.85
  8.0   2.0  1100   226 |    -104        8   |    105     0.27    0.82
  8.0   2.0  2400    76 |     -34        0   |     73     0.26    0.85
 12.5   0.5     0   254 |     -83       69   |     83     0.61    1.29
 12.5   0.5   700   248 |     -19        3   |     19     0.04    0.26
 12.5   0.5  1000   232 |     -16        1   |     18     0.04    0.28
 12.5   0.5  1100   226 |     -16        1   |     18     0.03    0.29
 12.5   0.5  2400    76 |      -5        0   |     18     0.04    0.32
 12.5   1.0     0   254 |    -160      135   |    161     1.37    1.30
 12.5   1.0   700   248 |     -40        7   |     40     0.13    0.27
 12.5   1.0  1000   232 |     -34        3   |     34     0.10    0.31
 12.5   1.0  1100   226 |     -32        2   |     32     0.09    0.32
 12.5   1.0  2400    76 |     -10        0   |     25     0.09    0.34
 12.5   2.0     0   254 |    -325      275   |    327     3.00    1.35
 12.5   2.0   700   248 |     -77       15   |     77     0.38    1.53
 12.5   2.0  1000   232 |     -64        6   |     64     0.31    1.71
 12.5   2.0  1100   226 |     -61        4   |     62     0.30    1.71
 12.5   2.0  2400    76 |     -20        0   |     45     0.28    1.70
 19.0   0.5     0   254 |    -138      117   |    139     0.61    1.06
 19.0   0.5   700   248 |     -37        6   |     37     0.06    0.13
 19.0   0.5  1000   232 |     -31        2   |     31     0.06    0.14
 19.0   0.5  1100   226 |     -30        1   |     31     0.06    0.14
 19.0   0.5  2400    76 |      -9        0   |     22     0.05    0.17
 19.0   1.0     0   254 |    -284      242   |    286     1.32    1.25
 19.0   1.0   700   248 |     -69       13   |     69     0.17    0.19
 19.0   1.0  1000   232 |     -57        5   |     58     0.14    0.21
 19.0   1.0  1100   226 |     -55        3   |     55     0.13    0.21
 19.0   1.0  2400    76 |     -19        0   |     43     0.12    0.24
 19.0   2.0     0   254 |    -582      492   |    586     2.72    1.41
 19.0   2.0   700   248 |    -145       26   |    145     0.38    1.14
 19.0   2.0  1000   232 |    -121       10   |    121     0.30    1.13
 19.0   2.0  1100   226 |    -116        8   |    117     0.29    1.11
 19.0   2.0  2400    76 |     -37        0   |     84     0.28    1.11
 26.0   0.5     0   254 |    -183      154   |    184     0.76    0.95
 26.0   0.5   700   248 |     -50        8   |     50     0.09    0.12
 26.0   0.5  1000   232 |     -42        3   |     42     0.07    0.14
 26.0   0.5  1100   226 |     -41        2   |     41     0.07    0.14
 26.0   0.5  2400    76 |     -13        0   |     33     0.07    0.17
 26.0   1.0     0   254 |    -377      320   |    379     1.61    1.06
 26.0   1.0   700   248 |     -93       17   |     93     0.24    0.92
 26.0   1.0  1000   232 |     -78        6   |     78     0.19    0.21
 26.0   1.0  1100   226 |     -73        5   |     74     0.18    0.21
 26.0   1.0  2400    76 |     -26        0   |     65     0.18    0.24
 26.0   2.0     0   254 |    -764      649   |    768     3.25    1.13
 26.0   2.0   700   248 |    -196       35   |    196     0.49    1.04
 26.0   2.0  1000   232 |    -164       14   |    165     0.40    1.05
 26.0   2.0  1100   226 |    -156       11   |    158     0.39    1.04
 26.0   2.0  2400    76 |     -49        0   |    128     0.40    1.07
