# RE-RUN on C1 of analysis-2020accord\studies\angle_loop\refute_friction\expC_lighthand.py   (C1 table [(714, 940, 1306), (1843, 1300, -4025), (2304, 847, -1484), (2707, 701, 1636), (3571, 1046, 2728), (4032, 1353, 1292), (6198, 2036, 0), (65535, 2036, 0)], Kp_base 112, Ki_base 56, Kd 20, freeze |tq|>512 + ramp)
[28 s] hold 3.0 s
  v   delta  |tq|  fade | T fought  I-share(T) | peak|T| after  overshoot deg  return-to-0.2deg s
  5.0   0.5     0   254 |    -260      246   |    260     2.71    0.92
  5.0   0.5   700   248 |     -27        4   |     61     0.05    0.57
  5.0   0.5  1000   232 |     -23        2   |     61     0.03    0.60
  5.0   0.5  1100   226 |     -22        1   |     60     0.05    0.61
  5.0   0.5  2400    76 |      -7        0   |     61     0.05    0.64
  5.0   1.0     0   254 |    -506      477   |    507     5.94    0.86
  5.0   1.0   700   248 |     -51       10   |     59     0.06    0.39
  5.0   1.0  1000   232 |     -43        4   |     60     0.05    0.42
  5.0   1.0  1100   226 |     -41        3   |     61     0.05    0.43
  5.0   1.0  2400    76 |     -14        0   |     59     0.05    0.45
  5.0   2.0     0   254 |    -732      663   |    732     8.48    3.35
  5.0   2.0   700   248 |    -108       21   |    109     0.15    0.24
  5.0   2.0  1000   232 |     -90        8   |     91     0.10    0.30
  5.0   2.0  1100   226 |     -86        6   |     88     0.09    0.31
  5.0   2.0  2400    76 |     -27        0   |     85     0.12    0.33
  8.0   0.5     0   254 |    -306      289   |    307     3.27    0.82
  8.0   0.5   700   248 |     -33        6   |     33     0.05    0.09
  8.0   0.5  1000   232 |     -28        2   |     29    -0.02    0.11
  8.0   0.5  1100   226 |     -27        2   |     28    -0.02    0.12
  8.0   0.5  2400    76 |      -9        0   |     23    -0.00    0.15
  8.0   1.0     0   254 |    -590      561   |    591     6.47    0.91
  8.0   1.0   700   248 |     -68       12   |     68     0.15    0.11
  8.0   1.0  1000   232 |     -56        5   |     57     0.08    0.12
  8.0   1.0  1100   226 |     -54        4   |     55     0.07    0.13
  8.0   1.0  2400    76 |     -17        0   |     38     0.07    0.16
  8.0   2.0     0   254 |    -748      663   |    748     7.66    0.94
  8.0   2.0   700   248 |    -131       26   |    131     0.45    0.77
  8.0   2.0  1000   232 |    -109       10   |    110     0.30    0.85
  8.0   2.0  1100   226 |    -104        8   |    105     0.26    0.81
  8.0   2.0  2400    76 |     -34        0   |     73     0.26    0.85
 12.5   0.5     0   254 |    -188      178   |    188     1.81    1.27
 12.5   0.5   700   248 |     -19        3   |     19     0.05    0.25
 12.5   0.5  1000   232 |     -17        1   |     18     0.04    0.29
 12.5   0.5  1100   226 |     -16        1   |     18     0.04    0.29
 12.5   0.5  2400    76 |      -5        0   |     18     0.04    0.32
 12.5   1.0     0   254 |    -377      357   |    378     3.81    1.32
 12.5   1.0   700   248 |     -40        7   |     39     0.13    0.27
 12.5   1.0  1000   232 |     -34        3   |     34     0.10    0.31
 12.5   1.0  1100   226 |     -32        2   |     32     0.10    0.32
 12.5   1.0  2400    76 |     -10        0   |     26     0.09    0.34
 12.5   2.0     0   254 |    -710      663   |    711     7.16    3.06
 12.5   2.0   700   248 |     -77       15   |     77     0.38    1.53
 12.5   2.0  1000   232 |     -64        6   |     64     0.31    1.71
 12.5   2.0  1100   226 |     -61        4   |     62     0.30    1.70
 12.5   2.0  2400    76 |     -20        0   |     44     0.29    1.71
 19.0   0.5     0   254 |    -312      299   |    313     1.59    1.25
 19.0   0.5   700   248 |     -37        6   |     37     0.06    0.13
 19.0   0.5  1000   232 |     -31        2   |     31     0.06    0.14
 19.0   0.5  1100   226 |     -30        1   |     30     0.05    0.14
 19.0   0.5  2400    76 |     -10        0   |     22     0.06    0.17
 19.0   1.0     0   254 |    -635      602   |    637     3.25    1.40
 19.0   1.0   700   248 |     -68       13   |     68     0.17    0.19
 19.0   1.0  1000   232 |     -57        5   |     57     0.15    0.21
 19.0   1.0  1100   226 |     -55        3   |     55     0.13    0.21
 19.0   1.0  2400    76 |     -19        0   |     43     0.13    0.23
 19.0   2.0     0   254 |    -759      663   |    759     3.55    1.44
 19.0   2.0   700   248 |    -145       26   |    145     0.38    1.13
 19.0   2.0  1000   232 |    -121       10   |    122     0.30    1.12
 19.0   2.0  1100   226 |    -116        8   |    116     0.29    1.11
 19.0   2.0  2400    76 |     -36        0   |     84     0.28    1.12
 26.0   0.5     0   254 |    -396      377   |    397     1.85    1.04
 26.0   0.5   700   248 |     -50        8   |     50     0.09    0.12
 26.0   0.5  1000   232 |     -42        3   |     42     0.07    0.14
 26.0   0.5  1100   226 |     -40        2   |     40     0.07    0.14
 26.0   0.5  2400    76 |     -13        0   |     33     0.08    0.17
 26.0   1.0     0   254 |    -708      663   |    708     3.25    1.10
 26.0   1.0   700   248 |     -93       17   |     93     0.23    0.92
 26.0   1.0  1000   232 |     -77        6   |     78     0.19    0.21
 26.0   1.0  1100   226 |     -74        5   |     74     0.18    0.21
 26.0   1.0  2400    76 |     -26        0   |     65     0.18    0.24
 26.0   2.0     0   254 |    -794      663   |    794     3.25    1.13
 26.0   2.0   700   248 |    -195       35   |    195     0.49    1.05
 26.0   2.0  1000   232 |    -163       14   |    164     0.40    1.05
 26.0   2.0  1100   226 |    -156       11   |    158     0.39    1.04
 26.0   2.0  2400    76 |     -49        0   |    128     0.39    1.07
