# RE-RUN on C1 of analysis-2020accord\studies\angle_loop\refute_friction\expD_engage.py   (C1 table [(714, 940, 1306), (1843, 1300, -4025), (2304, 847, -1484), (2707, 701, 1636), (3571, 1046, 2728), (4032, 1353, 1292), (6198, 2036, 0), (65535, 2036, 0)], Kp_base 112, Ki_base 56, Kd 20, freeze |tq|>512 + ramp)
[26 s]
  v  theta0 lag | sp at engage | droop deg (t)  | overshoot deg | slips | peak|T| | I at 1 s (T) | |th-sp| at TE+4 s
  3.0  45.0  0.0 |  44.90 |   7.26 (0.58 s) |   0.58 |   2 |   427 |    11 |  0.13
  3.0  45.0  0.3 |  44.90 |   5.27 (0.83 s) |   0.43 |   3 |   409 |     8 |  0.16
  3.0  45.0  1.0 |  44.90 |   3.34 (1.41 s) |   0.27 |   3 |   393 |     0 |  0.17
  5.0  25.0  0.0 |  24.90 |   6.82 (0.53 s) |   0.17 |   2 |   376 |    11 |  0.08
  5.0  25.0  0.3 |  24.90 |   5.03 (0.78 s) |   0.14 |   2 |   370 |     8 |  0.14
  5.0  25.0  1.0 |  24.90 |   3.28 (1.38 s) |   0.08 |   2 |   360 |     0 |  0.08
  8.0  15.0  0.0 |  14.90 |   6.42 (0.47 s) |  -0.03 |   0 |   314 |     9 |  0.03
  8.0  15.0  0.3 |  14.90 |   4.82 (0.72 s) |  -0.03 |   1 |   315 |     9 |  0.03
  8.0  15.0  1.0 |  14.90 |   3.25 (1.35 s) |  -0.02 |   1 |   313 |     0 |  0.02
 12.5   6.0  0.0 |   5.90 |   3.03 (0.72 s) |   0.11 |   1 |   207 |     4 |  0.01
 12.5   6.0  0.3 |   5.90 |   2.58 (0.99 s) |   0.09 |   1 |   204 |     3 |  0.02
 12.5   6.0  1.0 |   5.90 |   1.84 (1.52 s) |   0.07 |   1 |   202 |     0 |  0.03
 19.0   2.5  0.0 |   2.40 |   1.46 (0.67 s) |   0.01 |   1 |   189 |     3 |  0.03
 19.0   2.5  0.3 |   2.40 |   1.27 (0.93 s) |   0.01 |   1 |   189 |     3 |  0.03
 19.0   2.5  1.0 |   2.40 |   0.94 (1.49 s) |   0.01 |   0 |   189 |     0 |  0.04
 26.0   1.5  0.0 |   1.50 |   0.70 (0.69 s) |   0.05 |   1 |   104 |     2 |  0.05
 26.0   1.5  0.3 |   1.50 |   0.59 (0.94 s) |   0.05 |   1 |   102 |     2 |  0.05
 26.0   1.5  1.0 |   1.50 |   0.40 (1.45 s) |   0.01 |   0 |    99 |     0 |  0.01
