# RE-RUN on C1 of analysis-2020accord\studies\angle_loop\refute_friction\expF_costeer.py   (C1 table [(714, 940, 1306), (1843, 1300, -4025), (2304, 847, -1484), (2707, 701, 1636), (3571, 1046, 2728), (4032, 1353, 1292), (6198, 2036, 0), (65535, 2036, 0)], Kp_base 112, Ki_base 56, Kd 20, freeze |tq|>512 + ramp)
  v    A   share  |tq| | I at release (T) | droop after release deg | overshoot during push | slips after
  5.0  25.0  0.5    900 |    245 |   0.17 |   0.51 | 1
  5.0  25.0  0.5   1500 |    245 |   0.06 |  -0.06 | 0
  5.0  25.0  1.0    900 |    245 |   0.97 |   3.15 | 1
  5.0  25.0  1.0   1500 |    246 |   0.84 |   2.75 | 1
  8.0  15.0  0.5    900 |    289 |   0.40 |   1.46 | 1
  8.0  15.0  0.5   1500 |    288 |   0.21 |   0.76 | 1
  8.0  15.0  1.0    900 |    289 |   0.93 |   3.50 | 1
  8.0  15.0  1.0   1500 |    288 |   0.86 |   3.23 | 1
 12.5   6.0  0.5    900 |    183 |   0.20 |   1.04 | 1
 12.5   6.0  0.5   1500 |    183 |   0.06 |   0.46 | 0
 12.5   6.0  1.0    900 |    183 |   0.58 |   2.55 | 1
 12.5   6.0  1.0   1500 |    183 |   0.48 |   2.17 | 1
 19.0   2.5  0.5    900 |    196 |   0.07 |   0.60 | 0
 19.0   2.5  0.5   1500 |    196 |   0.05 |   0.35 | 0
 19.0   2.5  1.0    900 |    196 |   0.23 |   1.30 | 1
 19.0   2.5  1.0   1500 |    196 |   0.18 |   1.12 | 0
 26.0   1.5  0.5    900 |     92 |   0.05 |   0.26 | 0
 26.0   1.5  0.5   1500 |     92 |   0.04 |   0.15 | 0
 26.0   1.5  1.0    900 |     92 |   0.13 |   0.56 | 0
 26.0   1.5  1.0   1500 |     92 |   0.11 |   0.51 | 0
