# RE-RUN on C1 of analysis-2020accord\studies\angle_loop\refute_friction\expG_smallamp.py F_lo,F_hi,J_hi  (C1 table [(714, 940, 1306), (1843, 1300, -4025), (2304, 847, -1484), (2707, 701, 1636), (3571, 1046, 2728), (4032, 1353, 1292), (6198, 2036, 0), (65535, 2036, 0)], Kp_base 112, Ki_base 56, Kd 20, freeze |tq|>512 + ramp)
member   v    amp   f  | track gain (harness def) | fit gain  phase deg | stick%
F_lo       5.0  0.2  0.2 |  1.118 |  1.359   -36.9 |  63.6
F_lo       5.0  0.2  0.5 | -0.035 |  0.179   -98.5 |  91.0
F_lo       5.0  0.3  0.2 |  1.105 |  1.203   -30.1 |  64.6
F_lo       5.0  0.3  0.5 | -0.160 |  0.247  -135.7 |  84.8
F_lo       5.0  0.5  0.2 |  1.091 |  1.134   -22.5 |  63.9
F_lo       5.0  0.5  0.5 |  0.461 |  1.271   -67.5 |  42.8
F_lo       5.0  1.0  0.2 |  1.157 |  1.174   -12.3 |  31.0
F_lo       5.0  1.0  0.5 |  0.965 |  1.340   -42.6 |  28.7
F_lo       5.0  2.0  0.2 |  1.109 |  1.123    -8.9 |  24.7
F_lo       5.0  2.0  0.5 |  1.088 |  1.297   -31.6 |  19.0
F_lo       8.0  0.2  0.2 |  1.023 |  1.246   -19.7 |  44.3
F_lo       8.0  0.2  0.5 |  0.790 |  1.237   -45.3 |  31.6  <-- outside 0.95-1.05
F_lo       8.0  0.3  0.2 |  1.082 |  1.162   -12.7 |  27.2  <-- outside 0.95-1.05
F_lo       8.0  0.3  0.5 |  0.960 |  1.229   -34.9 |  19.9
F_lo       8.0  0.5  0.2 |  1.064 |  1.104   -10.0 |  14.2  <-- outside 0.95-1.05
F_lo       8.0  0.5  0.5 |  0.991 |  1.182   -30.0 |  16.9
F_lo       8.0  1.0  0.2 |  1.042 |  1.064    -8.1 |   9.9
F_lo       8.0  1.0  0.5 |  1.014 |  1.132   -25.1 |  11.3
F_lo       8.0  2.0  0.2 |  1.032 |  1.040    -7.1 |   8.4
F_lo       8.0  2.0  0.5 |  1.006 |  1.110   -23.2 |   6.7
F_lo      10.0  0.2  0.2 |  1.005 |  1.207   -28.2 |  44.1
F_lo      10.0  0.2  0.5 | -0.005 |  0.890   -90.5 |  39.1  <-- outside 0.95-1.05
F_lo      10.0  0.3  0.2 |  1.014 |  1.215   -26.2 |  22.4
F_lo      10.0  0.3  0.5 |  0.322 |  1.030   -70.7 |  27.1  <-- outside 0.95-1.05
F_lo      10.0  0.5  0.2 |  1.062 |  1.136   -18.6 |  17.9  <-- outside 0.95-1.05
F_lo      10.0  0.5  0.5 |  0.536 |  1.093   -59.2 |  19.0  <-- outside 0.95-1.05
F_lo      10.0  1.0  0.2 |  1.053 |  1.103   -15.8 |  16.0  <-- outside 0.95-1.05
F_lo      10.0  1.0  0.5 |  0.694 |  1.101   -49.6 |  11.9  <-- outside 0.95-1.05
F_lo      10.0  2.0  0.2 |  1.038 |  1.071   -13.5 |   9.7
F_lo      10.0  2.0  0.5 |  0.759 |  1.094   -44.8 |   5.7  <-- outside 0.95-1.05
F_lo      12.5  0.2  0.2 |  0.871 |  1.293   -39.9 |  31.5  <-- outside 0.95-1.05
F_lo      12.5  0.2  0.5 | -0.157 |  0.703  -101.9 |  32.4  <-- outside 0.95-1.05
F_lo      12.5  0.3  0.2 |  1.011 |  1.196   -29.3 |  19.6
F_lo      12.5  0.3  0.5 |  0.029 |  0.838   -87.2 |  24.5  <-- outside 0.95-1.05
F_lo      12.5  0.5  0.2 |  1.035 |  1.144   -24.0 |  17.1
F_lo      12.5  0.5  0.5 |  0.187 |  0.889   -76.7 |  17.4  <-- outside 0.95-1.05
F_lo      12.5  1.0  0.2 |  1.023 |  1.105   -21.0 |  15.1
F_lo      12.5  1.0  0.5 |  0.342 |  0.922   -67.0 |   9.2  <-- outside 0.95-1.05
F_lo      12.5  2.0  0.2 |  1.005 |  1.073   -19.7 |   9.8
F_lo      12.5  2.0  0.5 |  0.418 |  0.928   -61.9 |   5.4  <-- outside 0.95-1.05
F_lo      19.0  0.2  0.2 |  0.851 |  0.944   -30.4 |  29.1  <-- outside 0.95-1.05
F_lo      19.0  0.2  0.5 |  0.241 |  0.786   -70.0 |  15.1  <-- outside 0.95-1.05
F_lo      19.0  0.3  0.2 |  0.877 |  0.974   -27.0 |  19.4  <-- outside 0.95-1.05
F_lo      19.0  0.3  0.5 |  0.310 |  0.799   -64.6 |   7.5  <-- outside 0.95-1.05
F_lo      19.0  0.5  0.2 |  0.903 |  0.991   -24.3 |   8.7  <-- outside 0.95-1.05
F_lo      19.0  0.5  0.5 |  0.401 |  0.798   -59.0 |   7.8  <-- outside 0.95-1.05
F_lo      19.0  1.0  0.2 |  0.913 |  0.992   -22.6 |   6.2  <-- outside 0.95-1.05
F_lo      19.0  1.0  0.5 |  0.422 |  0.797   -56.7 |   3.6  <-- outside 0.95-1.05
F_lo      19.0  2.0  0.2 |  0.907 |  0.987   -22.4 |   2.8  <-- outside 0.95-1.05
F_lo      19.0  2.0  0.5 |  0.437 |  0.798   -55.6 |   1.4  <-- outside 0.95-1.05
F_lo      26.0  0.2  0.2 |  0.958 |  1.113   -21.0 |   1.3
F_lo      26.0  0.2  0.5 |  0.588 |  1.055   -53.5 |   6.0  <-- outside 0.95-1.05
F_lo      26.0  0.3  0.2 |  0.991 |  1.096   -18.1 |   1.1
F_lo      26.0  0.3  0.5 |  0.624 |  1.053   -51.4 |   8.9  <-- outside 0.95-1.05
F_lo      26.0  0.5  0.2 |  1.004 |  1.077   -16.0 |   1.0
F_lo      26.0  0.5  0.5 |  0.654 |  1.071   -49.7 |   2.4  <-- outside 0.95-1.05
F_lo      26.0  1.0  0.2 |  1.016 |  1.058   -14.4 |   2.8
F_lo      26.0  1.0  0.5 |  0.677 |  1.052   -48.1 |   1.2  <-- outside 0.95-1.05
F_lo      26.0  2.0  0.2 |  1.018 |  1.052   -13.8 |   0.9
F_lo      26.0  2.0  0.5 |  0.692 |  1.046   -47.3 |   0.2  <-- outside 0.95-1.05
F_lo      30.0  0.2  0.2 |  0.963 |  1.122   -20.5 |   0.9
F_lo      30.0  0.2  0.5 |  0.595 |  1.069   -53.1 |   5.1  <-- outside 0.95-1.05
F_lo      30.0  0.3  0.2 |  0.996 |  1.101   -17.5 |   0.9
F_lo      30.0  0.3  0.5 |  0.633 |  1.070   -50.9 |   9.2  <-- outside 0.95-1.05
F_lo      30.0  0.5  0.2 |  1.012 |  1.077   -15.4 |   1.3
F_lo      30.0  0.5  0.5 |  0.663 |  1.085   -49.5 |   2.2  <-- outside 0.95-1.05
F_lo      30.0  1.0  0.2 |  1.021 |  1.060   -14.1 |   3.8
F_lo      30.0  1.0  0.5 |  0.709 |  1.071   -47.1 |   0.5  <-- outside 0.95-1.05
F_lo      30.0  2.0  0.2 |  1.023 |  1.056   -13.5 |   1.0
F_lo      30.0  2.0  0.5 |  0.721 |  1.076   -46.4 |   0.2  <-- outside 0.95-1.05
F_hi       5.0  0.2  0.2 |  0.000 |  0.000     0.0 | 100.0
F_hi       5.0  0.2  0.5 |  0.000 |  0.000     0.0 | 100.0
F_hi       5.0  0.3  0.2 |  0.000 |  0.000     0.0 | 100.0
F_hi       5.0  0.3  0.5 |  0.000 |  0.000     0.0 | 100.0
F_hi       5.0  0.5  0.2 |  0.359 |  1.438   -75.2 |  77.8
F_hi       5.0  0.5  0.5 |  0.000 |  0.000     0.0 | 100.0
F_hi       5.0  1.0  0.2 |  1.005 |  1.339   -41.3 |  64.4
F_hi       5.0  1.0  0.5 | -0.049 |  0.298   -98.9 |  83.3
F_hi       5.0  2.0  0.2 |  1.135 |  1.245   -23.8 |  46.4
F_hi       5.0  2.0  0.5 |  0.423 |  1.243   -68.7 |  43.9
F_hi       8.0  0.2  0.2 |  0.933 |  1.348   -41.3 |  70.4  <-- outside 0.95-1.05
F_hi       8.0  0.2  0.5 | -0.037 |  0.152   -99.3 |  92.9  <-- outside 0.95-1.05
F_hi       8.0  0.3  0.2 |  1.045 |  1.292   -33.4 |  55.0
F_hi       8.0  0.3  0.5 | -0.142 |  0.829   -99.9 |  65.7  <-- outside 0.95-1.05
F_hi       8.0  0.5  0.2 |  1.108 |  1.206   -21.5 |  39.6  <-- outside 0.95-1.05
F_hi       8.0  0.5  0.5 |  0.554 |  1.156   -60.2 |  44.2  <-- outside 0.95-1.05
F_hi       8.0  1.0  0.2 |  1.106 |  1.141   -13.6 |  25.7  <-- outside 0.95-1.05
F_hi       8.0  1.0  0.5 |  0.885 |  1.194   -40.4 |  29.8  <-- outside 0.95-1.05
F_hi       8.0  2.0  0.2 |  1.074 |  1.087    -9.7 |  20.9  <-- outside 0.95-1.05
F_hi       8.0  2.0  0.5 |  0.985 |  1.162   -30.3 |  20.2
F_hi      10.0  0.2  0.2 | -0.014 |  1.206   -88.8 |  66.2  <-- outside 0.95-1.05
F_hi      10.0  0.2  0.5 | -0.009 |  0.061  -118.9 |  95.2  <-- outside 0.95-1.05
F_hi      10.0  0.3  0.2 |  0.749 |  1.386   -56.6 |  57.0  <-- outside 0.95-1.05
F_hi      10.0  0.3  0.5 | -0.052 |  0.127  -108.6 |  89.8  <-- outside 0.95-1.05
F_hi      10.0  0.5  0.2 |  0.988 |  1.304   -39.9 |  46.9
F_hi      10.0  0.5  0.5 | -0.111 |  0.130  -143.9 |  85.7  <-- outside 0.95-1.05
F_hi      10.0  1.0  0.2 |  1.099 |  1.201   -24.7 |  33.4  <-- outside 0.95-1.05
F_hi      10.0  1.0  0.5 |  0.184 |  0.985   -78.0 |  32.4  <-- outside 0.95-1.05
F_hi      10.0  2.0  0.2 |  1.080 |  1.143   -18.5 |  23.7  <-- outside 0.95-1.05
F_hi      10.0  2.0  0.5 |  0.563 |  1.097   -58.0 |  19.2  <-- outside 0.95-1.05
F_hi      12.5  0.2  0.2 | -0.167 |  1.099   -95.6 |  64.5  <-- outside 0.95-1.05
F_hi      12.5  0.2  0.5 | -0.010 |  0.044  -119.3 |  94.2  <-- outside 0.95-1.05
F_hi      12.5  0.3  0.2 |  0.482 |  1.322   -68.8 |  54.7  <-- outside 0.95-1.05
F_hi      12.5  0.3  0.5 |  0.003 |  0.049  -102.5 |  93.0  <-- outside 0.95-1.05
F_hi      12.5  0.5  0.2 |  0.861 |  1.311   -47.8 |  44.6  <-- outside 0.95-1.05
F_hi      12.5  0.5  0.5 | -0.064 |  0.101  -142.9 |  83.5  <-- outside 0.95-1.05
F_hi      12.5  1.0  0.2 |  1.029 |  1.209   -31.9 |  30.8
F_hi      12.5  1.0  0.5 | -0.114 |  0.654   -99.4 |  32.9  <-- outside 0.95-1.05
F_hi      12.5  2.0  0.2 |  1.029 |  1.147   -25.4 |  23.3
F_hi      12.5  2.0  0.5 |  0.175 |  0.859   -77.0 |  18.0  <-- outside 0.95-1.05
F_hi      19.0  0.2  0.2 |  0.786 |  1.014   -43.1 |  47.2  <-- outside 0.95-1.05
F_hi      19.0  0.2  0.5 | -0.107 |  0.444  -102.8 |  49.9  <-- outside 0.95-1.05
F_hi      19.0  0.3  0.2 |  0.871 |  1.043   -35.7 |  33.2  <-- outside 0.95-1.05
F_hi      19.0  0.3  0.5 |  0.035 |  0.654   -86.0 |  31.6  <-- outside 0.95-1.05
F_hi      19.0  0.5  0.2 |  0.915 |  1.047   -29.6 |  22.5  <-- outside 0.95-1.05
F_hi      19.0  0.5  0.5 |  0.179 |  0.758   -74.8 |  21.1  <-- outside 0.95-1.05
F_hi      19.0  1.0  0.2 |  0.930 |  1.028   -25.1 |  15.8  <-- outside 0.95-1.05
F_hi      19.0  1.0  0.5 |  0.321 |  0.784   -64.7 |  12.4  <-- outside 0.95-1.05
F_hi      19.0  2.0  0.2 |  0.919 |  1.008   -23.7 |   9.3  <-- outside 0.95-1.05
F_hi      19.0  2.0  0.5 |  0.391 |  0.798   -59.4 |   7.1  <-- outside 0.95-1.05
F_hi      26.0  0.2  0.2 |  0.969 |  1.235   -28.5 |  19.2
F_hi      26.0  0.2  0.5 |  0.344 |  1.019   -68.8 |  24.3  <-- outside 0.95-1.05
F_hi      26.0  0.3  0.2 |  1.010 |  1.179   -23.2 |  14.9
F_hi      26.0  0.3  0.5 |  0.464 |  1.039   -62.1 |  20.6  <-- outside 0.95-1.05
F_hi      26.0  0.5  0.2 |  1.036 |  1.122   -18.3 |  11.4
F_hi      26.0  0.5  0.5 |  0.562 |  1.068   -56.5 |  11.9  <-- outside 0.95-1.05
F_hi      26.0  1.0  0.2 |  1.037 |  1.079   -15.3 |   8.5
F_hi      26.0  1.0  0.5 |  0.624 |  1.061   -52.1 |   6.2  <-- outside 0.95-1.05
F_hi      26.0  2.0  0.2 |  1.029 |  1.066   -14.3 |   6.2
F_hi      26.0  2.0  0.5 |  0.671 |  1.053   -49.1 |   2.9  <-- outside 0.95-1.05
F_hi      30.0  0.2  0.2 |  0.979 |  1.245   -27.6 |  16.1
F_hi      30.0  0.2  0.5 |  0.380 |  1.030   -67.0 |  21.9  <-- outside 0.95-1.05
F_hi      30.0  0.3  0.2 |  1.017 |  1.187   -22.6 |  13.8
F_hi      30.0  0.3  0.5 |  0.486 |  1.050   -60.9 |  19.7  <-- outside 0.95-1.05
F_hi      30.0  0.5  0.2 |  1.042 |  1.126   -17.8 |  11.9
F_hi      30.0  0.5  0.5 |  0.575 |  1.082   -55.8 |  10.9  <-- outside 0.95-1.05
F_hi      30.0  1.0  0.2 |  1.041 |  1.080   -14.9 |   8.6
F_hi      30.0  1.0  0.5 |  0.664 |  1.084   -50.5 |   5.1  <-- outside 0.95-1.05
F_hi      30.0  2.0  0.2 |  1.033 |  1.068   -13.9 |   5.8
F_hi      30.0  2.0  0.5 |  0.700 |  1.083   -48.2 |   2.9  <-- outside 0.95-1.05
J_hi       5.0  0.2  0.2 |  0.924 |  1.662   -57.0 |  76.1
J_hi       5.0  0.2  0.5 | -0.078 |  0.076  -165.2 |  98.0
J_hi       5.0  0.3  0.2 |  1.065 |  1.415   -42.7 |  68.2
J_hi       5.0  0.3  0.5 | -0.047 |  0.068  -157.7 |  97.7
J_hi       5.0  0.5  0.2 |  1.061 |  1.253   -34.5 |  63.3
J_hi       5.0  0.5  0.5 | -0.296 |  0.581  -122.4 |  66.4
J_hi       5.0  1.0  0.2 |  1.170 |  1.230   -19.6 |  38.0
J_hi       5.0  1.0  0.5 |  0.711 |  1.448   -59.2 |  35.0
J_hi       5.0  2.0  0.2 |  1.133 |  1.165   -12.9 |  29.6
J_hi       5.0  2.0  0.5 |  1.046 |  1.411   -40.8 |  22.7
J_hi       8.0  0.2  0.2 |  0.958 |  1.336   -32.8 |  55.3
J_hi       8.0  0.2  0.5 |  0.254 |  1.166   -76.1 |  49.5  <-- outside 0.95-1.05
J_hi       8.0  0.3  0.2 |  1.035 |  1.253   -24.5 |  44.1
J_hi       8.0  0.3  0.5 |  0.556 |  1.266   -61.0 |  39.4  <-- outside 0.95-1.05
J_hi       8.0  0.5  0.2 |  1.082 |  1.172   -16.9 |  27.4  <-- outside 0.95-1.05
J_hi       8.0  0.5  0.5 |  0.862 |  1.243   -43.9 |  27.8  <-- outside 0.95-1.05
J_hi       8.0  1.0  0.2 |  1.068 |  1.099   -11.5 |  16.7  <-- outside 0.95-1.05
J_hi       8.0  1.0  0.5 |  0.982 |  1.195   -33.3 |  18.1
J_hi       8.0  2.0  0.2 |  1.045 |  1.064    -9.6 |  12.9
J_hi       8.0  2.0  0.5 |  1.003 |  1.152   -28.1 |   9.6
J_hi      10.0  0.2  0.2 |  0.898 |  1.310   -47.2 |  58.2  <-- outside 0.95-1.05
J_hi      10.0  0.2  0.5 | -0.025 |  0.163  -103.2 |  84.0  <-- outside 0.95-1.05
J_hi      10.0  0.3  0.2 |  1.004 |  1.262   -37.4 |  44.1
J_hi      10.0  0.3  0.5 | -0.081 |  0.181  -141.1 |  74.7  <-- outside 0.95-1.05
J_hi      10.0  0.5  0.2 |  1.037 |  1.207   -27.9 |  31.1
J_hi      10.0  0.5  0.5 |  0.154 |  1.038   -80.3 |  33.6  <-- outside 0.95-1.05
J_hi      10.0  1.0  0.2 |  1.069 |  1.143   -19.9 |  23.6  <-- outside 0.95-1.05
J_hi      10.0  1.0  0.5 |  0.591 |  1.153   -57.9 |  20.0  <-- outside 0.95-1.05
J_hi      10.0  2.0  0.2 |  1.049 |  1.096   -15.9 |  16.9
J_hi      10.0  2.0  0.5 |  0.748 |  1.147   -47.8 |  10.9  <-- outside 0.95-1.05
J_hi      12.5  0.2  0.2 |  0.804 |  1.332   -53.1 |  52.0  <-- outside 0.95-1.05
J_hi      12.5  0.2  0.5 | -0.046 |  0.126  -112.3 |  84.3  <-- outside 0.95-1.05
J_hi      12.5  0.3  0.2 |  0.954 |  1.255   -41.7 |  42.8
J_hi      12.5  0.3  0.5 | -0.088 |  0.109  -143.5 |  81.8  <-- outside 0.95-1.05
J_hi      12.5  0.5  0.2 |  1.020 |  1.203   -32.0 |  34.3
J_hi      12.5  0.5  0.5 | -0.124 |  0.766   -98.0 |  34.5  <-- outside 0.95-1.05
J_hi      12.5  1.0  0.2 |  1.038 |  1.143   -24.5 |  24.3
J_hi      12.5  1.0  0.5 |  0.254 |  0.968   -73.5 |  20.1  <-- outside 0.95-1.05
J_hi      12.5  2.0  0.2 |  1.020 |  1.098   -20.7 |  17.1
J_hi      12.5  2.0  0.5 |  0.465 |  1.001   -61.1 |  10.5  <-- outside 0.95-1.05
J_hi      19.0  0.2  0.2 |  0.852 |  0.988   -34.8 |  35.1  <-- outside 0.95-1.05
J_hi      19.0  0.2  0.5 |  0.011 |  0.690   -89.6 |  33.2  <-- outside 0.95-1.05
J_hi      19.0  0.3  0.2 |  0.898 |  1.012   -29.8 |  29.5  <-- outside 0.95-1.05
J_hi      19.0  0.3  0.5 |  0.185 |  0.780   -74.7 |  24.8  <-- outside 0.95-1.05
J_hi      19.0  0.5  0.2 |  0.921 |  1.021   -25.8 |  17.9  <-- outside 0.95-1.05
J_hi      19.0  0.5  0.5 |  0.354 |  0.828   -63.5 |  15.4  <-- outside 0.95-1.05
J_hi      19.0  1.0  0.2 |  0.928 |  1.009   -23.0 |  11.4  <-- outside 0.95-1.05
J_hi      19.0  1.0  0.5 |  0.424 |  0.827   -57.9 |   8.1  <-- outside 0.95-1.05
J_hi      19.0  2.0  0.2 |  0.917 |  0.999   -22.2 |   7.4  <-- outside 0.95-1.05
J_hi      19.0  2.0  0.5 |  0.461 |  0.832   -54.8 |   3.6  <-- outside 0.95-1.05
J_hi      26.0  0.2  0.2 |  0.977 |  1.164   -23.6 |   9.7
J_hi      26.0  0.2  0.5 |  0.477 |  1.079   -61.3 |  15.7  <-- outside 0.95-1.05
J_hi      26.0  0.3  0.2 |  1.003 |  1.138   -20.2 |   7.0
J_hi      26.0  0.3  0.5 |  0.545 |  1.079   -57.4 |  12.2  <-- outside 0.95-1.05
J_hi      26.0  0.5  0.2 |  1.020 |  1.101   -17.1 |   4.5
J_hi      26.0  0.5  0.5 |  0.601 |  1.097   -54.2 |   6.4  <-- outside 0.95-1.05
J_hi      26.0  1.0  0.2 |  1.025 |  1.069   -15.1 |   3.9
J_hi      26.0  1.0  0.5 |  0.652 |  1.071   -50.8 |   2.4  <-- outside 0.95-1.05
J_hi      26.0  2.0  0.2 |  1.023 |  1.060   -14.4 |   3.9
J_hi      26.0  2.0  0.5 |  0.676 |  1.068   -49.3 |   0.5  <-- outside 0.95-1.05
J_hi      30.0  0.2  0.2 |  0.980 |  1.180   -22.9 |   4.8
J_hi      30.0  0.2  0.5 |  0.490 |  1.084   -60.7 |  14.9  <-- outside 0.95-1.05
J_hi      30.0  0.3  0.2 |  1.005 |  1.148   -19.9 |   5.7
J_hi      30.0  0.3  0.5 |  0.553 |  1.089   -56.9 |  10.7  <-- outside 0.95-1.05
J_hi      30.0  0.5  0.2 |  1.024 |  1.102   -16.7 |   4.2
J_hi      30.0  0.5  0.5 |  0.615 |  1.101   -53.7 |   4.8  <-- outside 0.95-1.05
J_hi      30.0  1.0  0.2 |  1.029 |  1.071   -14.8 |   4.1
J_hi      30.0  1.0  0.5 |  0.683 |  1.089   -49.8 |   1.9  <-- outside 0.95-1.05
J_hi      30.0  2.0  0.2 |  1.028 |  1.065   -14.1 |   3.2
J_hi      30.0  2.0  0.5 |  0.702 |  1.093   -48.6 |   0.0  <-- outside 0.95-1.05
