# RE-RUN on C1 of analysis-2020accord\studies\angle_loop\refute_friction\expG_smallamp.py nominal  (C1 table [(714, 940, 1306), (1843, 1300, -4025), (2304, 847, -1484), (2707, 701, 1636), (3571, 1046, 2728), (4032, 1353, 1292), (6198, 2036, 0), (65535, 2036, 0)], Kp_base 112, Ki_base 56, Kd 20, freeze |tq|>512 + ramp)
member   v    amp   f  | track gain (harness def) | fit gain  phase deg | stick%
nominal    5.0  0.2  0.2 |  0.000 |  0.000     0.0 | 100.0
nominal    5.0  0.2  0.5 |  0.000 |  0.000     0.0 | 100.0
nominal    5.0  0.3  0.2 |  0.934 |  1.499   -52.8 |  73.3
nominal    5.0  0.3  0.5 |  0.000 |  0.000     0.0 | 100.0
nominal    5.0  0.5  0.2 |  0.975 |  1.268   -41.2 |  69.9
nominal    5.0  0.5  0.5 |  0.000 |  0.000     0.0 | 100.0
nominal    5.0  1.0  0.2 |  1.168 |  1.247   -22.2 |  43.6
nominal    5.0  1.0  0.5 |  0.426 |  1.247   -68.6 |  44.1
nominal    5.0  2.0  0.2 |  1.141 |  1.177   -13.7 |  34.1
nominal    5.0  2.0  0.5 |  0.961 |  1.338   -42.8 |  29.2
nominal    8.0  0.2  0.2 |  0.990 |  1.286   -29.8 |  63.2
nominal    8.0  0.2  0.5 |  0.407 |  1.120   -67.5 |  47.1  <-- outside 0.95-1.05
nominal    8.0  0.3  0.2 |  1.049 |  1.246   -22.4 |  34.8
nominal    8.0  0.3  0.5 |  0.663 |  1.202   -54.3 |  41.2  <-- outside 0.95-1.05
nominal    8.0  0.5  0.2 |  1.069 |  1.171   -15.5 |  26.3  <-- outside 0.95-1.05
nominal    8.0  0.5  0.5 |  0.905 |  1.212   -39.3 |  26.5  <-- outside 0.95-1.05
nominal    8.0  1.0  0.2 |  1.071 |  1.093    -9.7 |  16.4  <-- outside 0.95-1.05
nominal    8.0  1.0  0.5 |  0.997 |  1.163   -29.8 |  18.8
nominal    8.0  2.0  0.2 |  1.047 |  1.057    -8.0 |  13.3
nominal    8.0  2.0  0.5 |  1.006 |  1.133   -25.5 |  12.4
nominal   10.0  0.2  0.2 |  0.973 |  1.273   -42.3 |  57.5
nominal   10.0  0.2  0.5 | -0.134 |  0.078  -153.9 |  93.1  <-- outside 0.95-1.05
nominal   10.0  0.3  0.2 |  1.047 |  1.269   -33.8 |  44.5
nominal   10.0  0.3  0.5 | -0.215 |  0.558  -111.5 |  51.0  <-- outside 0.95-1.05
nominal   10.0  0.5  0.2 |  1.081 |  1.202   -25.7 |  31.1  <-- outside 0.95-1.05
nominal   10.0  0.5  0.5 |  0.207 |  0.978   -76.8 |  31.6  <-- outside 0.95-1.05
nominal   10.0  1.0  0.2 |  1.075 |  1.144   -18.7 |  23.8  <-- outside 0.95-1.05
nominal   10.0  1.0  0.5 |  0.548 |  1.100   -58.6 |  19.3  <-- outside 0.95-1.05
nominal   10.0  2.0  0.2 |  1.057 |  1.097   -15.2 |  15.2  <-- outside 0.95-1.05
nominal   10.0  2.0  0.5 |  0.701 |  1.105   -49.3 |  11.4  <-- outside 0.95-1.05
nominal   12.5  0.2  0.2 |  0.866 |  1.350   -49.4 |  43.0  <-- outside 0.95-1.05
nominal   12.5  0.2  0.5 | -0.039 |  0.179  -120.5 |  72.5  <-- outside 0.95-1.05
nominal   12.5  0.3  0.2 |  0.980 |  1.277   -39.9 |  39.0
nominal   12.5  0.3  0.5 | -0.069 |  0.164  -141.4 |  69.1  <-- outside 0.95-1.05
nominal   12.5  0.5  0.2 |  1.035 |  1.211   -31.0 |  30.7
nominal   12.5  0.5  0.5 | -0.104 |  0.699   -97.9 |  30.6  <-- outside 0.95-1.05
nominal   12.5  1.0  0.2 |  1.032 |  1.154   -25.1 |  21.8
nominal   12.5  1.0  0.5 |  0.179 |  0.869   -77.1 |  17.8  <-- outside 0.95-1.05
nominal   12.5  2.0  0.2 |  1.020 |  1.101   -21.4 |  15.0
nominal   12.5  2.0  0.5 |  0.342 |  0.913   -66.8 |  10.2  <-- outside 0.95-1.05
nominal   19.0  0.2  0.2 |  0.858 |  0.975   -33.5 |  30.3  <-- outside 0.95-1.05
nominal   19.0  0.2  0.5 |  0.064 |  0.700   -84.7 |  24.7  <-- outside 0.95-1.05
nominal   19.0  0.3  0.2 |  0.891 |  1.001   -29.3 |  27.6  <-- outside 0.95-1.05
nominal   19.0  0.3  0.5 |  0.210 |  0.758   -72.5 |  18.5  <-- outside 0.95-1.05
nominal   19.0  0.5  0.2 |  0.913 |  1.011   -25.8 |  14.5  <-- outside 0.95-1.05
nominal   19.0  0.5  0.5 |  0.343 |  0.791   -63.5 |  13.1  <-- outside 0.95-1.05
nominal   19.0  1.0  0.2 |  0.920 |  1.005   -23.4 |   9.7  <-- outside 0.95-1.05
nominal   19.0  1.0  0.5 |  0.394 |  0.793   -59.2 |   6.8  <-- outside 0.95-1.05
nominal   19.0  2.0  0.2 |  0.912 |  0.994   -22.8 |   5.5  <-- outside 0.95-1.05
nominal   19.0  2.0  0.5 |  0.424 |  0.799   -56.7 |   3.3  <-- outside 0.95-1.05
nominal   26.0  0.2  0.2 |  0.974 |  1.146   -22.9 |   4.6
nominal   26.0  0.2  0.5 |  0.510 |  1.057   -58.8 |  16.1  <-- outside 0.95-1.05
nominal   26.0  0.3  0.2 |  1.003 |  1.116   -19.5 |   5.5
nominal   26.0  0.3  0.5 |  0.576 |  1.052   -54.9 |  12.1  <-- outside 0.95-1.05
nominal   26.0  0.5  0.2 |  1.016 |  1.096   -16.8 |   3.4
nominal   26.0  0.5  0.5 |  0.626 |  1.072   -52.0 |   6.6  <-- outside 0.95-1.05
nominal   26.0  1.0  0.2 |  1.023 |  1.067   -14.7 |   3.5
nominal   26.0  1.0  0.5 |  0.663 |  1.053   -49.4 |   2.7  <-- outside 0.95-1.05
nominal   26.0  2.0  0.2 |  1.022 |  1.057   -13.9 |   3.0
nominal   26.0  2.0  0.5 |  0.685 |  1.050   -47.9 |   1.3  <-- outside 0.95-1.05
nominal   30.0  0.2  0.2 |  0.979 |  1.160   -22.1 |   6.2
nominal   30.0  0.2  0.5 |  0.529 |  1.067   -57.8 |  15.1  <-- outside 0.95-1.05
nominal   30.0  0.3  0.2 |  1.004 |  1.132   -19.2 |   5.3
nominal   30.0  0.3  0.5 |  0.589 |  1.066   -54.2 |  11.7  <-- outside 0.95-1.05
nominal   30.0  0.5  0.2 |  1.024 |  1.097   -16.2 |   4.6
nominal   30.0  0.5  0.5 |  0.637 |  1.084   -51.5 |   6.4  <-- outside 0.95-1.05
nominal   30.0  1.0  0.2 |  1.027 |  1.067   -14.4 |   4.4
nominal   30.0  1.0  0.5 |  0.697 |  1.077   -48.1 |   2.3  <-- outside 0.95-1.05
nominal   30.0  2.0  0.2 |  1.026 |  1.060   -13.6 |   2.8
nominal   30.0  2.0  0.5 |  0.714 |  1.079   -47.0 |   1.0  <-- outside 0.95-1.05
