# RE-RUN on C1 of analysis-2020accord\studies\angle_loop\refute_friction\expH2_bc_ramps_amp.py   (C1 table [(714, 940, 1306), (1843, 1300, -4025), (2304, 847, -1484), (2707, 701, 1636), (3571, 1046, 2728), (4032, 1353, 1292), (6198, 2036, 0), (65535, 2036, 0)], Kp_base 112, Ki_base 56, Kd 20, freeze |tq|>512 + ramp)
SLOW RAMPS, world bc:  v  rate | dj events  max snap
     8.0 0.25 |   2   0.29
     8.0 0.50 |   1   0.43
     8.0 1.00 |   0   0.00
     8.0 2.00 |   0   0.00
    10.0 0.25 |   4   0.47
    10.0 0.50 |   2   0.57
    10.0 1.00 |   0   0.00
    10.0 2.00 |   0   0.00
    12.5 0.25 |   2   0.39
    12.5 0.50 |   2   0.56
    12.5 1.00 |   0   0.00
    12.5 2.00 |   0   0.00
    15.0 0.25 |   2   0.22
    15.0 0.50 |   0   0.00
    15.0 1.00 |   0   0.00
    15.0 2.00 |   0   0.00
    19.0 0.25 |   1   0.21
    19.0 0.50 |   0   0.00
    19.0 1.00 |   0   0.00
    19.0 2.00 |   0   0.00
    26.0 0.25 |   0   0.00
    26.0 0.50 |   0   0.00
    26.0 1.00 |   0   0.00
    26.0 2.00 |   0   0.00
SMALL AMPLITUDE, world bc:  v  amp  f | tracking gain (harness definition)
     8.0  0.3  0.2 |  1.035
     8.0  0.3  0.5 |  0.584  <-- outside
     8.0  0.5  0.2 |  1.074  <-- outside
     8.0  0.5  0.5 |  0.813  <-- outside
     8.0  1.0  0.2 |  1.069  <-- outside
     8.0  1.0  0.5 |  0.963
     8.0  2.0  0.2 |  1.044
     8.0  2.0  0.5 |  0.995
    12.5  0.3  0.2 |  0.453  <-- outside
    12.5  0.3  0.5 |  0.000  <-- outside
    12.5  0.5  0.2 |  0.797  <-- outside
    12.5  0.5  0.5 | -0.083  <-- outside
    12.5  1.0  0.2 |  0.965
    12.5  1.0  0.5 |  0.072  <-- outside
    12.5  2.0  0.2 |  0.991
    12.5  2.0  0.5 |  0.399  <-- outside
    19.0  0.3  0.2 |  0.876  <-- outside
    19.0  0.3  0.5 |  0.201  <-- outside
    19.0  0.5  0.2 |  0.902  <-- outside
    19.0  0.5  0.5 |  0.351  <-- outside
    19.0  1.0  0.2 |  0.898  <-- outside
    19.0  1.0  0.5 |  0.468  <-- outside
    19.0  2.0  0.2 |  0.892  <-- outside
    19.0  2.0  0.5 |  0.527  <-- outside
    26.0  0.3  0.2 |  0.989
    26.0  0.3  0.5 |  0.682  <-- outside
    26.0  0.5  0.2 |  0.996
    26.0  0.5  0.5 |  0.748  <-- outside
    26.0  1.0  0.2 |  0.993
    26.0  1.0  0.5 |  0.781  <-- outside
    26.0  2.0  0.2 |  0.987
    26.0  2.0  0.5 |  0.789  <-- outside
