ratio |alpha/cmd| cand / V294 (and phase change deg) at f = [0.5 1.  2.  3.  5. ] Hz
  nominal  v  3.1 | idx  4: 1.28 1.23 1.20 1.21 1.26 (-2 -2 +0 +2 +3 deg) | idx 30: 1.13 1.09 1.07 1.08 1.11 (-2 -2 +0 +1 +3 deg) | idx 60: 0.94 0.92 0.91 0.91 0.93 (-1 -1 +0 +1 +1 deg) | idx 90: 0.74 0.74 0.73 0.74 0.74 (-0 -0 +0 +0 +0 deg)
  nominal  v  8.0 | idx  4: 1.30 1.25 1.20 1.21 1.25 (-1 -3 -1 +1 +3 deg) | idx 30: 1.14 1.11 1.07 1.07 1.11 (-1 -2 -0 +1 +2 deg) | idx 60: 0.94 0.93 0.91 0.91 0.93 (-1 -1 -0 +1 +1 deg) | idx 90: 0.74 0.74 0.73 0.74 0.74 (-0 -0 -0 +0 +0 deg)
  nominal  v 17.0 | idx  4: 1.29 1.29 1.26 1.26 1.27 (-0 -1 -1 -0 +1 deg) | idx 30: 1.14 1.13 1.12 1.11 1.12 (-0 -1 -0 -0 +1 deg) | idx 60: 0.94 0.94 0.93 0.93 0.93 (-0 -0 -0 -0 +0 deg) | idx 90: 0.74 0.74 0.74 0.74 0.74 (-0 -0 -0 -0 +0 deg)
  nominal  v 26.9 | idx  4: 1.29 1.28 1.27 1.26 1.27 (-0 -1 -0 +0 +1 deg) | idx 30: 1.13 1.13 1.12 1.12 1.12 (-0 -0 -0 +0 +0 deg) | idx 60: 0.94 0.94 0.93 0.93 0.93 (-0 -0 -0 +0 +0 deg) | idx 90: 0.74 0.74 0.74 0.74 0.74 (-0 -0 -0 +0 +0 deg)
  J_lo     v  3.1 | idx  4: 1.28 1.23 1.20 1.19 1.22 (-2 -2 -1 +1 +3 deg) | idx 30: 1.13 1.10 1.07 1.07 1.09 (-2 -2 -1 +1 +2 deg) | idx 60: 0.94 0.92 0.91 0.91 0.92 (-1 -1 -0 +0 +1 deg) | idx 90: 0.74 0.74 0.73 0.73 0.74 (-0 -0 -0 +0 +0 deg)
  J_lo     v  8.0 | idx  4: 1.30 1.26 1.20 1.19 1.22 (-1 -3 -1 +1 +3 deg) | idx 30: 1.14 1.11 1.07 1.07 1.08 (-1 -2 -1 +0 +2 deg) | idx 60: 0.94 0.93 0.91 0.91 0.92 (-1 -1 -1 +0 +1 deg) | idx 90: 0.74 0.74 0.73 0.73 0.74 (-0 -0 -0 +0 +0 deg)
  J_lo     v 17.0 | idx  4: 1.29 1.29 1.27 1.26 1.26 (-0 -1 -1 -0 +1 deg) | idx 30: 1.14 1.13 1.12 1.11 1.11 (-0 -1 -1 -0 +0 deg) | idx 60: 0.94 0.94 0.93 0.93 0.93 (-0 -0 -0 -0 +0 deg) | idx 90: 0.74 0.74 0.74 0.74 0.74 (-0 -0 -0 -0 +0 deg)
  J_lo     v 26.9 | idx  4: 1.29 1.28 1.27 1.27 1.27 (-0 -1 -0 -0 +0 deg) | idx 30: 1.13 1.13 1.12 1.12 1.12 (-0 -0 -0 -0 +0 deg) | idx 60: 0.94 0.94 0.93 0.93 0.93 (-0 -0 -0 -0 +0 deg) | idx 90: 0.74 0.74 0.74 0.74 0.74 (-0 -0 -0 -0 +0 deg)
  J_hi     v  3.1 | idx  4: 1.28 1.24 1.23 1.25 1.29 (-2 -1 +1 +2 +2 deg) | idx 30: 1.13 1.10 1.09 1.11 1.13 (-1 -1 +1 +2 +1 deg) | idx 60: 0.94 0.92 0.92 0.93 0.94 (-1 -1 +0 +1 +1 deg) | idx 90: 0.74 0.74 0.74 0.74 0.74 (-0 -0 +0 +0 +0 deg)
  J_hi     v  8.0 | idx  4: 1.30 1.25 1.22 1.25 1.29 (-1 -2 +1 +2 +2 deg) | idx 30: 1.14 1.10 1.09 1.10 1.13 (-1 -2 +0 +2 +1 deg) | idx 60: 0.94 0.93 0.92 0.93 0.94 (-1 -1 +0 +1 +1 deg) | idx 90: 0.74 0.74 0.74 0.74 0.74 (-0 -0 +0 +0 +0 deg)
  J_hi     v 17.0 | idx  4: 1.29 1.28 1.26 1.26 1.28 (-0 -1 -0 +0 +1 deg) | idx 30: 1.14 1.13 1.11 1.11 1.12 (-0 -1 -0 +0 +1 deg) | idx 60: 0.94 0.94 0.93 0.93 0.94 (-0 -0 -0 +0 +1 deg) | idx 90: 0.74 0.74 0.74 0.74 0.74 (-0 -0 -0 +0 +0 deg)
  J_hi     v 26.9 | idx  4: 1.29 1.28 1.27 1.27 1.28 (-0 -1 -0 +0 +1 deg) | idx 30: 1.13 1.13 1.12 1.12 1.12 (-0 -0 -0 +0 +1 deg) | idx 60: 0.94 0.94 0.93 0.93 0.94 (-0 -0 -0 +0 +0 deg) | idx 90: 0.74 0.74 0.74 0.74 0.74 (-0 -0 -0 +0 +0 deg)
  J_hi2    v  3.1 | idx  4: 1.28 1.25 1.25 1.27 1.29 (-1 -1 +1 +2 +1 deg) | idx 30: 1.13 1.11 1.10 1.12 1.13 (-1 -1 +1 +1 +1 deg) | idx 60: 0.94 0.93 0.93 0.93 0.94 (-1 -0 +0 +1 +1 deg) | idx 90: 0.74 0.74 0.74 0.74 0.74 (-0 -0 +0 +0 +0 deg)
  J_hi2    v  8.0 | idx  4: 1.30 1.25 1.24 1.26 1.29 (-1 -2 +1 +2 +1 deg) | idx 30: 1.14 1.11 1.10 1.12 1.13 (-1 -1 +1 +1 +1 deg) | idx 60: 0.94 0.93 0.92 0.93 0.94 (-0 -1 +0 +1 +1 deg) | idx 90: 0.74 0.74 0.74 0.74 0.74 (-0 -0 +0 +0 +0 deg)
  J_hi2    v 17.0 | idx  4: 1.29 1.28 1.26 1.26 1.29 (-0 -1 -0 +1 +1 deg) | idx 30: 1.14 1.13 1.11 1.11 1.13 (-0 -1 -0 +1 +1 deg) | idx 60: 0.94 0.94 0.93 0.93 0.94 (-0 -0 -0 +0 +0 deg) | idx 90: 0.74 0.74 0.74 0.74 0.74 (-0 -0 -0 +0 +0 deg)
  J_hi2    v 26.9 | idx  4: 1.29 1.28 1.27 1.27 1.28 (-0 -1 -0 +0 +1 deg) | idx 30: 1.13 1.13 1.12 1.12 1.13 (-0 -0 -0 +0 +1 deg) | idx 60: 0.94 0.94 0.93 0.93 0.94 (-0 -0 -0 +0 +0 deg) | idx 90: 0.74 0.74 0.74 0.74 0.74 (-0 -0 -0 +0 +0 deg)
  b_lo     v  3.1 | idx  4: 1.28 1.21 1.18 1.20 1.26 (-3 -3 +1 +3 +4 deg) | idx 30: 1.13 1.08 1.06 1.07 1.12 (-2 -2 +0 +2 +3 deg) | idx 60: 0.94 0.91 0.90 0.91 0.93 (-1 -1 +0 +1 +2 deg) | idx 90: 0.74 0.74 0.73 0.73 0.74 (-0 -0 +0 +0 +0 deg)
  b_lo     v  8.0 | idx  4: 1.31 1.25 1.18 1.19 1.26 (-1 -4 -0 +2 +4 deg) | idx 30: 1.15 1.10 1.06 1.06 1.11 (-1 -3 -0 +2 +3 deg) | idx 60: 0.95 0.93 0.90 0.91 0.93 (-1 -2 -0 +1 +2 deg) | idx 90: 0.74 0.74 0.73 0.73 0.74 (-0 -0 -0 +0 +0 deg)
  b_lo     v 17.0 | idx  4: 1.30 1.29 1.25 1.24 1.25 (-0 -1 -1 -0 +1 deg) | idx 30: 1.14 1.13 1.11 1.10 1.11 (-0 -1 -1 -0 +1 deg) | idx 60: 0.94 0.94 0.93 0.92 0.93 (-0 -1 -1 -0 +1 deg) | idx 90: 0.74 0.74 0.74 0.74 0.74 (-0 -0 -0 -0 +0 deg)
  b_lo     v 26.9 | idx  4: 1.30 1.28 1.25 1.25 1.26 (-0 -1 -1 +0 +1 deg) | idx 30: 1.14 1.13 1.11 1.10 1.11 (-0 -1 -1 +0 +1 deg) | idx 60: 0.94 0.94 0.93 0.93 0.93 (-0 -0 -0 +0 +1 deg) | idx 90: 0.74 0.74 0.74 0.74 0.74 (-0 -0 -0 +0 +0 deg)
  b_hi     v  3.1 | idx  4: 1.28 1.25 1.22 1.22 1.26 (-1 -2 -0 +1 +2 deg) | idx 30: 1.13 1.11 1.09 1.09 1.11 (-1 -1 -0 +1 +2 deg) | idx 60: 0.94 0.93 0.92 0.92 0.93 (-1 -1 -0 +1 +1 deg) | idx 90: 0.74 0.74 0.74 0.74 0.74 (-0 -0 -0 +0 +0 deg)
  b_hi     v  8.0 | idx  4: 1.30 1.26 1.22 1.22 1.25 (-1 -2 -1 +1 +2 deg) | idx 30: 1.14 1.11 1.09 1.09 1.11 (-1 -1 -0 +1 +2 deg) | idx 60: 0.94 0.93 0.92 0.92 0.93 (-0 -1 -0 +0 +1 deg) | idx 90: 0.74 0.74 0.74 0.74 0.74 (-0 -0 -0 +0 +0 deg)
  b_hi     v 17.0 | idx  4: 1.29 1.29 1.27 1.27 1.27 (-0 -1 -0 +0 +1 deg) | idx 30: 1.13 1.13 1.12 1.12 1.12 (-0 -0 -0 +0 +0 deg) | idx 60: 0.94 0.94 0.93 0.93 0.93 (-0 -0 -0 +0 +0 deg) | idx 90: 0.74 0.74 0.74 0.74 0.74 (-0 -0 -0 +0 +0 deg)
  b_hi     v 26.9 | idx  4: 1.29 1.28 1.28 1.27 1.28 (-0 -0 -0 +0 +0 deg) | idx 30: 1.13 1.13 1.12 1.12 1.12 (-0 -0 -0 +0 +0 deg) | idx 60: 0.94 0.94 0.93 0.93 0.94 (-0 -0 -0 +0 +0 deg) | idx 90: 0.74 0.74 0.74 0.74 0.74 (-0 -0 -0 +0 +0 deg)
  ms_free  v  3.1 | idx  4: 1.28 1.23 1.21 1.22 1.27 (-2 -2 +0 +2 +3 deg) | idx 30: 1.13 1.09 1.08 1.09 1.12 (-2 -1 +0 +2 +2 deg) | idx 60: 0.94 0.92 0.91 0.92 0.93 (-1 -1 +0 +1 +1 deg) | idx 90: 0.74 0.74 0.74 0.74 0.74 (-0 -0 +0 +0 +0 deg)
  ms_free  v  8.0 | idx  4: 1.30 1.25 1.22 1.24 1.29 (-1 -2 +1 +2 +2 deg) | idx 30: 1.14 1.11 1.09 1.10 1.13 (-1 -2 +0 +2 +1 deg) | idx 60: 0.94 0.93 0.92 0.93 0.94 (-1 -1 +0 +1 +1 deg) | idx 90: 0.74 0.74 0.74 0.74 0.74 (-0 -0 +0 +0 +0 deg)
  ms_free  v 17.0 | idx  4: 1.30 1.28 1.26 1.28 1.29 (-0 -1 +0 +1 +1 deg) | idx 30: 1.14 1.12 1.11 1.12 1.13 (-0 -1 +0 +1 +0 deg) | idx 60: 0.94 0.94 0.93 0.94 0.94 (-0 -0 +0 +0 +0 deg) | idx 90: 0.74 0.74 0.74 0.74 0.74 (-0 -0 +0 +0 +0 deg)
  ms_free  v 26.9 | idx  4: 1.29 1.28 1.27 1.27 1.28 (-0 -1 -0 +0 +1 deg) | idx 30: 1.13 1.13 1.12 1.12 1.12 (-0 -0 -0 +0 +1 deg) | idx 60: 0.94 0.94 0.93 0.93 0.94 (-0 -0 -0 +0 +0 deg) | idx 90: 0.74 0.74 0.74 0.74 0.74 (-0 -0 -0 +0 +0 deg)
  light_b  v  3.1 | idx  4: 1.29 1.15 1.15 1.19 1.29 (-6 -3 +2 +4 +5 deg) | idx 30: 1.14 1.03 1.04 1.07 1.13 (-4 -2 +2 +3 +4 deg) | idx 60: 0.94 0.89 0.89 0.91 0.94 (-2 -1 +1 +2 +2 deg) | idx 90: 0.74 0.73 0.73 0.73 0.74 (-1 -0 +0 +1 +1 deg)
  light_b  v  8.0 | idx  4: 1.33 1.17 1.14 1.18 1.28 (-2 -6 +2 +4 +5 deg) | idx 30: 1.16 1.05 1.03 1.06 1.13 (-2 -5 +1 +3 +4 deg) | idx 60: 0.95 0.90 0.89 0.90 0.94 (-1 -3 +1 +2 +2 deg) | idx 90: 0.74 0.73 0.73 0.73 0.74 (-0 -1 +0 +1 +1 deg)
  light_b  v 17.0 | idx  4: 1.32 1.29 1.12 1.16 1.28 (-1 -7 -0 +4 +5 deg) | idx 30: 1.15 1.13 1.01 1.05 1.13 (-1 -5 -0 +3 +4 deg) | idx 60: 0.95 0.94 0.88 0.90 0.94 (-0 -3 -0 +2 +2 deg) | idx 90: 0.74 0.74 0.73 0.73 0.74 (-0 -1 -0 +1 +1 deg)
  light_b  v 26.9 | idx  4: 1.31 1.32 1.11 1.15 1.28 (-1 -5 -2 +4 +5 deg) | idx 30: 1.15 1.15 1.01 1.04 1.12 (-0 -4 -1 +3 +4 deg) | idx 60: 0.95 0.95 0.88 0.89 0.94 (-0 -2 -1 +2 +2 deg) | idx 90: 0.74 0.74 0.73 0.73 0.74 (-0 -1 -0 +0 +1 deg)
idx  4 over all members/speeds: ratio min 1.114 max 1.335 ; phase change -6.5..+5.4 deg
idx 30 over all members/speeds: ratio min 1.010 max 1.162 ; phase change -5.0..+4.1 deg
idx 60 over all members/speeds: ratio min 0.879 max 0.954 ; phase change -2.9..+2.4 deg
idx 90 over all members/speeds: ratio min 0.728 max 0.744 ; phase change -0.7..+0.6 deg
