
=== lt15_small / ALL: windows 1976 runs 81  rate band rms ~3.72 deg/s  coh floor(dob,total) 0.000,0.000
   term        share    coh   phase    gd_s    b_eq@0  b_eq@60ms  b_eq@120  CI(share) CI(beq60)
   hold       +0.085  0.069   +12.4  -0.194 -4.45e-05  -4.15e-05 -1.32e-05  [+0.07,+0.10] [-1.1e-04,-1.1e-06]
   move       +0.173  0.076   +50.8  -0.146 -4.91e-05  -8.08e-05 -6.43e-05  [+0.10,+0.24] [-2.2e-04,+1.0e-06]
   hyst       +0.076  0.047   +49.6  -0.096 -2.19e-05  -3.45e-05 -2.63e-05  [+0.05,+0.09] [-7.7e-05,-3.2e-06]
   rl_ff      +0.150  0.084   +48.7  -0.138 -4.99e-05  -7.84e-05 -5.91e-05  [+0.07,+0.23] [-2.3e-04,-9.6e-07]
   p_sp       +0.052  0.080   +47.9  -0.219 -1.97e-05  -3.03e-05 -2.15e-05  [+0.02,+0.09] [-8.7e-05,-3.4e-07]
   p_meas     +0.132  0.803  +126.9  -0.060 +1.34e-04  -6.29e-05 -1.86e-04  [+0.10,+0.17] [-7.1e-05,-5.6e-05]
   i          -0.001  0.501   +36.6  -0.079 -6.39e-06  -7.62e-06 -2.95e-06  [-0.00,+0.00] [-9.2e-06,-6.1e-06]
   rl_fb      +0.394  0.928  +168.6  +0.011 +7.94e-04  +3.54e-04 -2.97e-04  [+0.19,+0.62] [+2.9e-04,+4.2e-04]
   dob        -0.061  0.533   +20.0  +0.042 -1.23e-04  -1.11e-04 -3.32e-05  [-0.10,-0.03] [-1.4e-04,-8.4e-05]
   ff         +0.536  0.082   +43.3  -0.163 -1.85e-04  -2.65e-04 -1.84e-04  [+0.32,+0.74] [-7.2e-04,-6.8e-06]
   fb         +0.464  0.937  +154.1  -0.022 +7.98e-04  +1.73e-04 -5.19e-04  [+0.26,+0.68] [+1.2e-04,+2.3e-04]
   total      +1.000  0.511  +137.5  -0.147 +6.13e-04  -9.24e-05 -7.03e-04  [+1.00,+1.00] [-4.7e-04,+1.3e-04]
   u_log      +1.012  0.523  +133.6  -0.143 +5.91e-04  -1.52e-04 -7.48e-04  [+1.00,+1.02] [-5.3e-04,+7.0e-05]
   u_e4       +1.000  0.524  +128.2  -0.137 +5.30e-04  -2.30e-04 -7.71e-04  [+0.99,+1.01] [-6.0e-04,-1.2e-05]
   setpoint   -0.305  0.058  -172.2  -0.180 +1.53e-04  +1.33e-04 +3.13e-05  [-0.35,-0.26] [+3.9e-06,+3.4e-04]
   rd        -459.038  0.992    +2.8  -0.003 -1.16e+00  -7.43e-01 +1.96e-01  [-779.70,-166.55] [-7.6e-01,-7.3e-01]

=== lt15_small / T64: windows 654 runs 26  rate band rms ~2.96 deg/s  coh floor(dob,total) 0.002,0.002
   term        share    coh   phase    gd_s    b_eq@0  b_eq@60ms  b_eq@120  CI(share) CI(beq60)
   hold       +0.091  0.018    +5.3  -0.200 -1.66e-05  -1.53e-05 -3.30e-06  [+0.07,+0.12] [-2.2e-05,-5.4e-06]
   move       +0.134  0.017   +63.1  -0.143 -1.18e-05  -2.65e-05 -2.41e-05  [+0.11,+0.17] [-4.0e-05,-7.5e-06]
   hyst       +0.070  0.013   +50.1  -0.141 -9.98e-06  -1.48e-05 -1.01e-05  [+0.05,+0.09] [-2.5e-05,-7.2e-06]
   rl_ff      +0.097  0.021   +52.9  -0.142 -1.44e-05  -2.45e-05 -1.95e-05  [+0.07,+0.12] [-3.8e-05,-7.0e-06]
   p_sp       +0.026  0.016   +75.0  +0.117 -1.40e-06  -4.75e-06 -3.16e-06  [+0.02,+0.04] [-1.1e-05,+1.8e-06]
   p_meas     +0.140  0.769  +125.8  -0.073 +1.29e-04  -6.79e-05 -1.89e-04  [+0.12,+0.16] [-7.7e-05,-6.0e-05]
   i          -0.001  0.686   +38.5  -0.096 -3.50e-06  -4.27e-06 -1.78e-06  [-0.00,-0.00] [-4.5e-06,-3.9e-06]
   rl_fb      +0.553  0.997  +171.7  +0.010 +9.44e-04  +4.64e-04 -3.01e-04  [+0.47,+0.63] [+4.4e-04,+4.9e-04]
   dob        -0.111  0.853   +19.7  +0.037 -2.10e-04  -1.91e-04 -6.22e-05  [-0.12,-0.10] [-2.1e-04,-1.7e-04]
   ff         +0.419  0.019   +48.4  -0.168 -5.42e-05  -8.59e-05 -6.01e-05  [+0.33,+0.53] [-1.2e-04,-3.7e-05]
   fb         +0.581  0.944  +155.4  -0.033 +8.60e-04  +2.01e-04 -5.54e-04  [+0.47,+0.67] [+1.6e-04,+2.3e-04]
   total      +1.000  0.620  +150.5  -0.151 +8.06e-04  +1.15e-04 -6.14e-04  [+1.00,+1.00] [+7.7e-05,+1.6e-04]
   u_log      +1.006  0.625  +146.3  -0.146 +7.80e-04  +4.69e-05 -6.64e-04  [+1.00,+1.01] [+1.1e-05,+9.3e-05]
   u_e4       +0.994  0.625  +141.0  -0.140 +7.27e-04  -3.86e-05 -7.04e-04  [+0.99,+1.00] [-7.5e-05,+7.7e-06]
   setpoint   -0.387  0.013  -178.0  -0.191 +6.14e-05  +5.28e-05 +2.08e-06  [-0.52,-0.30] [+1.2e-05,+8.0e-05]
   rd        -605.262  0.987    +2.7  -0.004 -1.16e+00  -7.45e-01 +1.86e-01  [-693.19,-518.36] [-7.6e-01,-7.3e-01]

=== lt15_small / T64B: windows 518 runs 20  rate band rms ~4.43 deg/s  coh floor(dob,total) 0.002,0.001
   term        share    coh   phase    gd_s    b_eq@0  b_eq@60ms  b_eq@120  CI(share) CI(beq60)
   hold       +0.092  0.180   +12.2  -0.198 -8.64e-05  -7.84e-05 -1.79e-05  [+0.06,+0.11] [-1.7e-04,+9.3e-06]
   move       +0.212  0.189   +47.7  -0.153 -1.09e-04  -1.69e-04 -1.23e-04  [+0.10,+0.27] [-3.6e-04,+1.5e-05]
   hyst       +0.085  0.143   +53.1  -0.123 -3.63e-05  -6.15e-05 -4.49e-05  [+0.05,+0.10] [-1.2e-04,-9.3e-07]
   rl_ff      +0.207  0.202   +47.3  -0.148 -1.14e-04  -1.76e-04 -1.26e-04  [+0.08,+0.27] [-3.7e-04,+9.2e-06]
   p_sp       +0.074  0.199   +48.4  -0.234 -4.30e-05  -6.72e-05 -4.73e-05  [+0.02,+0.10] [-1.4e-04,+3.4e-06]
   p_meas     +0.102  0.827  +126.1  -0.067 +1.34e-04  -6.83e-05 -1.92e-04  [+0.08,+0.15] [-8.5e-05,-5.5e-05]
   i          +0.000  0.675   +26.9  -0.094 -4.43e-06  -4.49e-06 -1.06e-06  [-0.00,+0.00] [-5.2e-06,-3.6e-06]
   rl_fb      +0.282  0.999  +171.6  +0.010 +9.53e-04  +4.58e-04 -3.27e-04  [+0.09,+0.67] [+4.1e-04,+5.0e-04]
   dob        -0.055  0.751   +20.6  +0.053 -1.61e-04  -1.44e-04 -3.98e-05  [-0.13,-0.02] [-1.9e-04,-1.1e-04]
   ff         +0.671  0.196   +42.7  -0.172 -3.89e-04  -5.52e-04 -3.59e-04  [+0.31,+0.85] [-1.1e-03,+3.2e-05]
   fb         +0.329  0.967  +157.2  -0.026 +9.21e-04  +2.41e-04 -5.60e-04  [+0.15,+0.69] [+1.5e-04,+3.2e-04]
   total      +1.000  0.472  +125.6  -0.183 +5.33e-04  -3.11e-04 -9.19e-04  [+1.00,+1.00] [-8.3e-04,+2.0e-04]
   u_log      +1.017  0.492  +122.1  -0.178 +5.12e-04  -3.79e-04 -9.72e-04  [+1.00,+1.02] [-9.0e-04,+1.3e-04]
   u_e4       +1.004  0.491  +116.6  -0.171 +4.32e-04  -4.64e-04 -9.80e-04  [+0.99,+1.01] [-9.7e-04,+3.1e-05]
   setpoint   -0.316  0.154  -171.0  -0.192 +2.82e-04  +2.43e-04 +4.51e-05  [-0.35,-0.24] [-4.4e-05,+5.2e-04]
   rd        -268.648  0.994    +2.8  -0.003 -1.16e+00  -7.35e-01 +2.12e-01  [-756.35,-26.45] [-7.7e-01,-7.0e-01]

=== lt15_small / T5: windows 157 runs 15  rate band rms ~3.81 deg/s  coh floor(dob,total) 0.006,0.003
   term        share    coh   phase    gd_s    b_eq@0  b_eq@60ms  b_eq@120  CI(share) CI(beq60)
   hold       +0.033  0.032   +51.1  +0.042 -9.62e-06  -1.49e-05 -1.45e-05  [+0.02,+0.05] [-2.1e-05,-9.2e-06]
   move       +0.059  0.038  +110.1  +0.098 +7.42e-06  -6.07e-06 -1.74e-05  [+0.04,+0.08] [-1.9e-05,+5.4e-06]
   hyst       +0.031  0.025   +18.6  -0.224 -1.75e-05  -1.66e-05 -9.75e-06  [+0.02,+0.06] [-3.8e-05,-4.5e-06]
   rl_ff      +0.043  0.034  +101.7  +0.090 +3.06e-06  -6.11e-06 -1.31e-05  [+0.03,+0.06] [-1.5e-05,+2.3e-06]
   p_sp       +0.008  0.029   +64.0  +0.231 -3.07e-06  -5.83e-06 -6.05e-06  [+0.00,+0.02] [-1.1e-05,-1.1e-06]
   p_meas     +0.179  0.748  +128.8  -0.060 +1.28e-04  -5.89e-05 -1.73e-04  [+0.16,+0.19] [-7.9e-05,-3.9e-05]
   i          -0.002  0.699   +41.0  -0.083 -2.91e-06  -3.72e-06 -1.44e-06  [-0.00,-0.00] [-4.2e-06,-3.2e-06]
   rl_fb      +0.781  0.997  +171.6  +0.009 +9.45e-04  +4.57e-04 -3.15e-04  [+0.70,+0.83] [+4.2e-04,+4.9e-04]
   dob        -0.132  0.905   +19.2  +0.022 -2.23e-04  -2.02e-04 -6.36e-05  [-0.15,-0.11] [-2.3e-04,-1.7e-04]
   ff         +0.173  0.029   +71.6  +0.286 -1.97e-05  -4.96e-05 -6.08e-05  [+0.12,+0.25] [-9.7e-05,-1.2e-05]
   fb         +0.827  0.939  +156.0  -0.037 +8.48e-04  +1.93e-04 -5.54e-04  [+0.75,+0.88] [+1.5e-04,+2.4e-04]
   total      +1.000  0.845  +152.2  -0.035 +8.28e-04  +1.43e-04 -6.15e-04  [+1.00,+1.00] [+7.3e-05,+1.9e-04]
   u_log      +1.006  0.847  +147.9  -0.033 +8.03e-04  +7.39e-05 -6.65e-04  [+1.00,+1.01] [+5.2e-06,+1.2e-04]
   u_e4       +0.993  0.848  +142.5  -0.027 +7.51e-04  -1.35e-05 -7.09e-04  [+0.99,+1.00] [-8.4e-05,+3.4e-05]
   setpoint   -0.141  0.030  -145.2  +0.191 +6.16e-05  +7.09e-05 +4.99e-05  [-0.24,-0.07] [+3.9e-05,+1.3e-04]
   rd        -863.493  0.992    +3.2  -0.004 -1.16e+00  -7.42e-01 +1.96e-01  [-916.11,-778.49] [-7.7e-01,-7.2e-01]

=== lt15_small / T4: windows 647 runs 20  rate band rms ~3.75 deg/s  coh floor(dob,total) 0.000,0.003
   term        share    coh   phase    gd_s    b_eq@0  b_eq@60ms  b_eq@120  CI(share) CI(beq60)
   hold       +0.076  0.042   +10.9  +0.268 -2.40e-05  -2.36e-05 -1.37e-05  [+0.04,+0.11] [-8.2e-05,+2.0e-07]
   move       +0.141  0.041   +53.6  -0.165 -2.01e-05  -3.47e-05 -3.61e-05  [+0.07,+0.24] [-1.4e-04,+7.8e-06]
   hyst       +0.070  0.031   +44.5  -0.096 -1.46e-05  -2.11e-05 -1.99e-05  [+0.03,+0.12] [-7.3e-05,+3.4e-06]
   rl_ff      +0.081  0.040   +50.0  +0.326 -1.38e-05  -2.17e-05 -2.11e-05  [+0.03,+0.15] [-8.8e-05,+4.6e-06]
   p_sp       +0.030  0.041   +33.7  -0.159 -9.29e-06  -1.13e-05 -8.28e-06  [+0.01,+0.06] [-4.3e-05,+1.6e-06]
   p_meas     +0.194  0.830  +128.0  -0.040 +1.37e-04  -5.48e-05 -1.80e-04  [+0.12,+0.25] [-6.3e-05,-4.4e-05]
   i          -0.002  0.680   +39.6  -0.065 -1.13e-05  -1.42e-05 -6.17e-06  [-0.00,+0.00] [-1.6e-05,-1.3e-05]
   rl_fb      +0.410  0.997  +157.3  +0.022 +4.84e-04  +1.43e-04 -2.55e-04  [+0.19,+0.57] [+1.2e-04,+1.7e-04]
   dob        +0.000  0.000    +0.0  -0.000 -0.00e+00  -0.00e+00 -0.00e+00  [+0.00,+0.00] [-0.0e+00,+0.0e+00]
   ff         +0.398  0.046   +40.1  +0.342 -8.18e-05  -1.12e-04 -9.91e-05  [+0.19,+0.69] [-4.2e-04,+1.4e-05]
   fb         +0.602  0.979  +147.6  +0.006 +6.09e-04  +7.42e-05 -4.42e-04  [+0.31,+0.81] [+4.5e-05,+1.1e-04]
   total      +1.000  0.717  +139.2  -0.089 +5.28e-04  -3.81e-05 -5.41e-04  [+1.00,+1.00] [-3.1e-04,+8.1e-05]
   u_log      +1.008  0.724  +135.7  -0.085 +5.09e-04  -8.06e-05 -5.71e-04  [+1.01,+1.01] [-3.5e-04,+3.8e-05]
   u_e4       +0.998  0.725  +130.3  -0.079 +4.61e-04  -1.44e-04 -5.95e-04  [+0.99,+1.00] [-4.0e-04,-2.8e-05]
   setpoint   -0.236  0.042  -179.2  +0.284 +9.00e-05  +7.57e-05 +2.96e-05  [-0.34,-0.15] [+4.8e-06,+2.3e-04]
   rd        -710.093  0.993    +2.6  -0.002 -1.17e+00  -7.51e-01 +1.84e-01  [-1042.66,-236.11] [-7.8e-01,-7.3e-01]

=== lt15_large / ALL: windows 236 runs 47  rate band rms ~19.27 deg/s  coh floor(dob,total) 0.003,0.003
   term        share    coh   phase    gd_s    b_eq@0  b_eq@60ms  b_eq@120  CI(share) CI(beq60)
   hold       +0.035  0.230    +1.2  -0.129 -6.07e-05  -4.89e-05 -1.00e-05  [+0.01,+0.07] [-8.2e-05,-1.1e-05]
   move       +0.195  0.338   +43.9  -0.107 -1.38e-04  -2.00e-04 -1.46e-04  [+0.11,+0.26] [-2.8e-04,-9.6e-05]
   hyst       +0.031  0.154   +37.0  -0.089 -2.92e-05  -3.74e-05 -2.66e-05  [+0.01,+0.05] [-6.0e-05,-1.3e-05]
   rl_ff      +0.166  0.309   +44.6  -0.105 -1.14e-04  -1.69e-04 -1.21e-04  [+0.10,+0.20] [-2.3e-04,-8.5e-05]
   p_sp       +0.064  0.272   +56.8  -0.276 -3.43e-05  -6.27e-05 -4.88e-05  [+0.04,+0.08] [-8.4e-05,-3.0e-05]
   p_meas     +0.153  0.803  +125.7  -0.089 +1.33e-04  -5.78e-05 -1.80e-04  [+0.12,+0.18] [-7.4e-05,-4.5e-05]
   i          +0.000  0.572   +25.1  -0.105 -7.90e-06  -7.98e-06 -2.78e-06  [-0.00,+0.00] [-1.0e-05,-5.6e-06]
   rl_fb      +0.392  0.927  +168.7  +0.010 +7.96e-04  +3.78e-04 -2.56e-04  [+0.27,+0.59] [+3.1e-04,+4.5e-04]
   dob        -0.035  0.508   +22.4  +0.053 -9.58e-05  -9.02e-05 -3.38e-05  [-0.06,-0.02] [-1.4e-04,-5.5e-05]
   ff         +0.491  0.334   +40.4  -0.114 -3.76e-04  -5.18e-04 -3.53e-04  [+0.29,+0.62] [-7.1e-04,-2.4e-04]
   fb         +0.509  0.946  +154.9  -0.018 +8.25e-04  +2.22e-04 -4.73e-04  [+0.38,+0.71] [+1.7e-04,+2.7e-04]
   total      +1.000  0.629  +122.4  -0.117 +4.49e-04  -2.96e-04 -8.26e-04  [+1.00,+1.00] [-4.7e-04,-4.0e-05]
   u_log      +1.065  0.699  +120.6  -0.087 +4.99e-04  -3.59e-04 -9.38e-04  [+1.04,+1.08] [-5.4e-04,-1.1e-04]
   u_e4       +1.054  0.698  +115.1  -0.081 +4.17e-04  -4.47e-04 -9.57e-04  [+1.03,+1.07] [-6.2e-04,-2.0e-04]
   setpoint   -0.112  0.296  +174.7  -0.141 +2.93e-04  +2.17e-04 +8.98e-06  [-0.19,-0.05] [+7.2e-05,+3.4e-04]
   rd        -319.675  0.993    +2.9  -0.003 -1.02e+00  -6.83e-01 +9.70e-02  [-592.76,-140.55] [-7.1e-01,-6.4e-01]

=== lt15_large / T64: windows 38 runs 15  rate band rms ~16.45 deg/s  coh floor(dob,total) 0.023,0.016
   term        share    coh   phase    gd_s    b_eq@0  b_eq@60ms  b_eq@120  CI(share) CI(beq60)
   hold       +0.012  0.244   +21.8  -0.171 -2.22e-05  -2.46e-05 -2.99e-06  [+0.01,+0.02] [-4.6e-05,-7.0e-06]
   move       +0.136  0.362   +61.1  -0.120 -7.28e-05  -1.61e-04 -1.28e-04  [+0.06,+0.19] [-2.8e-04,-5.2e-05]
   hyst       +0.004  0.046   -44.0  -0.208 -5.25e-06  -9.89e-07 +5.42e-06  [-0.01,+0.02] [-9.4e-06,+5.1e-06]
   rl_ff      +0.144  0.357   +61.4  -0.120 -7.62e-05  -1.70e-04 -1.36e-04  [+0.06,+0.20] [-3.0e-04,-4.9e-05]
   p_sp       +0.053  0.321   +71.7  +0.024 -1.92e-05  -5.90e-05 -4.84e-05  [+0.02,+0.08] [-1.1e-04,-1.5e-05]
   p_meas     +0.159  0.893  +120.4  -0.067 +1.21e-04  -9.01e-05 -1.96e-04  [+0.13,+0.19] [-1.1e-04,-7.0e-05]
   i          -0.001  0.783   +25.9  -0.071 -5.25e-06  -5.05e-06 -1.24e-06  [-0.00,-0.00] [-5.8e-06,-4.0e-06]
   rl_fb      +0.546  1.000  +171.4  +0.010 +9.66e-04  +4.40e-04 -3.72e-04  [+0.41,+0.73] [+3.9e-04,+5.0e-04]
   dob        -0.054  0.775   +18.8  +0.052 -1.28e-04  -1.13e-04 -3.20e-05  [-0.10,-0.02] [-1.6e-04,-5.8e-05]
   ff         +0.349  0.350   +59.6  -0.127 -1.96e-04  -4.15e-04 -3.10e-04  [+0.17,+0.48] [-7.4e-04,-1.2e-04]
   fb         +0.651  0.986  +157.3  -0.024 +9.54e-04  +2.31e-04 -6.01e-04  [+0.52,+0.83] [+1.9e-04,+2.7e-04]
   total      +1.000  0.765  +136.0  -0.097 +7.58e-04  -1.84e-04 -9.11e-04  [+1.00,+1.00] [-5.1e-04,+1.1e-04]
   u_log      +1.048  0.809  +132.2  -0.064 +7.80e-04  -2.65e-04 -1.01e-03  [+1.03,+1.07] [-5.7e-04,+2.0e-05]
   u_e4       +1.026  0.805  +125.9  -0.058 +6.75e-04  -3.82e-04 -1.03e-03  [+1.00,+1.06] [-7.1e-04,-8.4e-05]
   setpoint   -0.065  0.304  -162.6  -0.184 +1.49e-04  +1.54e-04 +3.73e-05  [-0.12,-0.03] [+4.7e-05,+2.5e-04]
   rd        -477.335  0.991    +2.7  -0.004 -1.01e+00  -6.19e-01 +2.29e-01  [-680.51,-328.64] [-6.7e-01,-5.8e-01]

=== lt15_large / T64B: windows 85 runs 13  rate band rms ~20.78 deg/s  coh floor(dob,total) 0.024,0.019
   term        share    coh   phase    gd_s    b_eq@0  b_eq@60ms  b_eq@120  CI(share) CI(beq60)
   hold       +0.022  0.281    +2.9  -0.135 -5.82e-05  -4.58e-05 -2.11e-06  [+0.01,+0.03] [-8.3e-05,-1.4e-06]
   move       +0.177  0.352   +41.9  -0.113 -1.43e-04  -2.03e-04 -1.26e-04  [+0.08,+0.23] [-2.9e-04,-5.5e-05]
   hyst       +0.021  0.200   +32.8  -0.071 -2.54e-05  -3.21e-05 -2.13e-05  [-0.00,+0.04] [-4.5e-05,-1.3e-05]
   rl_ff      +0.182  0.345   +41.5  -0.109 -1.47e-04  -2.09e-04 -1.29e-04  [+0.08,+0.24] [-3.0e-04,-5.7e-05]
   p_sp       +0.072  0.320   +51.8  -0.245 -4.82e-05  -8.01e-05 -5.47e-05  [+0.03,+0.09] [-1.2e-04,-2.1e-05]
   p_meas     +0.151  0.833  +126.7  -0.077 +1.43e-04  -6.01e-05 -1.89e-04  [+0.12,+0.18] [-7.5e-05,-4.9e-05]
   i          -0.000  0.705   +21.3  -0.097 -5.15e-06  -4.80e-06 -1.00e-06  [-0.00,+0.00] [-5.5e-06,-3.9e-06]
   rl_fb      +0.422  1.000  +171.8  +0.010 +9.69e-04  +4.87e-04 -2.92e-04  [+0.28,+0.73] [+4.3e-04,+5.2e-04]
   dob        -0.047  0.808   +22.3  +0.051 -1.53e-04  -1.43e-04 -5.29e-05  [-0.10,-0.02] [-1.9e-04,-1.1e-04]
   ff         +0.475  0.361   +38.8  -0.119 -4.22e-04  -5.70e-04 -3.33e-04  [+0.20,+0.61] [-8.2e-04,-1.5e-04]
   fb         +0.525  0.976  +157.5  -0.034 +9.54e-04  +2.79e-04 -5.35e-04  [+0.39,+0.80] [+2.1e-04,+3.3e-04]
   total      +1.000  0.603  +125.9  -0.102 +5.32e-04  -2.91e-04 -8.68e-04  [+1.00,+1.00] [-5.1e-04,+7.0e-05]
   u_log      +1.067  0.692  +123.4  -0.069 +5.87e-04  -3.69e-04 -1.00e-03  [+1.02,+1.10] [-5.9e-04,-1.9e-05]
   u_e4       +1.057  0.690  +117.7  -0.063 +4.96e-04  -4.66e-04 -1.02e-03  [+1.01,+1.09] [-6.8e-04,-1.2e-04]
   setpoint   -0.090  0.359  -179.0  -0.167 +3.02e-04  +2.31e-04 -1.03e-05  [-0.13,-0.04] [+5.0e-05,+3.6e-04]
   rd        -340.804  0.994    +3.0  -0.003 -1.03e+00  -6.72e-01 +1.41e-01  [-692.37,-186.15] [-7.1e-01,-6.1e-01]

=== lt15_large / T5: windows 27 runs 7  rate band rms ~17.01 deg/s  coh floor(dob,total) 0.048,0.051
   term        share    coh   phase    gd_s    b_eq@0  b_eq@60ms  b_eq@120  CI(share) CI(beq60)
   hold       +0.005  0.190   +20.7  -0.136 -1.47e-05  -1.62e-05 -8.17e-06  [+0.00,+0.01] [-4.7e-05,-5.4e-06]
   move       +0.064  0.257   +56.2  -0.111 -4.25e-05  -8.00e-05 -7.36e-05  [+0.02,+0.14] [-2.1e-04,-4.6e-06]
   hyst       +0.015  0.090   +49.5  -0.084 -1.25e-05  -2.03e-05 -1.88e-05  [-0.01,+0.06] [-7.0e-05,-2.0e-06]
   rl_ff      +0.066  0.251   +55.1  -0.108 -4.51e-05  -8.23e-05 -7.47e-05  [+0.02,+0.16] [-2.3e-04,-5.5e-06]
   p_sp       +0.019  0.172   +68.7  -0.248 -7.23e-06  -1.93e-05 -1.85e-05  [+0.01,+0.05] [-6.5e-05,-4.2e-06]
   p_meas     +0.183  0.797  +122.0  -0.113 +1.18e-04  -7.54e-05 -1.91e-04  [+0.16,+0.21] [-8.8e-05,-4.9e-05]
   i          -0.002  0.770   +28.3  -0.142 -4.34e-06  -4.62e-06 -1.60e-06  [-0.00,-0.00] [-6.2e-06,-4.0e-06]
   rl_fb      +0.718  1.000  +172.1  +0.010 +9.69e-04  +5.08e-04 -2.52e-04  [+0.45,+0.88] [+4.7e-04,+5.4e-04]
   dob        -0.069  0.913   +25.7  +0.049 -1.88e-04  -1.88e-04 -8.79e-05  [-0.13,-0.03] [-2.1e-04,-1.3e-04]
   ff         +0.170  0.252   +53.8  -0.113 -1.22e-04  -2.18e-04 -1.94e-04  [+0.05,+0.43] [-6.1e-04,-2.9e-05]
   fb         +0.830  0.980  +155.1  -0.029 +8.94e-04  +2.40e-04 -5.32e-04  [+0.57,+0.95] [+2.1e-04,+3.4e-04]
   total      +1.000  0.876  +143.0  -0.071 +7.72e-04  +2.22e-05 -7.26e-04  [+1.00,+1.00] [-2.8e-04,+2.0e-04]
   u_log      +1.099  0.909  +138.2  -0.049 +8.28e-04  -5.55e-05 -8.57e-04  [+1.05,+1.13] [-3.3e-04,+1.2e-04]
   u_e4       +1.084  0.910  +133.0  -0.042 +7.61e-04  -1.54e-04 -9.02e-04  [+1.04,+1.11] [-4.3e-04,+2.0e-05]
   setpoint   -0.002  0.181  +178.9  +0.182 +1.17e-04  +9.39e-05 +3.54e-05  [-0.03,+0.01] [+1.4e-05,+2.4e-04]
   rd        -672.873  0.993    +2.5  -0.003 -1.02e+00  -6.75e-01 +1.12e-01  [-890.99,-381.58] [-7.2e-01,-6.5e-01]

=== lt15_large / T4: windows 86 runs 12  rate band rms ~19.54 deg/s  coh floor(dob,total) 0.000,0.010
   term        share    coh   phase    gd_s    b_eq@0  b_eq@60ms  b_eq@120  CI(share) CI(beq60)
   hold       +0.073  0.261    -2.7  -0.127 -8.65e-05  -6.78e-05 -2.15e-05  [+0.01,+0.12] [-1.2e-04,-5.2e-06]
   move       +0.283  0.413   +41.3  -0.111 -1.75e-04  -2.37e-04 -1.91e-04  [+0.09,+0.36] [-3.5e-04,-3.8e-05]
   hyst       +0.062  0.260   +40.7  -0.043 -4.48e-05  -5.88e-05 -4.45e-05  [+0.03,+0.08] [-9.3e-05,-1.4e-06]
   rl_ff      +0.175  0.412   +42.1  -0.113 -1.06e-04  -1.45e-04 -1.18e-04  [+0.05,+0.22] [-2.1e-04,-2.3e-05]
   p_sp       +0.068  0.312   +58.5  -0.289 -2.99e-05  -5.47e-05 -4.96e-05  [+0.03,+0.09] [-7.7e-05,-1.2e-05]
   p_meas     +0.145  0.752  +127.3  -0.105 +1.30e-04  -4.09e-05 -1.63e-04  [+0.09,+0.23] [-6.9e-05,-2.7e-05]
   i          +0.002  0.655   +26.3  -0.124 -1.26e-05  -1.33e-05 -5.53e-06  [-0.00,+0.00] [-1.7e-05,-1.0e-05]
   rl_fb      +0.193  0.998  +159.5  +0.024 +5.07e-04  +2.06e-04 -1.82e-04  [+0.07,+0.56] [+1.4e-04,+2.3e-04]
   dob        +0.000  0.000    +0.0  -0.000 -0.00e+00  -0.00e+00 -0.00e+00  [+0.00,+0.00] [-0.0e+00,+0.0e+00]
   ff         +0.661  0.408   +36.9  -0.124 -4.42e-04  -5.64e-04 -4.25e-04  [+0.22,+0.84] [-8.3e-04,-8.1e-05]
   fb         +0.339  0.971  +149.6  +0.018 +6.25e-04  +1.52e-04 -3.50e-04  [+0.16,+0.78] [+6.3e-05,+1.9e-04]
   total      +1.000  0.665  +104.6  -0.140 +1.82e-04  -4.12e-04 -7.75e-04  [+1.00,+1.00] [-6.4e-04,-5.7e-06]
   u_log      +1.059  0.724  +106.2  -0.116 +2.35e-04  -4.50e-04 -8.66e-04  [+1.03,+1.08] [-6.9e-04,-5.8e-05]
   u_e4       +1.056  0.726  +101.3  -0.109 +1.67e-04  -5.15e-04 -8.80e-04  [+1.02,+1.08] [-7.5e-04,-1.2e-04]
   setpoint   -0.195  0.308  +166.1  -0.129 +3.71e-04  +2.50e-04 +1.53e-05  [-0.31,-0.05] [+2.9e-05,+4.4e-04]
   rd        -127.158  0.994    +2.9  -0.002 -1.02e+00  -7.18e-01 +2.76e-03  [-876.70,+127.55] [-7.5e-01,-6.7e-01]

=== turns_s3 / ALL: windows 267 runs 36  rate band rms ~17.12 deg/s  coh floor(dob,total) 0.002,0.004
   term        share    coh   phase    gd_s    b_eq@0  b_eq@60ms  b_eq@120  CI(share) CI(beq60)
   hold       +0.046  0.244    +1.1  -0.130 -7.64e-05  -6.07e-05 -1.23e-05  [+0.01,+0.08] [-9.7e-05,-7.9e-06]
   move       +0.215  0.356   +41.5  -0.102 -1.60e-04  -2.21e-04 -1.58e-04  [+0.13,+0.28] [-3.1e-04,-1.0e-04]
   hyst       +0.041  0.191   +38.9  -0.068 -3.52e-05  -4.64e-05 -3.30e-05  [+0.01,+0.06] [-7.0e-05,-1.5e-05]
   rl_ff      +0.182  0.324   +41.7  -0.101 -1.33e-04  -1.85e-04 -1.29e-04  [+0.11,+0.22] [-2.7e-04,-8.5e-05]
   p_sp       +0.070  0.283   +53.1  -0.267 -4.10e-05  -6.87e-05 -5.20e-05  [+0.04,+0.09] [-1.0e-04,-2.7e-05]
   p_meas     +0.143  0.798  +126.4  -0.090 +1.35e-04  -5.35e-05 -1.78e-04  [+0.12,+0.18] [-6.6e-05,-3.9e-05]
   i          +0.000  0.569   +23.9  -0.103 -8.06e-06  -8.05e-06 -2.73e-06  [-0.00,+0.00] [-1.0e-05,-5.4e-06]
   rl_fb      +0.332  0.926  +168.7  +0.010 +7.90e-04  +3.84e-04 -2.39e-04  [+0.21,+0.57] [+3.0e-04,+4.7e-04]
   dob        -0.031  0.500   +22.9  +0.055 -9.51e-05  -9.03e-05 -3.52e-05  [-0.07,-0.01] [-1.4e-04,-4.6e-05]
   ff         +0.556  0.348   +37.7  -0.112 -4.46e-04  -5.83e-04 -3.84e-04  [+0.33,+0.68] [-8.2e-04,-2.7e-04]
   fb         +0.444  0.945  +154.9  -0.020 +8.22e-04  +2.32e-04 -4.55e-04  [+0.32,+0.67] [+1.7e-04,+3.0e-04]
   total      +1.000  0.593  +117.2  -0.119 +3.76e-04  -3.51e-04 -8.39e-04  [+1.00,+1.00] [-5.5e-04,-5.1e-05]
   u_log      +1.062  0.662  +116.3  -0.091 +4.25e-04  -4.11e-04 -9.49e-04  [+1.04,+1.08] [-6.1e-04,-1.2e-04]
   u_e4       +1.053  0.663  +111.0  -0.084 +3.45e-04  -4.93e-04 -9.65e-04  [+1.03,+1.07] [-6.9e-04,-2.1e-04]
   setpoint   -0.145  0.316  +174.7  -0.143 +3.46e-04  +2.53e-04 +1.24e-05  [-0.22,-0.06] [+6.1e-05,+3.9e-04]
   rd        -252.085  0.993    +2.9  -0.003 -1.03e+00  -6.97e-01 +7.76e-02  [-581.57,-80.04] [-7.3e-01,-6.6e-01]

=== turns_s3 / T64: windows 41 runs 8  rate band rms ~10.42 deg/s  coh floor(dob,total) 0.031,0.036
   term        share    coh   phase    gd_s    b_eq@0  b_eq@60ms  b_eq@120  CI(share) CI(beq60)
   hold       +0.018  0.056   -13.7  -0.186 -1.72e-05  -1.21e-05 +1.55e-06  [+0.01,+0.04] [-2.5e-05,+1.1e-05]
   move       +0.101  0.172   +40.8  -0.137 -7.08e-05  -9.88e-05 -6.13e-05  [+0.05,+0.14] [-1.5e-04,-2.5e-05]
   hyst       -0.002  0.110   -39.2  +0.161 -1.63e-05  -4.09e-06 +1.19e-05  [-0.02,+0.01] [-1.3e-05,+4.2e-06]
   rl_ff      +0.093  0.180   +39.6  -0.134 -7.12e-05  -9.73e-05 -5.95e-05  [+0.04,+0.13] [-1.5e-04,-2.8e-05]
   p_sp       +0.026  0.123   +61.0  -0.381 -8.73e-06  -1.90e-05 -9.93e-06  [+0.01,+0.04] [-2.6e-05,+9.3e-07]
   p_meas     +0.173  0.798  +121.6  -0.086 +1.17e-04  -8.35e-05 -1.91e-04  [+0.15,+0.20] [-1.0e-04,-5.8e-05]
   i          -0.001  0.701   +31.3  -0.082 -3.63e-06  -3.81e-06 -8.68e-07  [-0.00,-0.00] [-4.6e-06,-3.2e-06]
   rl_fb      +0.671  1.000  +171.7  +0.010 +9.67e-04  +4.66e-04 -3.26e-04  [+0.58,+0.81] [+3.8e-04,+5.3e-04]
   dob        -0.079  0.897   +22.8  +0.051 -1.67e-04  -1.57e-04 -5.93e-05  [-0.13,-0.05] [-1.8e-04,-1.3e-04]
   ff         +0.237  0.173   +32.7  -0.162 -1.84e-04  -2.31e-04 -1.17e-04  [+0.11,+0.32] [-3.5e-04,-5.3e-05]
   fb         +0.763  0.978  +156.2  -0.045 +9.14e-04  +2.21e-04 -5.77e-04  [+0.68,+0.89] [+1.6e-04,+3.0e-04]
   total      +1.000  0.727  +144.4  -0.075 +7.30e-04  -9.87e-06 -6.95e-04  [+1.00,+1.00] [-1.2e-04,+2.7e-04]
   u_log      +1.050  0.779  +139.9  -0.052 +7.65e-04  -8.09e-05 -7.98e-04  [+1.00,+1.07] [-2.0e-04,+1.9e-04]
   u_e4       +1.037  0.779  +134.4  -0.045 +6.99e-04  -1.75e-04 -8.33e-04  [+0.99,+1.05] [-3.0e-04,+1.1e-04]
   setpoint   -0.172  0.132  -171.5  -0.236 +1.60e-04  +1.54e-04 +4.90e-05  [-0.21,-0.09] [-5.2e-05,+3.2e-04]
   rd        -630.597  0.990    +2.7  -0.003 -1.03e+00  -6.55e-01 +1.85e-01  [-849.47,-516.29] [-7.4e-01,-6.1e-01]

=== turns_s3 / T64B: windows 98 runs 11  rate band rms ~19.24 deg/s  coh floor(dob,total) 0.007,0.011
   term        share    coh   phase    gd_s    b_eq@0  b_eq@60ms  b_eq@120  CI(share) CI(beq60)
   hold       +0.037  0.311    +4.6  -0.150 -8.13e-05  -6.52e-05 -5.98e-06  [+0.01,+0.05] [-1.1e-04,+1.6e-06]
   move       +0.201  0.390   +41.3  -0.117 -1.69e-04  -2.36e-04 -1.48e-04  [+0.07,+0.24] [-3.2e-04,-4.0e-05]
   hyst       +0.037  0.226   +41.1  -0.099 -3.03e-05  -4.31e-05 -3.04e-05  [-0.00,+0.05] [-6.2e-05,-1.2e-05]
   rl_ff      +0.207  0.383   +40.9  -0.112 -1.74e-04  -2.41e-04 -1.50e-04  [+0.07,+0.25] [-3.3e-04,-4.4e-05]
   p_sp       +0.081  0.360   +49.4  -0.228 -5.87e-05  -9.28e-05 -6.28e-05  [+0.03,+0.10] [-1.3e-04,-1.8e-05]
   p_meas     +0.136  0.846  +126.8  -0.067 +1.44e-04  -5.76e-05 -1.88e-04  [+0.11,+0.18] [-7.4e-05,-3.9e-05]
   i          +0.000  0.715   +19.8  -0.088 -5.33e-06  -4.87e-06 -9.58e-07  [-0.00,+0.00] [-5.6e-06,-3.7e-06]
   rl_fb      +0.339  1.000  +171.8  +0.010 +9.69e-04  +4.94e-04 -2.79e-04  [+0.22,+0.74] [+4.2e-04,+5.3e-04]
   dob        -0.039  0.794   +22.1  +0.053 -1.46e-04  -1.37e-04 -5.04e-05  [-0.11,-0.02] [-1.9e-04,-1.1e-04]
   ff         +0.564  0.392   +38.0  -0.126 -5.13e-04  -6.79e-04 -3.97e-04  [+0.20,+0.67] [-9.5e-04,-1.2e-04]
   fb         +0.436  0.978  +157.8  -0.034 +9.61e-04  +2.95e-04 -5.19e-04  [+0.33,+0.80] [+2.1e-04,+3.5e-04]
   total      +1.000  0.573  +119.4  -0.110 +4.48e-04  -3.84e-04 -9.16e-04  [+1.00,+1.00] [-6.1e-04,+1.1e-04]
   u_log      +1.063  0.656  +117.7  -0.076 +4.97e-04  -4.63e-04 -1.05e-03  [+1.00,+1.09] [-7.0e-04,+1.8e-05]
   u_e4       +1.052  0.655  +112.1  -0.070 +4.02e-04  -5.56e-04 -1.06e-03  [+0.99,+1.08] [-7.9e-04,-8.2e-05]
   setpoint   -0.135  0.389  -177.8  -0.170 +3.66e-04  +2.83e-04 +3.26e-06  [-0.17,-0.03] [+3.3e-05,+4.4e-04]
   rd        -252.305  0.994    +2.9  -0.003 -1.03e+00  -6.83e-01 +1.28e-01  [-685.52,-115.17] [-7.2e-01,-6.0e-01]

=== turns_s3 / T5: windows 37 runs 7  rate band rms ~13.87 deg/s  coh floor(dob,total) 0.028,0.024
   term        share    coh   phase    gd_s    b_eq@0  b_eq@60ms  b_eq@120  CI(share) CI(beq60)
   hold       +0.006  0.163   +20.7  -0.227 -1.62e-05  -1.74e-05 -9.10e-06  [+0.00,+0.02] [-5.1e-05,-5.4e-06]
   move       +0.068  0.235   +53.8  -0.138 -4.64e-05  -8.11e-05 -7.32e-05  [+0.02,+0.15] [-2.1e-04,+4.3e-06]
   hyst       +0.016  0.085   +43.5  -0.036 -1.57e-05  -2.26e-05 -1.96e-05  [-0.01,+0.06] [-7.1e-05,-4.6e-06]
   rl_ff      +0.070  0.232   +52.8  -0.099 -4.91e-05  -8.40e-05 -7.48e-05  [+0.02,+0.16] [-2.3e-04,+2.7e-06]
   p_sp       +0.021  0.155   +67.4  -0.195 -7.87e-06  -1.93e-05 -1.82e-05  [+0.01,+0.05] [-6.7e-05,-3.1e-06]
   p_meas     +0.179  0.761  +122.9  -0.116 +1.16e-04  -6.96e-05 -1.84e-04  [+0.15,+0.20] [-8.7e-05,-3.5e-05]
   i          -0.002  0.741   +28.4  -0.145 -4.19e-06  -4.48e-06 -1.58e-06  [-0.00,+0.00] [-6.0e-06,-3.9e-06]
   rl_fb      +0.713  1.000  +172.3  +0.010 +9.70e-04  +5.18e-04 -2.35e-04  [+0.44,+0.91] [+4.8e-04,+5.6e-04]
   dob        -0.071  0.904   +25.7  +0.050 -1.94e-04  -1.95e-04 -9.31e-05  [-0.15,-0.02] [-2.2e-04,-1.4e-04]
   ff         +0.181  0.234   +51.2  -0.049 -1.35e-04  -2.25e-04 -1.95e-04  [+0.04,+0.45] [-6.2e-04,-1.1e-05]
   fb         +0.819  0.977  +155.4  -0.030 +8.87e-04  +2.50e-04 -5.13e-04  [+0.55,+0.96] [+2.1e-04,+3.6e-04]
   total      +1.000  0.864  +142.6  -0.073 +7.52e-04  +2.50e-05 -7.08e-04  [+1.00,+1.00] [-2.6e-04,+2.4e-04]
   u_log      +1.080  0.896  +138.4  -0.052 +7.99e-04  -3.98e-05 -8.18e-04  [+1.02,+1.10] [-3.0e-04,+1.6e-04]
   u_e4       +1.067  0.897  +133.3  -0.045 +7.36e-04  -1.33e-04 -8.63e-04  [+1.01,+1.09] [-3.9e-04,+7.1e-05]
   setpoint   -0.001  0.189  +178.8  +0.171 +1.31e-04  +1.04e-04 +3.64e-05  [-0.03,+0.01] [+1.4e-05,+2.5e-04]
   rd        -680.217  0.991    +2.6  -0.003 -1.03e+00  -6.93e-01 +9.51e-02  [-953.34,-384.22] [-7.4e-01,-6.7e-01]

=== turns_s3 / T4: windows 91 runs 10  rate band rms ~18.27 deg/s  coh floor(dob,total) 0.000,0.012
   term        share    coh   phase    gd_s    b_eq@0  b_eq@60ms  b_eq@120  CI(share) CI(beq60)
   hold       +0.076  0.280    -3.0  -0.124 -9.33e-05  -7.27e-05 -2.26e-05  [+0.01,+0.12] [-1.2e-04,-5.2e-06]
   move       +0.292  0.444   +40.9  -0.107 -1.89e-04  -2.54e-04 -2.04e-04  [+0.11,+0.37] [-3.8e-04,-5.9e-05]
   hyst       +0.062  0.296   +39.6  -0.040 -4.83e-05  -6.21e-05 -4.57e-05  [+0.02,+0.08] [-9.9e-05,-3.5e-07]
   rl_ff      +0.181  0.442   +41.8  -0.109 -1.14e-04  -1.55e-04 -1.26e-04  [+0.07,+0.22] [-2.3e-04,-3.6e-05]
   p_sp       +0.070  0.336   +58.3  -0.280 -3.24e-05  -5.88e-05 -5.31e-05  [+0.03,+0.09] [-7.9e-05,-1.6e-05]
   p_meas     +0.142  0.755  +127.3  -0.104 +1.31e-04  -4.05e-05 -1.63e-04  [+0.09,+0.23] [-7.2e-05,-2.3e-05]
   i          +0.002  0.661   +25.2  -0.120 -1.29e-05  -1.33e-05 -5.39e-06  [-0.00,+0.00] [-1.8e-05,-1.1e-05]
   rl_fb      +0.175  0.999  +159.6  +0.024 +5.09e-04  +2.08e-04 -1.79e-04  [+0.05,+0.53] [+1.4e-04,+2.4e-04]
   dob        +0.000  0.000    +0.0  -0.000 -0.00e+00  -0.00e+00 -0.00e+00  [+0.00,+0.00] [-0.0e+00,+0.0e+00]
   ff         +0.681  0.439   +36.5  -0.119 -4.77e-04  -6.03e-04 -4.51e-04  [+0.24,+0.86] [-8.9e-04,-1.2e-04]
   fb         +0.319  0.972  +149.6  +0.017 +6.27e-04  +1.54e-04 -3.47e-04  [+0.14,+0.76] [+5.5e-05,+2.0e-04]
   total      +1.000  0.674  +101.7  -0.140 +1.50e-04  -4.49e-04 -7.98e-04  [+1.00,+1.00] [-6.9e-04,-6.0e-05]
   u_log      +1.058  0.730  +103.8  -0.117 +2.03e-04  -4.85e-04 -8.87e-04  [+1.02,+1.08] [-7.3e-04,-1.1e-04]
   u_e4       +1.055  0.731   +99.0  -0.111 +1.34e-04  -5.49e-04 -8.99e-04  [+1.02,+1.08] [-7.9e-04,-1.7e-04]
   setpoint   -0.194  0.335  +165.5  -0.146 +4.00e-04  +2.66e-04 +1.23e-05  [-0.32,-0.04] [+2.8e-05,+4.6e-04]
   rd        -90.985  0.993    +3.0  -0.002 -1.02e+00  -7.20e-01 -2.43e-03  [-807.11,+165.64] [-7.6e-01,-6.6e-01]

=== v3_8 / ALL: windows 592 runs 73  rate band rms ~11.33 deg/s  coh floor(dob,total) 0.003,0.002
   term        share    coh   phase    gd_s    b_eq@0  b_eq@60ms  b_eq@120  CI(share) CI(beq60)
   hold       +0.051  0.266    +2.2  -0.134 -8.57e-05  -6.94e-05 -1.44e-05  [+0.02,+0.08] [-1.2e-04,-1.3e-05]
   move       +0.230  0.410   +43.1  -0.103 -1.80e-04  -2.57e-04 -1.86e-04  [+0.15,+0.29] [-3.5e-04,-1.3e-04]
   hyst       +0.048  0.178   +39.7  -0.060 -3.94e-05  -5.22e-05 -3.72e-05  [+0.02,+0.07] [-7.7e-05,-1.6e-05]
   rl_ff      +0.201  0.376   +44.0  -0.103 -1.52e-04  -2.21e-04 -1.57e-04  [+0.13,+0.24] [-3.2e-04,-1.1e-04]
   p_sp       +0.078  0.332   +54.4  -0.256 -4.76e-05  -8.24e-05 -6.27e-05  [+0.05,+0.09] [-1.2e-04,-4.6e-05]
   p_meas     +0.133  0.861  +125.7  -0.087 +1.39e-04  -5.34e-05 -1.81e-04  [+0.11,+0.17] [-7.4e-05,-3.8e-05]
   i          +0.001  0.653   +24.0  -0.116 -8.39e-06  -8.31e-06 -3.10e-06  [-0.00,+0.00] [-1.1e-05,-5.9e-06]
   rl_fb      +0.280  0.927  +168.8  +0.010 +7.92e-04  +3.88e-04 -2.37e-04  [+0.17,+0.49] [+3.1e-04,+4.7e-04]
   dob        -0.021  0.479   +20.9  +0.057 -7.94e-05  -7.34e-05 -2.64e-05  [-0.05,-0.01] [-1.1e-04,-4.1e-05]
   ff         +0.608  0.394   +39.6  -0.112 -5.05e-04  -6.82e-04 -4.58e-04  [+0.39,+0.72] [-9.5e-04,-3.3e-04]
   fb         +0.392  0.951  +155.5  -0.007 +8.44e-04  +2.53e-04 -4.47e-04  [+0.28,+0.61] [+1.9e-04,+3.1e-04]
   total      +1.000  0.593  +112.9  -0.123 +3.39e-04  -4.29e-04 -9.05e-04  [+1.00,+1.00] [-6.5e-04,-1.1e-04]
   u_log      +1.049  0.653  +112.6  -0.099 +3.82e-04  -4.84e-04 -1.00e-03  [+1.02,+1.06] [-7.2e-04,-1.7e-04]
   u_e4       +1.040  0.653  +107.1  -0.092 +2.95e-04  -5.68e-04 -1.01e-03  [+1.01,+1.06] [-8.0e-04,-2.6e-04]
   setpoint   -0.152  0.364  +174.4  -0.128 +3.85e-04  +2.81e-04 +1.07e-05  [-0.21,-0.05] [+7.8e-05,+4.3e-04]
   rd        -195.878  0.991    +2.8  -0.003 -1.03e+00  -7.03e-01 +6.87e-02  [-473.53,-38.59] [-7.4e-01,-6.5e-01]

=== v3_8 / T64: windows 152 runs 22  rate band rms ~8.87 deg/s  coh floor(dob,total) 0.004,0.002
   term        share    coh   phase    gd_s    b_eq@0  b_eq@60ms  b_eq@120  CI(share) CI(beq60)
   hold       +0.017  0.151   +13.4  -0.171 -2.42e-05  -2.38e-05 -1.47e-06  [+0.01,+0.03] [-4.0e-05,-7.4e-06]
   move       +0.133  0.284   +59.9  -0.119 -6.72e-05  -1.42e-04 -1.13e-04  [+0.07,+0.18] [-2.4e-04,-4.7e-05]
   hyst       +0.011  0.027   -43.7  -0.182 -5.84e-06  -6.07e-07 +6.39e-06  [+0.00,+0.03] [-9.6e-06,+5.3e-06]
   rl_ff      +0.141  0.284   +60.3  -0.118 -7.06e-05  -1.51e-04 -1.20e-04  [+0.07,+0.19] [-2.6e-04,-4.7e-05]
   p_sp       +0.051  0.247   +70.4  +0.034 -1.79e-05  -5.16e-05 -4.14e-05  [+0.02,+0.07] [-1.0e-04,-1.2e-05]
   p_meas     +0.157  0.894  +121.6  -0.070 +1.26e-04  -8.03e-05 -1.93e-04  [+0.14,+0.19] [-9.6e-05,-6.0e-05]
   i          -0.001  0.769   +28.2  -0.074 -5.10e-06  -5.13e-06 -1.62e-06  [-0.00,-0.00] [-5.8e-06,-4.3e-06]
   rl_fb      +0.550  1.000  +171.6  +0.010 +9.67e-04  +4.64e-04 -3.31e-04  [+0.43,+0.72] [+4.2e-04,+5.1e-04]
   dob        -0.061  0.779   +19.5  +0.050 -1.37e-04  -1.24e-04 -4.11e-05  [-0.10,-0.03] [-1.6e-04,-8.2e-05]
   ff         +0.355  0.259   +57.4  -0.129 -1.86e-04  -3.70e-04 -2.70e-04  [+0.19,+0.47] [-6.5e-04,-1.1e-04]
   fb         +0.645  0.986  +157.3  -0.022 +9.51e-04  +2.54e-04 -5.67e-04  [+0.53,+0.81] [+2.2e-04,+2.9e-04]
   total      +1.000  0.733  +138.0  -0.104 +7.65e-04  -1.16e-04 -8.36e-04  [+1.00,+1.00] [-4.0e-04,+1.7e-04]
   u_log      +1.038  0.770  +134.0  -0.073 +7.76e-04  -1.94e-04 -9.25e-04  [+1.02,+1.06] [-4.7e-04,+8.3e-05]
   u_e4       +1.019  0.766  +127.9  -0.067 +6.80e-04  -3.04e-04 -9.46e-04  [+0.99,+1.04] [-6.1e-04,-1.4e-05]
   setpoint   -0.075  0.206  -167.0  -0.178 +1.36e-04  +1.32e-04 +2.57e-05  [-0.14,-0.04] [+3.2e-05,+2.3e-04]
   rd        -499.891  0.989    +2.6  -0.004 -1.03e+00  -6.55e-01 +1.87e-01  [-688.84,-362.27] [-7.1e-01,-6.1e-01]

=== v3_8 / T64B: windows 157 runs 20  rate band rms ~13.30 deg/s  coh floor(dob,total) 0.004,0.002
   term        share    coh   phase    gd_s    b_eq@0  b_eq@60ms  b_eq@120  CI(share) CI(beq60)
   hold       +0.049  0.391    +5.3  -0.155 -1.10e-04  -8.90e-05 -9.07e-06  [+0.02,+0.07] [-1.4e-04,+2.2e-06]
   move       +0.241  0.531   +41.3  -0.106 -2.36e-04  -3.30e-04 -2.07e-04  [+0.14,+0.27] [-4.1e-04,-1.3e-04]
   hyst       +0.048  0.258   +40.5  -0.079 -4.37e-05  -5.99e-05 -4.08e-05  [+0.01,+0.07] [-8.1e-05,-1.6e-05]
   rl_ff      +0.250  0.521   +41.4  -0.105 -2.42e-04  -3.39e-04 -2.13e-04  [+0.14,+0.28] [-4.1e-04,-1.4e-04]
   p_sp       +0.098  0.490   +49.7  -0.233 -8.21e-05  -1.30e-04 -8.86e-05  [+0.06,+0.11] [-1.6e-04,-5.2e-05]
   p_meas     +0.118  0.923  +126.2  -0.074 +1.51e-04  -5.63e-05 -1.93e-04  [+0.09,+0.15] [-8.7e-05,-3.0e-05]
   i          +0.000  0.777   +15.4  -0.113 -6.42e-06  -5.47e-06 -9.03e-07  [-0.00,+0.00] [-6.2e-06,-3.9e-06]
   rl_fb      +0.212  1.000  +171.9  +0.010 +9.69e-04  +5.02e-04 -2.69e-04  [+0.13,+0.51] [+4.1e-04,+5.4e-04]
   dob        -0.016  0.773   +19.4  +0.061 -1.12e-04  -1.01e-04 -3.22e-05  [-0.07,-0.00] [-1.4e-04,-8.4e-05]
   ff         +0.687  0.523   +38.4  -0.116 -7.13e-04  -9.49e-04 -5.59e-04  [+0.41,+0.77] [-1.2e-03,-3.5e-04]
   fb         +0.313  0.990  +158.9  -0.014 +1.00e-03  +3.39e-04 -4.95e-04  [+0.23,+0.59] [+2.3e-04,+3.8e-04]
   total      +1.000  0.591  +106.8  -0.130 +2.88e-04  -6.09e-04 -1.05e-03  [+1.00,+1.00] [-8.3e-04,-4.3e-05]
   u_log      +1.045  0.650  +107.2  -0.105 +3.33e-04  -6.71e-04 -1.16e-03  [+0.99,+1.07] [-9.0e-04,-8.9e-05]
   u_e4       +1.036  0.651  +101.5  -0.099 +2.26e-04  -7.63e-04 -1.16e-03  [+0.98,+1.06] [-9.9e-04,-1.9e-04]
   setpoint   -0.161  0.529  -179.5  -0.147 +5.00e-04  +3.77e-04 -6.68e-06  [-0.19,-0.06] [+6.3e-05,+5.1e-04]
   rd        -119.713  0.992    +2.9  -0.004 -1.04e+00  -6.95e-01 +1.14e-01  [-486.52,-18.47] [-7.4e-01,-5.9e-01]

=== v3_8 / T5: windows 61 runs 11  rate band rms ~10.65 deg/s  coh floor(dob,total) 0.009,0.008
   term        share    coh   phase    gd_s    b_eq@0  b_eq@60ms  b_eq@120  CI(share) CI(beq60)
   hold       +0.007  0.195   +18.4  -0.142 -1.78e-05  -1.90e-05 -9.29e-06  [+0.00,+0.02] [-5.6e-05,-7.8e-06]
   move       +0.074  0.294   +55.3  -0.113 -5.04e-05  -9.29e-05 -8.52e-05  [+0.04,+0.16] [-2.5e-04,-2.0e-05]
   hyst       +0.021  0.092   +51.9  -0.080 -1.49e-05  -2.54e-05 -2.39e-05  [-0.00,+0.08] [-8.4e-05,-9.4e-06]
   rl_ff      +0.075  0.285   +54.5  -0.111 -5.30e-05  -9.53e-05 -8.63e-05  [+0.03,+0.18] [-2.7e-04,-2.1e-05]
   p_sp       +0.023  0.189   +71.1  -0.249 -7.48e-06  -2.17e-05 -2.15e-05  [+0.01,+0.06] [-7.6e-05,-2.9e-06]
   p_meas     +0.177  0.775  +121.1  -0.120 +1.14e-04  -7.76e-05 -1.90e-04  [+0.14,+0.20] [-9.0e-05,-4.3e-05]
   i          -0.002  0.739   +27.0  -0.151 -4.42e-06  -4.61e-06 -1.53e-06  [-0.00,+0.00] [-6.1e-06,-3.9e-06]
   rl_fb      +0.684  1.000  +172.2  +0.010 +9.70e-04  +5.13e-04 -2.41e-04  [+0.39,+0.82] [+4.6e-04,+5.6e-04]
   dob        -0.059  0.906   +25.9  +0.050 -1.84e-04  -1.84e-04 -8.90e-05  [-0.11,-0.02] [-2.1e-04,-1.2e-04]
   ff         +0.200  0.285   +53.5  -0.116 -1.44e-04  -2.54e-04 -2.26e-04  [+0.09,+0.49] [-7.3e-04,-7.7e-05]
   fb         +0.800  0.976  +155.2  -0.029 +8.95e-04  +2.46e-04 -5.22e-04  [+0.51,+0.91] [+2.1e-04,+3.7e-04]
   total      +1.000  0.862  +141.1  -0.073 +7.52e-04  -7.94e-06 -7.48e-04  [+1.00,+1.00] [-3.6e-04,+1.9e-04]
   u_log      +1.106  0.900  +136.5  -0.049 +8.16e-04  -8.56e-05 -8.86e-04  [+1.07,+1.13] [-3.9e-04,+5.9e-05]
   u_e4       +1.091  0.901  +131.4  -0.043 +7.46e-04  -1.84e-04 -9.29e-04  [+1.06,+1.12] [-4.8e-04,-5.8e-05]
   setpoint   -0.006  0.210  +177.7  +0.182 +1.34e-04  +1.06e-04 +3.86e-05  [-0.05,+0.01] [+1.0e-05,+2.7e-04]
   rd        -627.904  0.993    +2.6  -0.003 -1.01e+00  -6.71e-01 +1.00e-01  [-774.04,-312.45] [-7.1e-01,-6.5e-01]

=== v3_8 / T4: windows 222 runs 20  rate band rms ~11.49 deg/s  coh floor(dob,total) 0.000,0.006
   term        share    coh   phase    gd_s    b_eq@0  b_eq@60ms  b_eq@120  CI(share) CI(beq60)
   hold       +0.083  0.286    -2.7  -0.129 -1.04e-04  -8.14e-05 -2.60e-05  [+0.02,+0.13] [-1.4e-04,-4.4e-06]
   move       +0.300  0.462   +40.6  -0.114 -2.04e-04  -2.73e-04 -2.19e-04  [+0.12,+0.38] [-4.0e-04,-4.6e-05]
   hyst       +0.071  0.291   +40.7  -0.029 -5.49e-05  -7.22e-05 -5.47e-05  [+0.04,+0.09] [-1.1e-04,-1.3e-06]
   rl_ff      +0.186  0.460   +41.6  -0.115 -1.24e-04  -1.68e-04 -1.37e-04  [+0.08,+0.23] [-2.4e-04,-2.9e-05]
   p_sp       +0.073  0.350   +56.5  -0.262 -3.65e-05  -6.37e-05 -5.65e-05  [+0.04,+0.09] [-7.9e-05,-1.3e-05]
   p_meas     +0.135  0.816  +128.0  -0.098 +1.40e-04  -3.38e-05 -1.62e-04  [+0.08,+0.22] [-6.4e-05,-2.0e-05]
   i          +0.002  0.733   +27.0  -0.142 -1.25e-05  -1.32e-05 -6.16e-06  [-0.00,+0.00] [-1.7e-05,-1.1e-05]
   rl_fb      +0.150  0.999  +159.9  +0.024 +5.11e-04  +2.19e-04 -1.66e-04  [+0.01,+0.47] [+1.5e-04,+2.4e-04]
   dob        +0.000  0.000    +0.0  -0.000 -0.00e+00  -0.00e+00 -0.00e+00  [+0.00,+0.00] [-0.0e+00,+0.0e+00]
   ff         +0.713  0.455   +36.2  -0.125 -5.23e-04  -6.58e-04 -4.93e-04  [+0.31,+0.91] [-9.5e-04,-8.9e-05]
   fb         +0.287  0.980  +149.7  +0.029 +6.38e-04  +1.72e-04 -3.35e-04  [+0.09,+0.69] [+7.4e-05,+2.1e-04]
   total      +1.000  0.669   +98.7  -0.143 +1.15e-04  -4.86e-04 -8.28e-04  [+1.00,+1.00] [-7.5e-04,-9.1e-06]
   u_log      +1.049  0.720  +101.0  -0.124 +1.66e-04  -5.18e-04 -9.11e-04  [+1.02,+1.07] [-7.9e-04,-4.5e-05]
   u_e4       +1.047  0.722   +96.3  -0.118 +9.64e-05  -5.81e-04 -9.22e-04  [+1.01,+1.07] [-8.4e-04,-1.1e-04]
   setpoint   -0.210  0.366  +165.4  -0.122 +4.38e-04  +2.91e-04 +1.45e-05  [-0.34,-0.05] [+2.6e-05,+5.2e-04]
   rd        -55.078  0.991    +2.9  -0.002 -1.03e+00  -7.36e-01 -2.96e-02  [-772.14,+219.62] [-7.7e-01,-6.8e-01]

=== v8_15 / ALL: windows 1620 runs 71  rate band rms ~4.91 deg/s  coh floor(dob,total) 0.001,0.001
   term        share    coh   phase    gd_s    b_eq@0  b_eq@60ms  b_eq@120  CI(share) CI(beq60)
   hold       +0.039  0.005   +78.0  -0.225 -7.17e-07  -3.80e-06 -3.62e-06  [+0.03,+0.06] [-7.4e-06,-1.1e-06]
   move       +0.069  0.018  +119.3  +0.190 +6.75e-06  -5.67e-06 -1.10e-05  [+0.06,+0.09] [-1.2e-05,+7.6e-07]
   hyst       +0.028  0.008   +42.5  -0.232 -4.14e-06  -6.52e-06 -5.84e-06  [+0.02,+0.04] [-1.3e-05,-8.6e-07]
   rl_ff      +0.044  0.019  +117.7  +0.205 +3.93e-06  -3.89e-06 -6.83e-06  [+0.04,+0.06] [-8.6e-06,+5.9e-07]
   p_sp       +0.011  0.016  +118.7  +0.105 +1.83e-06  -1.69e-06 -2.76e-06  [+0.01,+0.01] [-3.8e-06,+6.4e-07]
   p_meas     +0.188  0.775  +126.7  -0.090 +1.22e-04  -7.01e-05 -1.83e-04  [+0.17,+0.20] [-7.6e-05,-6.4e-05]
   i          -0.002  0.506   +36.4  -0.093 -5.88e-06  -7.09e-06 -2.27e-06  [-0.00,-0.00] [-9.8e-06,-4.7e-06]
   rl_fb      +0.725  0.928  +168.5  +0.011 +8.01e-04  +3.42e-04 -3.23e-04  [+0.65,+0.78] [+2.5e-04,+4.2e-04]
   dob        -0.104  0.629   +22.6  +0.042 -1.46e-04  -1.37e-04 -4.78e-05  [-0.12,-0.08] [-1.8e-04,-8.1e-05]
   ff         +0.192  0.013  +104.3  -0.209 +7.64e-06  -2.16e-05 -3.01e-05  [+0.15,+0.25] [-3.9e-05,-8.0e-06]
   fb         +0.808  0.936  +153.0  -0.049 +7.71e-04  +1.28e-04 -5.56e-04  [+0.75,+0.85] [+8.9e-05,+1.6e-04]
   total      +1.000  0.795  +151.5  -0.060 +7.78e-04  +1.07e-04 -5.86e-04  [+1.00,+1.00] [+6.7e-05,+1.4e-04]
   u_log      +1.055  0.815  +145.8  -0.041 +7.91e-04  +2.81e-05 -6.80e-04  [+1.02,+1.08] [-5.0e-06,+6.2e-05]
   u_e4       +1.039  0.816  +140.3  -0.035 +7.35e-04  -6.05e-05 -7.19e-04  [+1.01,+1.06] [-8.7e-05,-2.8e-05]
   setpoint   -0.196  0.012  -118.9  -0.214 +1.55e-05  +3.35e-05 +2.12e-05  [-0.27,-0.15] [+1.1e-05,+6.2e-05]
   rd        -831.536  0.990    +2.9  -0.002 -1.10e+00  -6.87e-01 +2.21e-01  [-881.50,-781.43] [-7.1e-01,-6.7e-01]

=== v8_15 / T64: windows 540 runs 23  rate band rms ~2.74 deg/s  coh floor(dob,total) 0.001,0.001
   term        share    coh   phase    gd_s    b_eq@0  b_eq@60ms  b_eq@120  CI(share) CI(beq60)
   hold       +0.107  0.016   +43.4  -0.215 -8.12e-06  -1.38e-05 -7.91e-06  [+0.08,+0.15] [-2.3e-05,+5.0e-06]
   move       +0.141  0.022   +82.2  -0.165 -3.44e-06  -2.52e-05 -2.71e-05  [+0.11,+0.19] [-4.3e-05,+7.3e-06]
   hyst       +0.074  0.020   +63.6  -0.139 -1.02e-05  -2.16e-05 -1.94e-05  [+0.05,+0.10] [-3.8e-05,-8.6e-06]
   rl_ff      +0.087  0.026   +72.0  -0.167 -5.42e-06  -1.89e-05 -1.81e-05  [+0.07,+0.11] [-3.3e-05,+4.0e-06]
   p_sp       +0.022  0.026  +109.3  +0.092 +2.13e-06  -4.10e-06 -5.15e-06  [+0.02,+0.03] [-7.4e-06,+1.7e-06]
   p_meas     +0.139  0.778  +124.3  -0.078 +1.20e-04  -8.77e-05 -1.95e-04  [+0.11,+0.16] [-9.6e-05,-7.8e-05]
   i          -0.001  0.712   +35.7  -0.098 -3.20e-06  -3.72e-06 -8.75e-07  [-0.00,-0.00] [-3.9e-06,-3.3e-06]
   rl_fb      +0.544  0.996  +171.2  +0.009 +9.32e-04  +4.03e-04 -3.92e-04  [+0.43,+0.62] [+3.8e-04,+4.3e-04]
   dob        -0.112  0.900   +18.6  +0.035 -2.19e-04  -1.91e-04 -4.77e-05  [-0.13,-0.10] [-2.3e-04,-1.6e-04]
   ff         +0.430  0.024   +71.8  -0.189 -2.50e-05  -8.36e-05 -7.76e-05  [+0.33,+0.58] [-1.2e-04,-2.2e-06]
   fb         +0.570  0.934  +154.5  -0.048 +8.30e-04  +1.21e-04 -6.36e-04  [+0.42,+0.67] [+9.4e-05,+1.4e-04]
   total      +1.000  0.641  +149.6  -0.147 +8.05e-04  +3.73e-05 -7.13e-04  [+1.00,+1.00] [-5.5e-06,+1.1e-04]
   u_log      +1.016  0.653  +145.4  -0.142 +7.93e-04  -3.33e-05 -7.72e-04  [+1.00,+1.03] [-8.0e-05,+3.2e-05]
   u_e4       +1.004  0.653  +139.6  -0.135 +7.33e-04  -1.27e-04 -8.05e-04  [+0.99,+1.02] [-1.7e-04,-5.5e-05]
   setpoint   -0.486  0.018  -155.5  -0.209 +6.30e-05  +7.62e-05 +2.18e-05  [-0.69,-0.35] [-3.6e-05,+1.3e-04]
   rd        -588.946  0.984    +2.9  -0.003 -1.14e+00  -6.89e-01 +2.93e-01  [-662.07,-473.87] [-7.2e-01,-6.6e-01]

=== v8_15 / T64B: windows 446 runs 19  rate band rms ~6.55 deg/s  coh floor(dob,total) 0.001,0.002
   term        share    coh   phase    gd_s    b_eq@0  b_eq@60ms  b_eq@120  CI(share) CI(beq60)
   hold       +0.026  0.007  +153.5  +0.225 +1.79e-06  -2.60e-07 -3.83e-07  [+0.01,+0.05] [-4.8e-06,+3.4e-06]
   move       +0.056  0.036  +141.7  +0.224 +1.06e-05  -1.12e-06 -6.42e-06  [+0.04,+0.08] [-9.6e-06,+8.8e-06]
   hyst       +0.018  0.016   +33.3  -0.256 -4.71e-06  -7.22e-06 -5.47e-06  [+0.01,+0.03] [-1.6e-05,+8.0e-07]
   rl_ff      +0.041  0.037  +137.9  +0.225 +7.24e-06  -1.56e-06 -5.18e-06  [+0.03,+0.06] [-8.3e-06,+6.3e-06]
   p_sp       +0.011  0.035  +143.4  +0.112 +3.80e-06  -1.06e-07 -1.58e-06  [+0.01,+0.02] [-4.3e-06,+4.6e-06]
   p_meas     +0.183  0.772  +127.3  -0.094 +1.26e-04  -7.00e-05 -1.84e-04  [+0.17,+0.19] [-8.0e-05,-6.1e-05]
   i          -0.001  0.748   +40.4  -0.101 -2.93e-06  -3.67e-06 -1.18e-06  [-0.00,-0.00] [-4.1e-06,-3.4e-06]
   rl_fb      +0.797  0.999  +171.5  +0.009 +9.60e-04  +4.50e-04 -3.45e-04  [+0.74,+0.84] [+4.2e-04,+4.8e-04]
   dob        -0.132  0.940   +23.7  +0.045 -2.15e-04  -2.05e-04 -7.61e-05  [-0.14,-0.12] [-2.3e-04,-1.8e-04]
   ff         +0.153  0.024  +130.7  +0.212 +1.87e-05  -1.03e-05 -1.90e-05  [+0.11,+0.23] [-3.0e-05,+1.3e-05]
   fb         +0.847  0.967  +154.9  -0.057 +8.68e-04  +1.71e-04 -6.06e-04  [+0.77,+0.89] [+1.5e-04,+1.9e-04]
   total      +1.000  0.849  +154.2  -0.070 +8.87e-04  +1.61e-04 -6.25e-04  [+1.00,+1.00] [+1.4e-04,+1.8e-04]
   u_log      +1.072  0.873  +147.6  -0.049 +9.15e-04  +6.60e-05 -7.51e-04  [+1.03,+1.10] [+3.3e-05,+1.0e-04]
   u_e4       +1.055  0.874  +142.1  -0.043 +8.55e-04  -3.44e-05 -7.97e-04  [+1.01,+1.08] [-7.2e-05,+9.2e-06]
   setpoint   -0.141  0.022   -97.3  +0.208 +3.54e-06  +2.48e-05 +1.40e-05  [-0.22,-0.09] [-2.0e-05,+7.1e-05]
   rd        -808.858  0.992    +3.0  -0.002 -1.07e+00  -6.71e-01 +2.18e-01  [-843.40,-775.76] [-7.0e-01,-6.4e-01]

=== v8_15 / T5: windows 123 runs 12  rate band rms ~5.08 deg/s  coh floor(dob,total) 0.008,0.009
   term        share    coh   phase    gd_s    b_eq@0  b_eq@60ms  b_eq@120  CI(share) CI(beq60)
   hold       +0.021  0.027   +64.7  +0.265 -4.40e-06  -9.16e-06 -1.03e-05  [+0.01,+0.06] [-2.2e-05,-4.1e-06]
   move       +0.037  0.053  +131.3  +0.284 +1.05e-05  +1.01e-06 -8.15e-06  [+0.02,+0.09] [-1.2e-05,+9.6e-06]
   hyst       +0.013  0.026    -6.4  +0.178 -1.07e-05  -6.58e-06 -1.40e-06  [+0.00,+0.06] [-3.9e-05,+4.6e-07]
   rl_ff      +0.024  0.061  +130.2  +0.270 +6.70e-06  +5.03e-07 -5.25e-06  [+0.02,+0.05] [-7.3e-06,+6.0e-06]
   p_sp       +0.003  0.048   +35.5  -0.009 -3.70e-06  -4.43e-06 -3.02e-06  [+0.00,+0.01] [-9.6e-06,-1.7e-06]
   p_meas     +0.195  0.788  +128.6  -0.038 +1.33e-04  -5.89e-05 -1.79e-04  [+0.16,+0.20] [-7.6e-05,-5.3e-05]
   i          -0.002  0.765   +40.2  -0.057 -3.16e-06  -4.00e-06 -1.64e-06  [-0.00,-0.00] [-4.3e-06,-2.8e-06]
   rl_fb      +0.850  0.998  +171.6  +0.009 +9.51e-04  +4.61e-04 -3.20e-04  [+0.71,+0.89] [+4.3e-04,+4.8e-04]
   dob        -0.142  0.934   +20.7  +0.025 -2.22e-04  -2.05e-04 -6.79e-05  [-0.15,-0.13] [-2.5e-04,-1.9e-04]
   ff         +0.099  0.035   +87.0  +0.272 -1.63e-06  -1.87e-05 -2.81e-05  [+0.06,+0.25] [-8.7e-05,+2.4e-06]
   fb         +0.901  0.961  +155.4  -0.033 +8.59e-04  +1.93e-04 -5.69e-04  [+0.75,+0.94] [+1.2e-04,+2.1e-04]
   total      +1.000  0.901  +153.7  -0.026 +8.58e-04  +1.74e-04 -5.97e-04  [+1.00,+1.00] [+5.7e-05,+2.0e-04]
   u_log      +1.013  0.902  +149.2  -0.023 +8.37e-04  +1.03e-04 -6.56e-04  [+1.01,+1.02] [-1.1e-05,+1.3e-04]
   u_e4       +0.999  0.903  +143.8  -0.018 +7.85e-04  +1.26e-05 -7.03e-04  [+0.99,+1.00] [-9.8e-05,+4.5e-05]
   setpoint   -0.098  0.031  -136.9  +0.206 +3.96e-05  +5.00e-05 +3.89e-05  [-0.32,-0.05] [+2.8e-05,+1.6e-04]
   rd        -927.506  0.994    +2.9  -0.003 -1.14e+00  -7.31e-01 +1.97e-01  [-963.85,-789.61] [-7.6e-01,-7.1e-01]

=== v8_15 / T4: windows 511 runs 17  rate band rms ~4.98 deg/s  coh floor(dob,total) 0.000,0.002
   term        share    coh   phase    gd_s    b_eq@0  b_eq@60ms  b_eq@120  CI(share) CI(beq60)
   hold       +0.031  0.014   +74.2  -0.254 -1.20e-06  -4.62e-06 -5.46e-06  [+0.02,+0.06] [-9.5e-06,-2.6e-06]
   move       +0.061  0.021  +103.9  +0.206 +3.30e-06  -7.96e-06 -1.36e-05  [+0.04,+0.10] [-1.4e-05,+5.6e-07]
   hyst       +0.028  0.025  +111.8  +0.173 +3.04e-07  -5.95e-07 -3.17e-06  [+0.02,+0.05] [-1.4e-05,+6.7e-06]
   rl_ff      +0.027  0.021  +101.9  -0.234 +1.23e-06  -3.69e-06 -6.09e-06  [+0.02,+0.04] [-6.3e-06,+7.5e-07]
   p_sp       +0.008  0.017   +92.3  +0.118 +1.38e-07  -2.61e-06 -3.71e-06  [+0.01,+0.01] [-3.8e-06,+4.5e-08]
   p_meas     +0.242  0.785  +126.0  -0.101 +1.13e-04  -6.73e-05 -1.77e-04  [+0.20,+0.26] [-7.7e-05,-4.7e-05]
   i          -0.005  0.728   +34.5  -0.102 -1.19e-05  -1.41e-05 -4.52e-06  [-0.01,-0.00] [-1.6e-05,-1.3e-05]
   rl_fb      +0.610  0.997  +157.0  +0.024 +4.81e-04  +1.31e-04 -2.69e-04  [+0.53,+0.65] [+1.0e-04,+1.7e-04]
   dob        +0.000  0.000    +0.0  -0.000 -0.00e+00  -0.00e+00 -0.00e+00  [+0.00,+0.00] [-0.0e+00,+0.0e+00]
   ff         +0.153  0.020   +97.8  -0.215 +3.78e-06  -1.95e-05 -3.20e-05  [+0.11,+0.26] [-3.9e-05,-8.9e-06]
   fb         +0.847  0.965  +147.7  -0.032 +5.82e-04  +4.97e-05 -4.51e-04  [+0.74,+0.89] [+1.5e-05,+1.0e-04]
   total      +1.000  0.853  +146.0  -0.018 +5.86e-04  +3.03e-05 -4.83e-04  [+1.00,+1.00] [-4.1e-06,+6.9e-05]
   u_log      +1.054  0.869  +141.0  -0.007 +5.91e-04  -2.80e-05 -5.50e-04  [+1.01,+1.07] [-6.3e-05,+3.0e-05]
   u_e4       +1.040  0.868  +135.5  -0.001 +5.41e-04  -9.68e-05 -5.76e-04  [+1.00,+1.06] [-1.3e-04,-3.3e-05]
   setpoint   -0.163  0.014  -114.9  +0.140 +1.22e-05  +2.89e-05 +2.75e-05  [-0.29,-0.11] [+1.8e-05,+5.2e-05]
   rd        -1052.586  0.992    +2.8  -0.002 -1.10e+00  -6.99e-01 +2.08e-01  [-1118.90,-963.13] [-7.6e-01,-6.7e-01]

=== ge15 / ALL: windows 2066 runs 46  rate band rms ~2.95 deg/s  coh floor(dob,total) 0.001,0.001
   term        share    coh   phase    gd_s    b_eq@0  b_eq@60ms  b_eq@120  CI(share) CI(beq60)
   hold       +0.130  0.065  +120.9  +0.119 +1.65e-05  -6.28e-06 -2.19e-05  [+0.10,+0.17] [-1.6e-05,+3.5e-07]
   move       +0.139  0.135  +157.1  +0.158 +5.38e-05  +2.29e-05 -1.35e-05  [+0.12,+0.16] [+3.3e-06,+3.9e-05]
   hyst       +0.122  0.034  +119.5  +0.208 +1.18e-05  -5.50e-06 -1.55e-05  [+0.08,+0.16] [-1.3e-05,-1.3e-06]
   rl_ff      +0.036  0.132  +159.2  +0.167 +1.38e-05  +6.15e-06 -2.92e-06  [+0.03,+0.04] [+8.9e-07,+1.0e-05]
   p_sp       +0.032  0.037  +115.8  +0.039 +2.60e-06  -2.26e-06 -5.18e-06  [+0.02,+0.04] [-5.9e-06,+9.8e-07]
   p_meas     +0.255  0.568   +99.6  -0.122 +2.47e-05  -1.32e-04 -2.08e-04  [+0.21,+0.32] [-1.6e-04,-1.1e-04]
   i          -0.006  0.254   -16.5  -0.128 -1.10e-05  -7.62e-06 +3.86e-06  [-0.01,-0.00] [-1.6e-05,-1.9e-06]
   rl_fb      +0.349  0.928  +169.7  +0.010 +5.14e-04  +2.58e-04 -1.41e-04  [+0.25,+0.44] [+1.7e-04,+3.2e-04]
   dob        -0.058  0.692   +25.0  +0.024 -2.39e-04  -2.40e-04 -1.08e-04  [-0.09,-0.02] [-3.4e-04,-1.1e-04]
   ff         +0.459  0.094  +140.3  +0.140 +9.84e-05  +1.50e-05 -5.90e-05  [+0.36,+0.57] [-2.4e-05,+4.5e-05]
   fb         +0.541  0.713  +129.7  -0.097 +2.89e-04  -1.22e-04 -4.54e-04  [+0.43,+0.64] [-1.7e-04,-8.7e-05]
   total      +1.000  0.584  +132.0  -0.097 +3.88e-04  -1.07e-04 -5.13e-04  [+1.00,+1.00] [-1.7e-04,-6.9e-05]
   u_log      +0.995  0.595  +128.3  -0.095 +3.62e-04  -1.46e-04 -5.37e-04  [+0.99,+1.00] [-2.1e-04,-1.1e-04]
   u_e4       +0.986  0.597  +123.1  -0.089 +3.21e-04  -1.97e-04 -5.53e-04  [+0.98,+0.99] [-2.7e-04,-1.6e-04]
   setpoint   -1.115  0.084   -50.9  +0.146 -1.93e-04  +1.65e-05 +1.78e-04  [-1.38,-0.86] [-6.7e-05,+1.4e-04]
   rd        -580.985  0.988    +2.2  -0.003 -1.13e+00  -7.54e-01 +1.03e-01  [-715.20,-424.78] [-7.9e-01,-7.2e-01]

=== ge15 / T64: windows 906 runs 18  rate band rms ~1.71 deg/s  coh floor(dob,total) 0.000,0.000
   term        share    coh   phase    gd_s    b_eq@0  b_eq@60ms  b_eq@120  CI(share) CI(beq60)
   hold       +0.222  0.109  +135.7  +0.141 +5.37e-05  +2.98e-06 -3.60e-05  [+0.19,+0.25] [-9.8e-06,+1.5e-05]
   move       +0.184  0.121  +168.5  +0.168 +7.36e-05  +3.76e-05 -5.83e-06  [+0.16,+0.21] [+2.1e-05,+5.8e-05]
   hyst       +0.219  0.078  +112.2  +0.368 +2.32e-05  -2.10e-05 -3.93e-05  [+0.16,+0.25] [-3.5e-05,-6.0e-07]
   rl_ff      +0.051  0.099  +166.9  +0.178 +1.82e-05  +8.78e-06 -2.03e-06  [+0.04,+0.07] [+3.9e-06,+1.5e-05]
   p_sp       +0.043  0.042  +141.7  +0.082 +1.03e-05  +1.03e-06 -6.01e-06  [+0.03,+0.05] [-3.0e-06,+5.9e-06]
   p_meas     +0.154  0.618  +101.7  -0.107 +3.78e-05  -1.63e-04 -2.56e-04  [+0.10,+0.18] [-2.1e-04,-1.0e-04]
   i          -0.001  0.578    -6.1  -0.115 -4.08e-06  -3.14e-06 +1.07e-06  [-0.00,-0.00] [-3.7e-06,-2.6e-06]
   rl_fb      +0.217  0.959  +171.6  +0.009 +5.73e-04  +2.76e-04 -1.87e-04  [+0.15,+0.33] [+2.5e-04,+3.2e-04]
   dob        -0.089  0.916   +17.2  +0.019 -3.39e-04  -3.00e-04 -8.72e-05  [-0.13,-0.05] [-3.3e-04,-2.6e-04]
   ff         +0.719  0.108  +142.6  +0.145 +1.79e-04  +2.94e-05 -8.91e-05  [+0.63,+0.80] [-9.7e-06,+6.7e-05]
   fb         +0.281  0.690  +125.8  -0.103 +2.68e-04  -1.89e-04 -5.29e-04  [+0.20,+0.37] [-2.9e-04,-6.4e-05]
   total      +1.000  0.456  +131.3  -0.116 +4.47e-04  -1.60e-04 -6.18e-04  [+1.00,+1.00] [-2.6e-04,-2.2e-05]
   u_log      +0.984  0.468  +127.7  -0.116 +4.15e-04  -2.05e-04 -6.40e-04  [+0.97,+0.99] [-3.0e-04,-7.9e-05]
   u_e4       +0.977  0.469  +122.5  -0.110 +3.65e-04  -2.64e-04 -6.53e-04  [+0.97,+0.99] [-3.5e-04,-1.5e-04]
   setpoint   -1.523  0.096   -28.1  +0.191 -4.06e-04  -1.40e-04 +9.63e-05  [-1.72,-1.18] [-2.4e-04,-5.0e-05]
   rd        -317.617  0.967    +2.2  -0.004 -1.12e+00  -7.08e-01 +1.99e-01  [-509.00,-209.46] [-7.2e-01,-6.9e-01]

=== ge15 / T64B: windows 388 runs 6  rate band rms ~4.79 deg/s  coh floor(dob,total) 0.002,0.002
   term        share    coh   phase    gd_s    b_eq@0  b_eq@60ms  b_eq@120  CI(share) CI(beq60)
   hold       +0.082  0.118  +135.5  +0.319 +2.22e-05  +1.99e-06 -1.42e-05  [+0.05,+0.13] [-9.5e-06,+5.1e-06]
   move       +0.126  0.267  +167.5  +0.167 +7.36e-05  +4.05e-05 -4.47e-06  [+0.10,+0.17] [+1.8e-05,+5.4e-05]
   hyst       +0.104  0.048  +133.8  +0.235 +1.86e-05  +2.52e-07 -1.30e-05  [+0.06,+0.16] [-5.6e-06,+4.4e-06]
   rl_ff      +0.034  0.284  +167.7  +0.171 +1.94e-05  +1.07e-05 -1.00e-06  [+0.03,+0.04] [+3.9e-06,+1.3e-05]
   p_sp       +0.028  0.074  +131.2  +0.046 +6.79e-06  -4.21e-07 -6.21e-06  [+0.02,+0.05] [-5.3e-06,+3.7e-06]
   p_meas     +0.240  0.521   +98.8  -0.127 +2.01e-05  -1.18e-04 -1.84e-04  [+0.19,+0.30] [-1.8e-04,-9.9e-05]
   i          -0.002  0.500    -8.3  -0.130 -3.02e-06  -2.29e-06 +7.23e-07  [-0.00,-0.00] [-4.2e-06,-9.3e-07]
   rl_fb      +0.466  0.985  +172.2  +0.009 +5.92e-04  +3.25e-04 -1.25e-04  [+0.29,+0.56] [+2.9e-04,+3.4e-04]
   dob        -0.079  0.955   +27.9  +0.028 -3.20e-04  -3.37e-04 -1.71e-04  [-0.13,-0.03] [-3.8e-04,-2.7e-04]
   ff         +0.375  0.186  +153.7  +0.161 +1.41e-04  +5.30e-05 -3.89e-05  [+0.26,+0.55] [+1.4e-05,+6.8e-05]
   fb         +0.625  0.765  +127.3  -0.092 +2.89e-04  -1.32e-04 -4.79e-04  [+0.45,+0.74] [-2.1e-04,-7.9e-05]
   total      +1.000  0.671  +133.7  -0.086 +4.30e-04  -7.93e-05 -5.17e-04  [+1.00,+1.00] [-1.8e-04,-4.2e-05]
   u_log      +0.994  0.682  +130.2  -0.084 +4.03e-04  -1.18e-04 -5.40e-04  [+0.98,+1.00] [-2.3e-04,-8.8e-05]
   u_e4       +0.985  0.684  +125.2  -0.078 +3.61e-04  -1.72e-04 -5.60e-04  [+0.97,+0.99] [-2.9e-04,-1.4e-04]
   setpoint   -0.960  0.193   -39.0  +0.146 -3.58e-04  -7.17e-05 +1.89e-04  [-1.61,-0.60] [-1.0e-04,+7.8e-06]
   rd        -727.272  0.995    +2.3  -0.004 -1.13e+00  -7.74e-01 +5.96e-02  [-904.01,-452.98] [-8.2e-01,-7.1e-01]

=== ge15 / T5: windows 443 runs 14  rate band rms ~1.93 deg/s  coh floor(dob,total) 0.002,0.003
   term        share    coh   phase    gd_s    b_eq@0  b_eq@60ms  b_eq@120  CI(share) CI(beq60)
   hold       +0.116  0.102   +71.7  -0.023 -1.23e-05  -3.40e-05 -3.98e-05  [+0.10,+0.15] [-4.4e-05,-2.6e-05]
   move       +0.123  0.110  +114.9  +0.215 +2.31e-05  -1.44e-05 -4.43e-05  [+0.09,+0.16] [-3.3e-05,+3.3e-06]
   hyst       +0.048  0.044   +93.9  +0.056 +8.85e-07  -7.62e-06 -1.38e-05  [+0.04,+0.07] [-1.6e-05,-3.4e-06]
   rl_ff      +0.034  0.110  +118.3  +0.240 +7.39e-06  -3.22e-06 -1.22e-05  [+0.02,+0.05] [-8.3e-06,+1.5e-06]
   p_sp       +0.027  0.037    -1.8  +0.264 -6.34e-06  -5.69e-06 -2.29e-06  [+0.02,+0.04] [-1.2e-05,-2.2e-06]
   p_meas     +0.368  0.616   +95.2  -0.110 +1.63e-05  -1.69e-04 -2.56e-04  [+0.26,+0.46] [-2.2e-04,-1.1e-04]
   i          -0.003  0.576   -21.8  -0.115 -4.22e-06  -2.64e-06 +1.77e-06  [-0.00,-0.00] [-3.1e-06,-1.8e-06]
   rl_fb      +0.254  0.969  +171.9  +0.009 +5.78e-04  +2.98e-04 -1.56e-04  [+0.12,+0.40] [+2.6e-04,+3.5e-04]
   dob        +0.034  0.948   +21.1  +0.014 -3.26e-04  -3.09e-04 -1.16e-04  [-0.06,+0.11] [-3.3e-04,-2.9e-04]
   ff         +0.348  0.103   +96.4  +0.068 +1.27e-05  -6.50e-05 -1.12e-04  [+0.28,+0.45] [-1.0e-04,-3.7e-05]
   fb         +0.652  0.734  +124.4  -0.103 +2.64e-04  -1.83e-04 -5.27e-04  [+0.55,+0.72] [-2.7e-04,-5.8e-05]
   total      +1.000  0.674  +119.0  -0.096 +2.77e-04  -2.48e-04 -6.39e-04  [+1.00,+1.00] [-3.7e-04,-1.1e-04]
   u_log      +1.005  0.681  +114.4  -0.094 +2.41e-04  -2.97e-04 -6.65e-04  [+1.00,+1.01] [-4.0e-04,-1.8e-04]
   u_e4       +0.997  0.683  +109.4  -0.088 +1.97e-04  -3.48e-04 -6.76e-04  [+0.99,+1.00] [-4.5e-04,-2.4e-04]
   setpoint   -0.912  0.059  -132.2  +0.548 +1.55e-04  +2.29e-04 +1.98e-04  [-1.28,-0.74] [+1.5e-04,+3.3e-04]
   rd        -351.136  0.973    +1.6  -0.003 -1.11e+00  -7.21e-01 +1.48e-01  [-545.92,-134.65] [-7.3e-01,-7.0e-01]

=== ge15 / T4: windows 329 runs 8  rate band rms ~3.79 deg/s  coh floor(dob,total) 0.000,0.001
   term        share    coh   phase    gd_s    b_eq@0  b_eq@60ms  b_eq@120  CI(share) CI(beq60)
   hold       +0.094  0.063   +76.7  -0.014 -5.04e-06  -1.74e-05 -2.22e-05  [+0.05,+0.19] [-4.1e-05,-1.0e-05]
   move       +0.100  0.077  +118.3  +0.022 +1.60e-05  -5.62e-06 -2.40e-05  [+0.06,+0.20] [-2.1e-05,+4.8e-06]
   hyst       +0.036  0.027   +59.4  -0.082 -3.58e-06  -6.95e-06 -7.52e-06  [+0.01,+0.07] [-1.8e-05,-3.6e-06]
   rl_ff      +0.015  0.086  +120.5  +0.032 +2.79e-06  -6.86e-07 -3.78e-06  [+0.01,+0.03] [-2.9e-06,+9.5e-07]
   p_sp       +0.023  0.048   +10.8  +0.264 -6.52e-06  -6.39e-06 -3.80e-06  [+0.01,+0.04] [-9.6e-06,+7.6e-07]
   p_meas     +0.423  0.642  +101.2  -0.124 +2.88e-05  -1.28e-04 -2.11e-04  [+0.31,+0.52] [-1.6e-04,-7.9e-05]
   i          -0.027  0.612   -18.3  -0.138 -3.21e-05  -2.19e-05 +1.21e-05  [-0.03,-0.01] [-2.8e-05,+6.2e-07]
   rl_fb      +0.336  0.991  +158.1  +0.021 +3.13e-04  +1.06e-04 -1.42e-04  [+0.21,+0.47] [+9.8e-05,+1.1e-04]
   dob        +0.000  0.000    +0.0  -0.000 -0.00e+00  -0.00e+00 -0.00e+00  [+0.00,+0.00] [-0.0e+00,+0.0e+00]
   ff         +0.269  0.068   +93.3  -0.002 +3.63e-06  -3.70e-05 -6.14e-05  [+0.15,+0.53] [-8.3e-05,-1.5e-05]
   fb         +0.731  0.734  +139.9  -0.107 +3.10e-04  -4.32e-05 -3.41e-04  [+0.47,+0.85] [-7.9e-05,+2.4e-05]
   total      +1.000  0.689  +134.0  -0.089 +3.13e-04  -8.03e-05 -4.03e-04  [+1.00,+1.00] [-1.5e-04,+2.5e-06]
   u_log      +1.010  0.695  +130.0  -0.086 +2.97e-04  -1.13e-04 -4.27e-04  [+1.01,+1.01] [-1.9e-04,-3.5e-05]
   u_e4       +1.001  0.696  +124.6  -0.081 +2.63e-04  -1.55e-04 -4.40e-04  [+1.00,+1.00] [-2.4e-04,-7.8e-05]
   setpoint   -0.902  0.070  -124.0  +0.497 +1.17e-04  +1.97e-04 +1.98e-04  [-1.51,-0.47] [+8.5e-05,+3.1e-04]
   rd        -844.205  0.992    +2.3  -0.003 -1.13e+00  -7.51e-01 +1.14e-01  [-1190.35,-503.83] [-7.6e-01,-7.2e-01]
