v3_8             nw   592 runs  73  k 0.0056 J 1.06e-04 b +1.25e-03 d  47.3 ms  f_open 1.16 Hz zeta +0.82   CI d [43,59] ms  J [8.4e-05,1.2e-04] b [+1.1e-03,+1.4e-03] k [0.004,0.007]
    f      0.78   1.17   1.56   1.95   2.34   2.73   3.12   3.52   3.91   4.30   4.69   5.08
    |H|     708    788    691    673    646    516    433    398    310    290    355    322
    ph      +24    -30    -49    -68    -84    -96    -99   -102   -128   -176   -158   -149
    cohZr   0.39   0.51   0.57   0.36   0.40   0.36   0.20   0.11   0.07   0.04   0.14   0.24
v8_15_largeang   nw   100 runs  17  k 0.0070 J 1.08e-04 b -5.65e-05 d  43.2 ms  f_open 1.28 Hz zeta -0.03   CI d [23,59] ms  J [7.9e-05,1.3e-04] b [-4.8e-04,+4.2e-04] k [0.005,0.010]
    f      0.78   1.17   1.56   1.95   2.34   2.73   3.12   3.52   3.91   4.30   4.69   5.08
    |H|     972   6134     53    419    619    756    767    330    155    594    485     26
    ph      +62   +100   +120   -153   -122   -122   -125   -144    +87   -165   +176   +148
    cohZr   0.37   0.20   0.00   0.02   0.06   0.13   0.14   0.01   0.00   0.05   0.06   0.00
lt15_large       nw   236 runs  47  k 0.0048 J 1.02e-04 b +1.09e-03 d  47.6 ms  f_open 1.09 Hz zeta +0.78   CI d [42,58] ms  J [8.3e-05,1.1e-04] b [+8.5e-04,+1.3e-03] k [0.004,0.006]
    f      0.78   1.17   1.56   1.95   2.34   2.73   3.12   3.52   3.91   4.30   4.69   5.08
    |H|     882    888    722    718    711    569    496    432    300    308    354    305
    ph      +19    -35    -51    -73    -91   -100   -104   -108   -130   +180   -160   -150
    cohZr   0.38   0.43   0.48   0.28   0.39   0.32   0.17   0.09   0.04   0.05   0.14   0.23
turns_s3         nw   267 runs  36  k 0.0058 J 1.03e-04 b +1.19e-03 d  48.2 ms  f_open 1.19 Hz zeta +0.77   CI d [43,59] ms  J [8.5e-05,1.2e-04] b [+9.0e-04,+1.3e-03] k [0.004,0.008]
    f      0.78   1.17   1.56   1.95   2.34   2.73   3.12   3.52   3.91   4.30   4.69   5.08
    |H|     778    804    711    700    663    540    434    413    322    355    367    324
    ph      +30    -28    -49    -69    -85    -97    -96    -99   -126   -175   -160   -150
    cohZr   0.35   0.40   0.49   0.35   0.40   0.29   0.10   0.08   0.06   0.06   0.15   0.26
v8_15            nw  1620 runs  71  k 0.0225 J 2.11e-04 b +5.97e-04 d  42.6 ms  f_open 1.64 Hz zeta +0.14   CI d [33,248] ms  J [3.2e-05,2.5e-04] b [-2.6e-03,+1.5e-03] k [0.012,0.028]
    f      0.78   1.17   1.56   1.95   2.34   2.73   3.12   3.52   3.91   4.30   4.69   5.08
    |H|     318    463     25    210    345    300    342    343    276    430    318     68
    ph      +62    +70    -45   -136   -102    -91   -118   -138   -127   -166   +180   -164
    cohZr   0.31   0.12   0.00   0.01   0.02   0.01   0.02   0.02   0.01   0.01   0.01   0.00
