q(f) = (1-g0 F G)/(1-g1 F G) from the BAND-AVERAGED measured G (magnitude per bin, phase by
unit-phasor mean).  |q| < 1 = attenuation; arg q = the phase the suppressor ADDS.
g1 = 0.003 with the 12/v taper REMOVED (the strongest dose in the class).

==================================================================================================================================
  AccordRateLoopGain 0.003
==================================================================================================================================
  route      bin        v      g0e      g1e         0.15-0.6         0.6-1.2         1.2-1.8         1.8-2.5         2.5-3.5         3.5-5.0         5.0-8.0
                                             |q|  argq |gFG| |q|  argq |gFG| |q|  argq |gFG| |q|  argq |gFG| |q|  argq |gFG| |q|  argq |gFG| |q|  argq |gFG|
  0000006c-- 22+     27.9  0.00043  0.00129   0.97    -2  0.1  0.92    -2  0.2  0.91     2  0.2  0.74    25  1.0  0.68    29  1.3  0.56    49  1.8  1.01    27  0.6
  0000006d-- 22+     23.1  0.00052  0.00156   0.97    -2  0.1  0.89    -2  0.2  1.21    13  0.4  1.01    33  0.8  0.80    36  1.0  0.64    55  1.6  0.94    63  1.2
  0000006e-- 15-22   17.2  0.00070  0.00209   0.94    -3  0.1  0.71    -3  0.8  0.67    16  1.1  0.51    71  1.9  0.41    65  2.2  0.33    76  2.4  0.49    70  1.9
  0000006e-- 22+     28.2  0.00043  0.00128   0.97    -2  0.1  0.90    -1  0.2  0.96    12  0.3  1.04    22  0.5  0.86    26  0.8  0.74    45  1.3  0.82    22  0.8
  00000076-- 15-22   17.4  0.00069  0.00207   0.95    -3  0.1  0.76    -0  0.5  0.67    19  1.1  0.33    59  2.7  0.37    66  2.4  0.37    85  2.2  0.32    84  2.3
  00000075-- 22+     26.3  0.00027  0.00137   0.97    -2  0.1  0.86    -6  0.3  0.80    15  0.5  0.55    36  1.6  0.74    69  1.5  0.58    75  1.8  0.39    73  2.5
  00000064-- 22+     27.5  0.00000  0.00131   0.93    -2  0.1  0.91    -1  0.1  0.92     0  0.1  0.92     2  0.1  0.93     2  0.1  0.94     5  0.1  0.96     6  0.1
  00000065-- 22+     25.2  0.00000  0.00143   0.93    -2  0.1  0.90    -0  0.1  0.91     0  0.1  0.91     3  0.1  0.91     2  0.1  0.93     4  0.1  0.96     6  0.1
  0000006c-- 15-22   20.3  0.00000  0.00177   0.89    -2  0.1  0.87    -0  0.2  0.88    -0  0.1  0.94     5  0.1  0.90     4  0.1  0.90     6  0.2  0.91     8  0.2
  0000006c-- 22+     30.0  0.00000  0.00120   0.94    -2  0.1  0.92    -1  0.1  0.92    -0  0.1  0.93     3  0.1  0.91     2  0.1  0.94     4  0.1  0.96     5  0.1

==================================================================================================================================
  AccordRateLoopGain 0.003, taper removed (code change)
==================================================================================================================================
  route      bin        v      g0e      g1e         0.15-0.6         0.6-1.2         1.2-1.8         1.8-2.5         2.5-3.5         3.5-5.0         5.0-8.0
                                             |q|  argq |gFG| |q|  argq |gFG| |q|  argq |gFG| |q|  argq |gFG| |q|  argq |gFG| |q|  argq |gFG| |q|  argq |gFG|
  0000006c-- 22+     27.9  0.00043  0.00300   0.92    -4  0.1  0.78    -6  0.4  0.76     4  0.4  0.42    45  2.3  0.35    49  2.9  0.23    69  4.2  0.67    64  1.5
  0000006d-- 22+     23.1  0.00052  0.00300   0.92    -4  0.1  0.78    -4  0.4  1.44    39  0.7  0.71    65  1.4  0.49    59  2.0  0.32    76  3.0  0.44    96  2.3
  0000006e-- 15-22   17.2  0.00070  0.00300   0.91    -5  0.2  0.59    -4  1.1  0.54    22  1.6  0.32    82  2.7  0.26    74  3.2  0.21    83  3.4  0.31    81  2.8
  0000006e-- 22+     28.2  0.00043  0.00300   0.92    -5  0.1  0.75    -3  0.4  0.81    32  0.8  0.78    58  1.2  0.53    54  1.8  0.33    74  3.0  0.50    45  1.8
  00000076-- 15-22   17.4  0.00069  0.00300   0.92    -4  0.2  0.66    -1  0.8  0.54    26  1.6  0.21    66  3.9  0.23    74  3.4  0.22    93  3.1  0.19    91  3.4
  00000075-- 22+     26.3  0.00027  0.00300   0.93    -5  0.1  0.70   -13  0.6  0.58    29  1.1  0.29    51  3.5  0.32    95  3.2  0.24    95  4.0  0.17    87  5.5
  00000064-- 22+     27.5  0.00000  0.00300   0.86    -4  0.2  0.81    -2  0.2  0.83     0  0.2  0.84     5  0.2  0.84     5  0.2  0.86    10  0.2  0.90    13  0.3
  00000065-- 22+     25.2  0.00000  0.00300   0.86    -4  0.2  0.82    -1  0.2  0.83     1  0.2  0.82     6  0.3  0.83     5  0.2  0.85     8  0.2  0.91    12  0.2
  0000006c-- 15-22   20.3  0.00000  0.00300   0.83    -4  0.2  0.79    -0  0.3  0.81    -0  0.2  0.89     8  0.2  0.84     6  0.2  0.84     9  0.3  0.85    13  0.3
  0000006c-- 22+     30.0  0.00000  0.00300   0.86    -4  0.2  0.81    -1  0.2  0.83    -0  0.2  0.84     7  0.2  0.81     5  0.3  0.85     9  0.2  0.90    11  0.2

==================================================================================================================================
  AccordRateLoopGain 0.002, taper removed (code change)
==================================================================================================================================
  route      bin        v      g0e      g1e         0.15-0.6         0.6-1.2         1.2-1.8         1.8-2.5         2.5-3.5         3.5-5.0         5.0-8.0
                                             |q|  argq |gFG| |q|  argq |gFG| |q|  argq |gFG| |q|  argq |gFG| |q|  argq |gFG| |q|  argq |gFG| |q|  argq |gFG|
  0000006c-- 22+     27.9  0.00043  0.00200   0.95    -3  0.1  0.86    -4  0.2  0.84     3  0.3  0.57    36  1.5  0.49    41  2.0  0.36    61  2.8  0.88    46  1.0
  0000006d-- 22+     23.1  0.00052  0.00200   0.95    -3  0.1  0.86    -3  0.3  1.29    20  0.5  0.93    45  1.0  0.69    45  1.3  0.50    65  2.0  0.73    79  1.5
  0000006e-- 15-22   17.2  0.00070  0.00200   0.95    -3  0.1  0.72    -2  0.8  0.68    15  1.1  0.54    69  1.8  0.43    63  2.1  0.35    74  2.3  0.52    69  1.9
  0000006e-- 22+     28.2  0.00043  0.00200   0.95    -3  0.1  0.83    -2  0.3  0.90    21  0.5  0.96    39  0.8  0.70    41  1.2  0.50    63  2.0  0.66    35  1.2
  00000076-- 15-22   17.4  0.00069  0.00200   0.95    -2  0.1  0.77    -0  0.5  0.69    19  1.1  0.34    58  2.6  0.39    65  2.3  0.39    84  2.1  0.34    83  2.2
  00000075-- 22+     26.3  0.00027  0.00200   0.95    -3  0.1  0.79    -9  0.4  0.71    21  0.7  0.41    44  2.3  0.50    85  2.1  0.38    87  2.7  0.26    81  3.6
  00000064-- 22+     27.5  0.00000  0.00200   0.90    -3  0.1  0.86    -1  0.2  0.88     0  0.1  0.89     4  0.1  0.89     3  0.1  0.91     7  0.2  0.93     9  0.2
  00000065-- 22+     25.2  0.00000  0.00200   0.90    -3  0.1  0.87    -1  0.2  0.88     0  0.1  0.87     5  0.2  0.88     3  0.2  0.90     5  0.2  0.94     8  0.2
  0000006c-- 15-22   20.3  0.00000  0.00200   0.88    -3  0.1  0.85    -0  0.2  0.86    -0  0.2  0.93     5  0.1  0.89     4  0.1  0.89     6  0.2  0.90     9  0.2
  0000006c-- 22+     30.0  0.00000  0.00200   0.91    -3  0.1  0.87    -1  0.2  0.88    -0  0.1  0.89     5  0.1  0.86     3  0.2  0.90     6  0.2  0.94     8  0.2

