# RE-RUN on C1 of analysis-2020accord\studies\angle_loop\refute_friction\expB_holds.py nominal  (C1 table [(714, 557, 334), (1843, 649, 0), (2765, 649, 4537), (3917, 1925, 571), (6198, 2243, 0), (65535, 2243, 0)], Kp_base 225, Ki_base 100, Kd 16, freeze |tq|>512 + ramp)
member nominal  [19 s]
  v    kind    Fs   | slips/25s  maxjump  | err p2p deg  err rms | T 0.3-5Hz rms  T 5-30Hz rms | th dominant f (Hz)
  3.0  d0      94.7 |    5     0.37  |   0.37   0.175 |     4.5     0.26 |  0.12
  3.0  crown   94.7 |    4     0.43  |   0.43   0.157 |     3.9     0.25 |  0.12
  3.0  drift   94.7 |    6     0.54  |   0.89   0.351 |     4.9     0.23 |  0.12
  3.0  gust    94.7 |   36     7.40  |   7.52   1.463 |    80.2     1.14 |  0.61
  5.0  d0      65.3 |    5     0.26  |   0.26   0.111 |     3.3     0.27 |  0.12
  5.0  crown   65.3 |    4     0.29  |   0.29   0.105 |     2.8     0.27 |  0.12
  5.0  drift   65.3 |    4     0.35  |   0.49   0.167 |     3.0     0.24 |  0.12
  5.0  gust    65.3 |   35     4.38  |   4.46   0.886 |    51.8     0.82 |  0.61
  6.0  d0      49.8 |    0     0.00  |   0.00   0.000 |     0.1     0.13 |  0.12
  6.0  crown   49.8 |    5     0.17  |   0.18   0.078 |     2.7     0.27 |  0.12
  6.0  drift   49.8 |    6     0.25  |   0.44   0.150 |     2.7     0.23 |  0.12
  6.0  gust    49.8 |   34     3.11  |   3.18   0.626 |    37.5     0.67 |  0.61
  7.0  d0      34.4 |    0     0.00  |   0.00   0.000 |     0.1     0.12 |  0.12
  7.0  crown   34.4 |    8     0.12  |   0.12   0.053 |     3.5     0.34 |  0.12
  7.0  drift   34.4 |    2     0.14  |   0.23   0.060 |     1.8     0.25 |  0.12
  7.0  gust    34.4 |   34     2.00  |   2.03   0.411 |    25.5     0.55 |  0.61
  8.0  d0      18.9 |    0     0.00  |   0.00   0.000 |     0.2     0.25 |  0.12
  8.0  crown   18.9 |    0     0.00  |   0.00   0.000 |     0.2     0.25 |  0.12
  8.0  drift   18.9 |    0     0.09  |   0.17   0.053 |     2.1     0.29 |  0.12
  8.0  gust    18.9 |   33     1.06  |   1.12   0.219 |    14.1     0.46 |  0.61
 10.0  d0      18.7 |    0     0.00  |   0.00   0.000 |     0.2     0.18 |  0.12
 10.0  crown   18.7 |    0     0.00  |   0.00   0.000 |     0.2     0.25 |  0.12
 10.0  drift   18.7 |    0     0.10  |   0.13   0.048 |     2.0     0.27 |  0.12
 10.0  gust    18.7 |   28     1.01  |   1.01   0.196 |    12.8     0.48 |  0.61
 12.5  d0      17.6 |    0     0.00  |   0.00   0.000 |     0.1     0.18 |  0.12
 12.5  crown   17.6 |    0     0.00  |   0.00   0.000 |     0.3     0.30 |  0.12
 12.5  drift   17.6 |    1     0.10  |   0.11   0.048 |     2.2     0.29 |  0.12
 12.5  gust    17.6 |   19     0.75  |   0.75   0.136 |    11.1     0.49 |  0.61
 19.0  d0       9.1 |    0     0.00  |   0.00   0.000 |     0.2     0.27 |  0.12
 19.0  crown    9.1 |    0     0.00  |   0.00   0.000 |     0.1     0.09 |  0.12
 19.0  drift    9.1 |    0     0.04  |   0.10   0.044 |     2.0     0.61 |  0.12
 19.0  gust     9.1 |    4     0.14  |   0.14   0.038 |     7.2     0.96 |  0.61
 26.0  d0       6.0 |    0     0.00  |   0.00   0.000 |     0.1     0.15 |  0.12
 26.0  crown    6.0 |    0     0.00  |   0.00   0.000 |     0.1     0.14 |  0.12
 26.0  drift    6.0 |    0     0.03  |   0.10   0.043 |     1.3     0.76 |  0.12
 26.0  gust     6.0 |    1     0.10  |   0.12   0.027 |     3.3     0.91 |  0.61
