# RE-RUN on C1 of analysis-2020accord\studies\angle_loop\refute_friction\expB2_hunt_map.py F_hi,J_hi,b_lo 5.0,6.0,7.0,8.0,10.0,12.5,19.0  (C1 table [(714, 557, 334), (1843, 649, 0), (2765, 649, 4537), (3917, 1925, 571), (6198, 2243, 0), (65535, 2243, 0)], Kp_base 225, Ki_base 100, Kd 16, freeze |tq|>512 + ramp)
[35 s]  member v  hold | slips(last 20 s) maxjump p2p(deg) | T p2p | hunting?
F_hi       5.0  0.30 |   3   0.45   0.45 |   257 | HUNT
F_hi       5.0  0.55 |   4   0.45   0.45 |   257 | HUNT
F_hi       5.0  1.00 |   4   0.44   0.44 |   257 | HUNT
F_hi       5.0  1.75 |   4   0.46   0.46 |   257 | HUNT
F_hi       5.0  3.00 |   4   0.45   0.45 |   257 | HUNT
F_hi       5.0  5.00 |   4   0.46   0.46 |   257 | HUNT
F_hi       5.0  8.00 |   4   0.44   0.44 |   257 | HUNT
F_hi       5.0 15.00 |   4   0.45   0.45 |   257 | HUNT
F_hi       5.0 30.00 |   4   0.52   0.57 |   259 | HUNT
F_hi       6.0  0.30 |   4   0.34   0.34 |   196 | HUNT
F_hi       6.0  0.55 |   0   0.00   0.00 |     2 | 
F_hi       6.0  1.00 |   0   0.00   0.00 |     1 | 
F_hi       6.0  1.75 |   4   0.33   0.34 |   196 | HUNT
F_hi       6.0  3.00 |   4   0.37   0.39 |   196 | HUNT
F_hi       6.0  5.00 |   4   0.40   0.40 |   197 | HUNT
F_hi       6.0  8.00 |   4   0.33   0.33 |   195 | HUNT
F_hi       6.0 15.00 |   4   0.39   0.39 |   196 | HUNT
F_hi       6.0 30.00 |   4   0.40   0.40 |   196 | HUNT
F_hi       7.0  0.30 |   0   0.00   0.00 |     2 | 
F_hi       7.0  0.55 |   5   0.23   0.24 |   135 | HUNT
F_hi       7.0  1.00 |   0   0.00   0.00 |     2 | 
F_hi       7.0  1.75 |   0   0.00   0.00 |     2 | 
F_hi       7.0  3.00 |   5   0.24   0.24 |   135 | HUNT
F_hi       7.0  5.00 |   5   0.24   0.24 |   135 | HUNT
F_hi       7.0  8.00 |   5   0.23   0.23 |   134 | HUNT
F_hi       7.0 15.00 |   5   0.23   0.24 |   134 | HUNT
F_hi       7.0 30.00 |   0   0.00   0.00 |     2 | 
F_hi       8.0  0.30 |   0   0.00   0.00 |     1 | 
F_hi       8.0  0.55 |   6   0.16   0.16 |    74 | HUNT
F_hi       8.0  1.00 |   0   0.00   0.00 |     1 | 
F_hi       8.0  1.75 |   0   0.00   0.00 |     2 | 
F_hi       8.0  3.00 |   0   0.00   0.00 |     1 | 
F_hi       8.0  5.00 |   0   0.00   0.00 |     2 | 
F_hi       8.0  8.00 |   6   0.16   0.16 |    74 | HUNT
F_hi       8.0 15.00 |   6   0.16   0.16 |    74 | HUNT
F_hi       8.0 30.00 |   0   0.00   0.00 |     1 | 
F_hi      10.0  0.30 |   0   0.00   0.00 |     2 | 
F_hi      10.0  0.55 |   3   0.10   0.10 |    73 | HUNT
F_hi      10.0  1.00 |   0   0.00   0.00 |     2 | 
F_hi      10.0  1.75 |   0   0.00   0.00 |     1 | 
F_hi      10.0  3.00 |   5   0.11   0.11 |    74 | HUNT
F_hi      10.0  5.00 |   5   0.11   0.11 |    74 | HUNT
F_hi      10.0  8.00 |   5   0.11   0.11 |    75 | HUNT
F_hi      10.0 15.00 |   0   0.00   0.00 |     2 | 
F_hi      10.0 30.00 |   6   0.12   0.12 |    74 | HUNT
F_hi      12.5  0.30 |   0   0.00   0.00 |     2 | 
F_hi      12.5  0.55 |   0   0.00   0.00 |     1 | 
F_hi      12.5  1.00 |   0   0.00   0.00 |     2 | 
F_hi      12.5  1.75 |   0   0.00   0.00 |     1 | 
F_hi      12.5  3.00 |   0   0.00   0.00 |     1 | 
F_hi      12.5  5.00 |   0   0.00   0.00 |     1 | 
F_hi      12.5  8.00 |   0   0.00   0.00 |     2 | 
F_hi      12.5 15.00 |   0   0.00   0.00 |     2 | 
F_hi      12.5 30.00 |   0   0.00   0.00 |     1 | 
F_hi      19.0  0.30 |   0   0.00   0.00 |     2 | 
F_hi      19.0  0.55 |   0   0.00   0.00 |     1 | 
F_hi      19.0  1.00 |   0   0.00   0.00 |     1 | 
F_hi      19.0  1.75 |   0   0.00   0.00 |     1 | 
F_hi      19.0  3.00 |   0   0.00   0.00 |     1 | 
F_hi      19.0  5.00 |   0   0.00   0.00 |     1 | 
F_hi      19.0  8.00 |   0   0.00   0.00 |     1 | 
F_hi      19.0 15.00 |   0   0.00   0.00 |     2 | 
F_hi      19.0 30.00 |   0   0.00   0.00 |     1 | 
J_hi       5.0  0.30 |   0   0.00   0.00 |     1 | 
J_hi       5.0  0.55 |   4   0.26   0.26 |   106 | HUNT
J_hi       5.0  1.00 |   4   0.25   0.25 |   105 | HUNT
J_hi       5.0  1.75 |   4   0.24   0.24 |   105 | HUNT
J_hi       5.0  3.00 |   5   0.26   0.26 |   105 | HUNT
J_hi       5.0  5.00 |   4   0.25   0.25 |   105 | HUNT
J_hi       5.0  8.00 |   5   0.26   0.26 |   106 | HUNT
J_hi       5.0 15.00 |   4   0.26   0.26 |   106 | HUNT
J_hi       5.0 30.00 |   4   0.25   0.25 |   105 | HUNT
J_hi       6.0  0.30 |   0   0.00   0.00 |     2 | 
J_hi       6.0  0.55 |   5   0.17   0.17 |    84 | HUNT
J_hi       6.0  1.00 |   5   0.15   0.15 |    83 | HUNT
J_hi       6.0  1.75 |   5   0.15   0.15 |    84 | HUNT
J_hi       6.0  3.00 |   5   0.17   0.17 |    84 | HUNT
J_hi       6.0  5.00 |   5   0.15   0.15 |    84 | HUNT
J_hi       6.0  8.00 |   4   0.16   0.16 |    83 | HUNT
J_hi       6.0 15.00 |   0   0.00   0.00 |     1 | 
J_hi       6.0 30.00 |   0   0.00   0.00 |     2 | 
J_hi       7.0  0.30 |   0   0.00   0.00 |     2 | 
J_hi       7.0  0.55 |   0   0.00   0.00 |     2 | 
J_hi       7.0  1.00 |   0   0.00   0.00 |     1 | 
J_hi       7.0  1.75 |   0   0.00   0.00 |     1 | 
J_hi       7.0  3.00 |   0   0.00   0.00 |     2 | 
J_hi       7.0  5.00 |   0   0.00   0.00 |     2 | 
J_hi       7.0  8.00 |   0   0.00   0.00 |     2 | 
J_hi       7.0 15.00 |   0   0.00   0.00 |     1 | 
J_hi       7.0 30.00 |   0   0.00   0.00 |     1 | 
J_hi       8.0  0.30 |   0   0.00   0.00 |     1 | 
J_hi       8.0  0.55 |   0   0.00   0.00 |     2 | 
J_hi       8.0  1.00 |   0   0.00   0.00 |     2 | 
J_hi       8.0  1.75 |   0   0.00   0.00 |     1 | 
J_hi       8.0  3.00 |   0   0.00   0.00 |     1 | 
J_hi       8.0  5.00 |   0   0.00   0.00 |     1 | 
J_hi       8.0  8.00 |   0   0.00   0.00 |     2 | 
J_hi       8.0 15.00 |   0   0.00   0.00 |     2 | 
J_hi       8.0 30.00 |   0   0.00   0.00 |     2 | 
J_hi      10.0  0.30 |   0   0.00   0.00 |     2 | 
J_hi      10.0  0.55 |   0   0.00   0.00 |     2 | 
J_hi      10.0  1.00 |   0   0.00   0.00 |     1 | 
J_hi      10.0  1.75 |   0   0.00   0.00 |     1 | 
J_hi      10.0  3.00 |   0   0.00   0.00 |     2 | 
J_hi      10.0  5.00 |   0   0.00   0.00 |     2 | 
J_hi      10.0  8.00 |   0   0.00   0.00 |     1 | 
J_hi      10.0 15.00 |   0   0.00   0.00 |     2 | 
J_hi      10.0 30.00 |   0   0.00   0.00 |     2 | 
J_hi      12.5  0.30 |   0   0.00   0.00 |     2 | 
J_hi      12.5  0.55 |   0   0.00   0.00 |     2 | 
J_hi      12.5  1.00 |   0   0.00   0.00 |     2 | 
J_hi      12.5  1.75 |   0   0.00   0.00 |     2 | 
J_hi      12.5  3.00 |   0   0.00   0.00 |     2 | 
J_hi      12.5  5.00 |   0   0.00   0.00 |     2 | 
J_hi      12.5  8.00 |   0   0.00   0.00 |     2 | 
J_hi      12.5 15.00 |   0   0.00   0.00 |     1 | 
J_hi      12.5 30.00 |   0   0.00   0.00 |     2 | 
J_hi      19.0  0.30 |   0   0.00   0.00 |     1 | 
J_hi      19.0  0.55 |   0   0.00   0.00 |     2 | 
J_hi      19.0  1.00 |   0   0.00   0.00 |     2 | 
J_hi      19.0  1.75 |   0   0.00   0.00 |     2 | 
J_hi      19.0  3.00 |   0   0.00   0.00 |     2 | 
J_hi      19.0  5.00 |   0   0.00   0.00 |     1 | 
J_hi      19.0  8.00 |   0   0.00   0.00 |     2 | 
J_hi      19.0 15.00 |   0   0.00   0.00 |     2 | 
J_hi      19.0 30.00 |   0   0.00   0.00 |     2 | 
b_lo       5.0  0.30 |   0   0.00   0.00 |     1 | 
b_lo       5.0  0.55 |   5   0.27   0.27 |   129 | HUNT
b_lo       5.0  1.00 |   0   0.00   0.00 |     3 | 
b_lo       5.0  1.75 |   5   0.26   0.26 |   130 | HUNT
b_lo       5.0  3.00 |   5   0.24   0.24 |   129 | HUNT
b_lo       5.0  5.00 |   5   0.26   0.26 |   129 | HUNT
b_lo       5.0  8.00 |   4   0.32   0.33 |   129 | HUNT
b_lo       5.0 15.00 |   4   0.32   0.33 |   129 | HUNT
b_lo       5.0 30.00 |   0   0.00   0.00 |     2 | 
b_lo       6.0  0.30 |   0   0.00   0.00 |     2 | 
b_lo       6.0  0.55 |   5   0.22   0.22 |    98 | HUNT
b_lo       6.0  1.00 |   0   0.00   0.00 |     2 | 
b_lo       6.0  1.75 |   0   0.00   0.00 |     2 | 
b_lo       6.0  3.00 |   5   0.21   0.21 |    98 | HUNT
b_lo       6.0  5.00 |   5   0.21   0.21 |    98 | HUNT
b_lo       6.0  8.00 |   5   0.21   0.23 |    98 | HUNT
b_lo       6.0 15.00 |   4   0.21   0.21 |    98 | HUNT
b_lo       6.0 30.00 |   0   0.00   0.00 |     2 | 
b_lo       7.0  0.30 |   7   0.13   0.13 |    68 | HUNT
b_lo       7.0  0.55 |   7   0.12   0.12 |    67 | HUNT
b_lo       7.0  1.00 |   0   0.00   0.00 |     1 | 
b_lo       7.0  1.75 |   0   0.00   0.00 |     2 | 
b_lo       7.0  3.00 |   0   0.00   0.00 |     2 | 
b_lo       7.0  5.00 |   0   0.00   0.00 |     2 | 
b_lo       7.0  8.00 |   0   0.00   0.00 |     2 | 
b_lo       7.0 15.00 |   7   0.12   0.13 |    68 | HUNT
b_lo       7.0 30.00 |   0   0.00   0.00 |     2 | 
b_lo       8.0  0.30 |   0   0.00   0.00 |     2 | 
b_lo       8.0  0.55 |   0   0.00   0.00 |     1 | 
b_lo       8.0  1.00 |   0   0.00   0.00 |     1 | 
b_lo       8.0  1.75 |   0   0.00   0.00 |     2 | 
b_lo       8.0  3.00 |   0   0.00   0.00 |     2 | 
b_lo       8.0  5.00 |   0   0.00   0.00 |     1 | 
b_lo       8.0  8.00 |   0   0.00   0.00 |     2 | 
b_lo       8.0 15.00 |   0   0.00   0.00 |     1 | 
b_lo       8.0 30.00 |   0   0.00   0.00 |     2 | 
b_lo      10.0  0.30 |   0   0.00   0.00 |     1 | 
b_lo      10.0  0.55 |   0   0.00   0.00 |     2 | 
b_lo      10.0  1.00 |   0   0.00   0.00 |     1 | 
b_lo      10.0  1.75 |   0   0.00   0.00 |     2 | 
b_lo      10.0  3.00 |   0   0.00   0.00 |     1 | 
b_lo      10.0  5.00 |   0   0.00   0.00 |     2 | 
b_lo      10.0  8.00 |   0   0.00   0.00 |     1 | 
b_lo      10.0 15.00 |   0   0.00   0.00 |     2 | 
b_lo      10.0 30.00 |   0   0.00   0.00 |     2 | 
b_lo      12.5  0.30 |   0   0.00   0.00 |     1 | 
b_lo      12.5  0.55 |   0   0.00   0.00 |     1 | 
b_lo      12.5  1.00 |   0   0.00   0.00 |     2 | 
b_lo      12.5  1.75 |   0   0.00   0.00 |     2 | 
b_lo      12.5  3.00 |   0   0.00   0.00 |     2 | 
b_lo      12.5  5.00 |   0   0.00   0.00 |     2 | 
b_lo      12.5  8.00 |   0   0.00   0.00 |     2 | 
b_lo      12.5 15.00 |   0   0.00   0.00 |     1 | 
b_lo      12.5 30.00 |   0   0.00   0.00 |     2 | 
b_lo      19.0  0.30 |   0   0.00   0.00 |     2 | 
b_lo      19.0  0.55 |   0   0.00   0.00 |     2 | 
b_lo      19.0  1.00 |   0   0.00   0.00 |     2 | 
b_lo      19.0  1.75 |   0   0.00   0.00 |     1 | 
b_lo      19.0  3.00 |   0   0.00   0.00 |     2 | 
b_lo      19.0  5.00 |   0   0.00   0.00 |     2 | 
b_lo      19.0  8.00 |   0   0.00   0.00 |     2 | 
b_lo      19.0 15.00 |   0   0.00   0.00 |     2 | 
b_lo      19.0 30.00 |   0   0.00   0.00 |     1 | 
