# RE-RUN on C1 of analysis-2020accord\studies\angle_loop\refute_friction\expB_holds.py F_hi 8.0,12.5,19.0,26.0,30.0  (C1 table [(714, 557, 334), (1843, 649, 0), (2765, 649, 4537), (3917, 1925, 571), (6198, 2243, 0), (65535, 2243, 0)], Kp_base 225, Ki_base 100, Kd 16, freeze |tq|>512 + ramp)
member F_hi  [19 s]
  v    kind    Fs   | slips/25s  maxjump  | err p2p deg  err rms | T 0.3-5Hz rms  T 5-30Hz rms | th dominant f (Hz)
  8.0  d0      37.8 |    0     0.00  |   0.00   0.000 |     0.2     0.28 |  0.12
  8.0  crown   37.8 |    8     0.15  |   0.15   0.068 |     3.5     0.31 |  0.12
  8.0  drift   37.8 |    4     0.22  |   0.39   0.120 |     1.8     0.25 |  0.12
  8.0  gust    37.8 |   36     2.07  |   2.27   0.442 |    28.7     0.61 |  0.61
 12.5  d0      35.1 |    0     0.00  |   0.00   0.000 |     0.1     0.18 |  0.12
 12.5  crown   35.1 |    0     0.00  |   0.00   0.000 |     0.2     0.19 |  0.12
 12.5  drift   35.1 |    2     0.11  |   0.22   0.078 |     1.9     0.27 |  0.12
 12.5  gust    35.1 |   25     1.51  |   1.51   0.280 |    22.6     0.47 |  0.49
 19.0  d0      18.1 |    0     0.00  |   0.00   0.000 |     0.1     0.12 |  0.12
 19.0  crown   18.1 |    0     0.00  |   0.00   0.000 |     0.1     0.15 |  0.12
 19.0  drift   18.1 |    0     0.08  |   0.11   0.045 |     5.0     0.49 |  0.12
 19.0  gust    18.1 |   11     0.32  |   0.33   0.061 |    14.0     1.14 |  0.61
 26.0  d0      11.9 |    0     0.00  |   0.00   0.000 |     0.1     0.12 |  0.12
 26.0  crown   11.9 |    0     0.00  |   0.00   0.000 |     0.1     0.16 |  0.12
 26.0  drift   11.9 |    0     0.05  |   0.10   0.045 |     2.9     0.55 |  0.12
 26.0  gust    11.9 |    8     0.18  |   0.18   0.042 |    11.2     1.15 |  0.61
 30.0  d0      11.1 |    0     0.00  |   0.00   0.000 |     0.3     0.26 |  0.12
 30.0  crown   11.1 |    0     0.00  |   0.00   0.000 |     0.3     0.29 |  0.12
 30.0  drift   11.1 |    0     0.05  |   0.10   0.045 |     2.9     0.67 |  0.12
 30.0  gust    11.1 |   10     0.16  |   0.16   0.041 |    10.5     1.14 |  0.61
