# RE-RUN on C1 of analysis-2020accord\studies\angle_loop\refute_friction\expB_holds.py b_lo 8.0,12.5,19.0,26.0,30.0  (C1 table [(714, 557, 334), (1843, 649, 0), (2765, 649, 4537), (3917, 1925, 571), (6198, 2243, 0), (65535, 2243, 0)], Kp_base 225, Ki_base 100, Kd 16, freeze |tq|>512 + ramp)
member b_lo  [19 s]
  v    kind    Fs   | slips/25s  maxjump  | err p2p deg  err rms | T 0.3-5Hz rms  T 5-30Hz rms | th dominant f (Hz)
  8.0  d0      18.9 |    0     0.00  |   0.00   0.000 |     0.1     0.17 |  0.12
  8.0  crown   18.9 |    0     0.00  |   0.00   0.000 |     0.1     0.14 |  0.12
  8.0  drift   18.9 |    0     0.10  |   0.18   0.057 |     2.0     0.26 |  0.12
  8.0  gust    18.9 |   36     1.02  |   1.16   0.234 |    14.8     0.47 |  0.61
 12.5  d0      17.6 |    0     0.00  |   0.00   0.000 |     0.1     0.18 |  0.12
 12.5  crown   17.6 |    0     0.00  |   0.00   0.000 |     0.1     0.13 |  0.12
 12.5  drift   17.6 |    0     0.10  |   0.12   0.046 |     2.2     0.27 |  0.12
 12.5  gust    17.6 |   29     0.73  |   0.84   0.157 |    12.9     0.49 |  0.61
 19.0  d0       9.1 |    0     0.00  |   0.00   0.000 |     0.3     0.31 |  0.12
 19.0  crown    9.1 |    0     0.00  |   0.00   0.000 |     0.3     0.26 |  0.12
 19.0  drift    9.1 |    0     0.05  |   0.10   0.042 |     2.1     0.65 |  0.12
 19.0  gust     9.1 |    9     0.16  |   0.16   0.040 |     7.8     1.01 |  0.61
 26.0  d0       6.0 |    0     0.00  |   0.00   0.000 |     0.3     0.29 |  0.12
 26.0  crown    6.0 |    0     0.00  |   0.00   0.000 |     0.2     0.27 |  0.12
 26.0  drift    6.0 |    0     0.04  |   0.10   0.040 |     1.3     0.76 |  0.12
 26.0  gust     6.0 |    1     0.10  |   0.13   0.031 |     4.0     1.07 |  0.61
 30.0  d0       5.6 |    0     0.00  |   0.00   0.000 |     0.2     0.18 |  0.12
 30.0  crown    5.6 |    0     0.00  |   0.01   0.003 |     0.2     0.25 |  0.12
 30.0  drift    5.6 |    0     0.03  |   0.10   0.040 |     1.2     0.73 |  0.12
 30.0  gust     5.6 |    0     0.08  |   0.12   0.030 |     3.5     1.11 |  0.24
