# RE-RUN on C1 of analysis-2020accord\studies\angle_loop\refute_friction\expB_holds.py J_hi 8.0,12.5,19.0,26.0,30.0  (C1 table [(714, 557, 334), (1843, 649, 0), (2765, 649, 4537), (3917, 1925, 571), (6198, 2243, 0), (65535, 2243, 0)], Kp_base 225, Ki_base 100, Kd 16, freeze |tq|>512 + ramp)
member J_hi  [19 s]
  v    kind    Fs   | slips/25s  maxjump  | err p2p deg  err rms | T 0.3-5Hz rms  T 5-30Hz rms | th dominant f (Hz)
  8.0  d0      19.3 |    0     0.00  |   0.00   0.000 |     0.1     0.18 |  0.12
  8.0  crown   19.3 |    0     0.00  |   0.00   0.000 |     0.1     0.14 |  0.12
  8.0  drift   19.3 |    0     0.10  |   0.16   0.052 |     2.0     0.27 |  0.12
  8.0  gust    19.3 |   28     1.17  |   1.20   0.239 |    15.1     0.42 |  0.61
 12.5  d0      20.6 |    0     0.00  |   0.00   0.000 |     0.3     0.30 |  0.12
 12.5  crown   20.6 |    0     0.00  |   0.00   0.000 |     0.2     0.17 |  0.12
 12.5  drift   20.6 |    0     0.10  |   0.12   0.050 |     2.2     0.29 |  0.12
 12.5  gust    20.6 |   26     0.97  |   1.04   0.200 |    16.2     0.51 |  0.61
 19.0  d0      11.5 |    0     0.00  |   0.00   0.000 |     0.1     0.10 |  0.12
 19.0  crown   11.5 |    0     0.00  |   0.00   0.000 |     0.2     0.25 |  0.12
 19.0  drift   11.5 |    0     0.05  |   0.10   0.044 |     2.8     0.46 |  0.12
 19.0  gust    11.5 |    6     0.18  |   0.18   0.044 |     9.9     1.06 |  0.61
 26.0  d0       7.1 |    0     0.00  |   0.00   0.000 |     0.3     0.29 |  0.12
 26.0  crown    7.1 |    0     0.00  |   0.00   0.000 |     0.2     0.26 |  0.12
 26.0  drift    7.1 |    0     0.04  |   0.10   0.043 |     1.7     0.80 |  0.12
 26.0  gust     7.1 |    3     0.13  |   0.14   0.033 |     5.8     1.14 |  0.61
 30.0  d0       6.5 |    0     0.00  |   0.00   0.000 |     0.2     0.18 |  0.12
 30.0  crown    6.5 |    0     0.00  |   0.00   0.000 |     0.1     0.14 |  0.12
 30.0  drift    6.5 |    0     0.03  |   0.10   0.043 |     1.5     0.80 |  0.12
 30.0  gust     6.5 |    1     0.10  |   0.13   0.029 |     4.3     0.85 |  0.61
