# RE-RUN on C1 of analysis-2020accord\studies\angle_loop\refute_friction\expC_lighthand.py 3.0,8.0,12.5,19.0,26.0 1.0  (C1 table [(714, 557, 334), (1843, 649, 0), (2765, 649, 4537), (3917, 1925, 571), (6198, 2243, 0), (65535, 2243, 0)], Kp_base 225, Ki_base 100, Kd 16, freeze |tq|>512 + ramp)
[10 s] hold 1.0 s
  v   delta  |tq|  fade | T fought  I-share(T) | peak|T| after  overshoot deg  return-to-0.2deg s
  3.0   0.5     0   254 |     -88       71   |     92     0.07    0.15
  3.0   0.5   700   248 |     -23        4   |     93     0.08    1.24
  3.0   0.5  1000   232 |     -23        1   |     92     0.06    1.01
  3.0   0.5  1100   226 |     -23        1   |     92     0.06    1.02
  3.0   0.5  2400    76 |      -7        0   |     93     0.06    1.04
  3.0   1.0     0   254 |    -197      159   |    199     1.40    1.24
  3.0   1.0   700   248 |     -51        8   |     92     0.01    0.58
  3.0   1.0  1000   232 |     -43        3   |     93    -0.00    0.62
  3.0   1.0  1100   226 |     -42        2   |     93     0.05    0.62
  3.0   1.0  2400    76 |     -15        0   |     90    -0.01    0.63
  3.0   2.0     0   254 |    -425      350   |    428     4.50    0.96
  3.0   2.0   700   248 |    -109       18   |    109     0.05    0.38
  3.0   2.0  1000   232 |     -92        7   |     97     0.05    0.44
  3.0   2.0  1100   226 |     -88        5   |     96     0.05    0.46
  3.0   2.0  2400    76 |     -28        0   |    103     0.05    0.44
  8.0   0.5     0   254 |    -120      101   |    120     1.14    0.75
  8.0   0.5   700   248 |     -32        4   |     33    -0.02    0.10
  8.0   0.5  1000   232 |     -28        2   |     28    -0.03    0.11
  8.0   0.5  1100   226 |     -26        1   |     27    -0.03    0.11
  8.0   0.5  2400    76 |      -9        0   |     23    -0.03    0.15
  8.0   1.0     0   254 |    -238      194   |    240     2.38    0.88
  8.0   1.0   700   248 |     -66       10   |     66     0.13    0.11
  8.0   1.0  1000   232 |     -55        4   |     56     0.06    0.12
  8.0   1.0  1100   226 |     -53        3   |     54     0.06    0.12
  8.0   1.0  2400    76 |     -17        0   |     40     0.06    0.16
  8.0   2.0     0   254 |    -490      404   |    492     5.09    1.02
  8.0   2.0   700   248 |    -128       22   |    128     0.44    0.74
  8.0   2.0  1000   232 |    -108        9   |    109     0.28    0.80
  8.0   2.0  1100   226 |    -103        7   |    104     0.25    0.78
  8.0   2.0  2400    76 |     -34        0   |     76     0.24    1.03
 12.5   0.5     0   254 |    -138      115   |    139     0.85    0.87
 12.5   0.5   700   248 |     -38        6   |     39     0.05    0.12
 12.5   0.5  1000   232 |     -33        2   |     33     0.01    0.14
 12.5   0.5  1100   226 |     -32        1   |     32     0.00    0.14
 12.5   0.5  2400    76 |     -10        0   |     27     0.02    0.17
 12.5   1.0     0   254 |    -283      230   |    285     1.82    0.96
 12.5   1.0   700   248 |     -72       12   |     72     0.14    0.15
 12.5   1.0  1000   232 |     -61        5   |     62     0.09    0.17
 12.5   1.0  1100   226 |     -58        4   |     59     0.08    0.17
 12.5   1.0  2400    76 |     -21        0   |     50     0.08    0.20
 12.5   2.0     0   254 |    -572      474   |    576     3.89    1.06
 12.5   2.0   700   248 |    -153       27   |    153     0.38    0.93
 12.5   2.0  1000   232 |    -129       11   |    130     0.27    0.98
 12.5   2.0  1100   226 |    -123        8   |    125     0.26    0.96
 12.5   2.0  2400    76 |     -39        0   |     96     0.27    1.00
 19.0   0.5     0   254 |    -300      255   |    302     0.90    0.70
 19.0   0.5   700   248 |     -82       14   |     82     0.07    0.06
 19.0   0.5  1000   232 |     -69        5   |     69     0.06    0.07
 19.0   0.5  1100   226 |     -66        3   |     67     0.06    0.07
 19.0   0.5  2400    76 |     -26        0   |     57     0.06    0.10
 19.0   1.0     0   254 |    -632      528   |    635     1.89    0.88
 19.0   1.0   700   248 |    -184       30   |    184     0.18    0.08
 19.0   1.0  1000   232 |    -155       12   |    158     0.13    0.10
 19.0   1.0  1100   226 |    -149        9   |    151     0.11    0.10
 19.0   1.0  2400    76 |     -47        0   |    115     0.12    0.13
 19.0   2.0     0   254 |    -919      663   |    919     2.36    0.94
 19.0   2.0   700   248 |    -370       63   |    370     0.41    0.58
 19.0   2.0  1000   232 |    -312       25   |    316     0.28    0.52
 19.0   2.0  1100   226 |    -299       19   |    304     0.26    0.51
 19.0   2.0  2400    76 |    -100        1   |    229     0.26    0.56
 26.0   0.5     0   254 |    -328      279   |    330     0.94    0.67
 26.0   0.5   700   248 |     -92       16   |     92     0.09    0.07
 26.0   0.5  1000   232 |     -77        6   |     79     0.07    0.08
 26.0   0.5  1100   226 |     -74        4   |     77     0.07    0.08
 26.0   0.5  2400    76 |     -29        0   |     71     0.07    0.10
 26.0   1.0     0   254 |    -684      576   |    685     1.96    0.80
 26.0   1.0   700   248 |    -204       34   |    205     0.20    0.40
 26.0   1.0  1000   232 |    -173       13   |    175     0.16    0.11
 26.0   1.0  1100   226 |    -165       10   |    168     0.15    0.11
 26.0   1.0  2400    76 |     -53        0   |    136     0.16    0.14
 26.0   2.0     0   254 |    -949      663   |    948     2.22    0.83
 26.0   2.0   700   248 |    -394       70   |    394     0.47    0.61
 26.0   2.0  1000   232 |    -348       28   |    352     0.33    0.59
 26.0   2.0  1100   226 |    -333       21   |    338     0.31    0.56
 26.0   2.0  2400    76 |    -111        1   |    268     0.33    0.62
