# RE-RUN on C1 of analysis-2020accord\studies\angle_loop\refute_friction\expC_lighthand.py   (C1 table [(714, 557, 334), (1843, 649, 0), (2765, 649, 4537), (3917, 1925, 571), (6198, 2243, 0), (65535, 2243, 0)], Kp_base 225, Ki_base 100, Kd 16, freeze |tq|>512 + ramp)
[13 s] hold 3.0 s
  v   delta  |tq|  fade | T fought  I-share(T) | peak|T| after  overshoot deg  return-to-0.2deg s
  5.0   0.5     0   254 |    -237      221   |    238     2.43    0.96
  5.0   0.5   700   248 |     -29        4   |     61    -0.03    0.59
  5.0   0.5  1000   232 |     -25        1   |     61    -0.03    0.63
  5.0   0.5  1100   226 |     -24        1   |     61    -0.03    0.64
  5.0   0.5  2400    76 |      -8        0   |     61    -0.04    0.66
  5.0   1.0     0   254 |    -506      473   |    508     6.04    0.95
  5.0   1.0   700   248 |     -55        9   |     58    -0.03    0.41
  5.0   1.0  1000   232 |     -47        4   |     61    -0.03    0.42
  5.0   1.0  1100   226 |     -45        3   |     61    -0.03    0.43
  5.0   1.0  2400    76 |     -16        0   |     60    -0.03    0.46
  5.0   2.0     0   254 |    -740      663   |    740     8.72    0.98
  5.0   2.0   700   248 |    -116       20   |    116     0.06    0.21
  5.0   2.0  1000   232 |     -98        8   |    100    -0.02    0.27
  5.0   2.0  1100   226 |     -94        6   |     96    -0.02    0.29
  5.0   2.0  2400    76 |     -30        0   |     92     0.05    0.30
  8.0   0.5     0   254 |    -275      257   |    276     3.07    0.91
  8.0   0.5   700   248 |     -32        4   |     32    -0.02    0.10
  8.0   0.5  1000   232 |     -28        2   |     28    -0.03    0.11
  8.0   0.5  1100   226 |     -27        1   |     27    -0.04    0.12
  8.0   0.5  2400    76 |      -9        0   |     23    -0.03    0.15
  8.0   1.0     0   254 |    -537      506   |    538     6.18    1.06
  8.0   1.0   700   248 |     -66       10   |     66     0.13    0.11
  8.0   1.0  1000   232 |     -55        4   |     56     0.06    0.12
  8.0   1.0  1100   226 |     -53        3   |     54     0.06    0.12
  8.0   1.0  2400    76 |     -17        0   |     40     0.06    0.16
  8.0   2.0     0   254 |    -748      663   |    748     8.16    1.12
  8.0   2.0   700   248 |    -127       22   |    127     0.45    0.74
  8.0   2.0  1000   232 |    -108        9   |    109     0.28    0.79
  8.0   2.0  1100   226 |    -103        7   |    105     0.26    0.77
  8.0   2.0  2400    76 |     -34        0   |     76     0.23    1.02
 12.5   0.5     0   254 |    -314      298   |    314     2.33    0.97
 12.5   0.5   700   248 |     -39        6   |     39     0.05    0.12
 12.5   0.5  1000   232 |     -33        2   |     33     0.01    0.14
 12.5   0.5  1100   226 |     -31        1   |     32    -0.01    0.14
 12.5   0.5  2400    76 |     -10        0   |     28     0.02    0.17
 12.5   1.0     0   254 |    -621      584   |    622     4.71    1.06
 12.5   1.0   700   248 |     -72       12   |     72     0.14    0.15
 12.5   1.0  1000   232 |     -61        5   |     62     0.08    0.17
 12.5   1.0  1100   226 |     -59        4   |     59     0.08    0.17
 12.5   1.0  2400    76 |     -20        0   |     50     0.08    0.20
 12.5   2.0     0   254 |    -766      663   |    766     5.32    1.09
 12.5   2.0   700   248 |    -153       27   |    153     0.38    0.93
 12.5   2.0  1000   232 |    -129       11   |    130     0.28    0.97
 12.5   2.0  1100   226 |    -123        8   |    125     0.26    0.98
 12.5   2.0  2400    76 |     -39        0   |     96     0.26    1.00
 19.0   0.5     0   254 |    -573      547   |    574     1.91    0.88
 19.0   0.5   700   248 |     -82       14   |     82     0.07    0.06
 19.0   0.5  1000   232 |     -68        5   |     69     0.06    0.07
 19.0   0.5  1100   226 |     -65        3   |     67     0.06    0.07
 19.0   0.5  2400    76 |     -26        0   |     57     0.06    0.10
 19.0   1.0     0   254 |    -761      663   |    761     2.32    0.93
 19.0   1.0   700   248 |    -183       30   |    183     0.19    0.08
 19.0   1.0  1000   232 |    -155       12   |    157     0.13    0.10
 19.0   1.0  1100   226 |    -149        9   |    151     0.11    0.10
 19.0   1.0  2400    76 |     -47        0   |    115     0.12    0.13
 19.0   2.0     0   254 |    -919      663   |    919     2.36    0.94
 19.0   2.0   700   248 |    -370       63   |    370     0.41    0.59
 19.0   2.0  1000   232 |    -313       25   |    316     0.28    0.52
 19.0   2.0  1100   226 |    -299       19   |    303     0.26    0.52
 19.0   2.0  2400    76 |    -100        1   |    230     0.26    0.56
 26.0   0.5     0   254 |    -617      589   |    619     1.96    0.79
 26.0   0.5   700   248 |     -92       16   |     92     0.09    0.07
 26.0   0.5  1000   232 |     -77        6   |     79     0.07    0.08
 26.0   0.5  1100   226 |     -74        4   |     77     0.07    0.08
 26.0   0.5  2400    76 |     -29        0   |     70     0.07    0.10
 26.0   1.0     0   254 |    -773      663   |    773     2.20    0.82
 26.0   1.0   700   248 |    -204       34   |    205     0.20    0.39
 26.0   1.0  1000   232 |    -173       13   |    175     0.16    0.11
 26.0   1.0  1100   226 |    -166       10   |    168     0.16    0.11
 26.0   1.0  2400    76 |     -53        0   |    136     0.16    0.14
 26.0   2.0     0   254 |    -948      663   |    948     2.23    0.84
 26.0   2.0   700   248 |    -401       70   |    399     0.46    0.61
 26.0   2.0  1000   232 |    -348       28   |    352     0.33    0.59
 26.0   2.0  1100   226 |    -333       21   |    338     0.31    0.57
 26.0   2.0  2400    76 |    -111        1   |    268     0.32    0.61
