# RE-RUN on C1 of analysis-2020accord\studies\angle_loop\refute_friction\expD_engage.py   (C1 table [(714, 557, 334), (1843, 649, 0), (2765, 649, 4537), (3917, 1925, 571), (6198, 2243, 0), (65535, 2243, 0)], Kp_base 225, Ki_base 100, Kd 16, freeze |tq|>512 + ramp)
[11 s]
  v  theta0 lag | sp at engage | droop deg (t)  | overshoot deg | slips | peak|T| | I at 1 s (T) | |th-sp| at TE+4 s
  3.0  45.0  0.0 |  44.90 |   6.86 (0.54 s) |   0.08 |   1 |   420 |    11 |  0.08
  3.0  45.0  0.3 |  44.90 |   4.96 (0.78 s) |   0.06 |   2 |   408 |     8 |  0.06
  3.0  45.0  1.0 |  44.90 |   3.23 (1.38 s) |   0.06 |   2 |   393 |     0 |  0.06
  5.0  25.0  0.0 |  24.90 |   6.70 (0.51 s) |  -0.02 |   1 |   368 |    10 |  0.03
  5.0  25.0  0.3 |  24.90 |   4.95 (0.75 s) |  -0.02 |   2 |   366 |     8 |  0.02
  5.0  25.0  1.0 |  24.90 |   3.32 (1.37 s) |  -0.02 |   2 |   359 |     0 |  0.03
  8.0  15.0  0.0 |  14.90 |   6.52 (0.47 s) |  -0.03 |   0 |   310 |     8 |  0.03
  8.0  15.0  0.3 |  14.90 |   4.95 (0.72 s) |  -0.04 |   1 |   310 |     8 |  0.04
  8.0  15.0  1.0 |  14.90 |   3.43 (1.35 s) |  -0.04 |   1 |   310 |     0 |  0.04
 12.5   6.0  0.0 |   5.90 |   2.44 (0.57 s) |   0.02 |   1 |   203 |     5 |  0.03
 12.5   6.0  0.3 |   5.90 |   1.95 (0.82 s) |   0.02 |   1 |   203 |     4 |  0.03
 12.5   6.0  1.0 |   5.90 |   1.36 (1.40 s) |   0.02 |   0 |   200 |     0 |  0.03
 19.0   2.5  0.0 |   2.40 |   1.09 (0.48 s) |   0.01 |   0 |   192 |     4 |  0.04
 19.0   2.5  0.3 |   2.40 |   0.86 (0.73 s) |   0.01 |   0 |   191 |     4 |  0.04
 19.0   2.5  1.0 |   2.40 |   0.60 (1.33 s) |   0.01 |   0 |   192 |     0 |  0.04
 26.0   1.5  0.0 |   1.50 |   0.53 (0.53 s) |  -0.04 |   1 |   103 |     2 |  0.04
 26.0   1.5  0.3 |   1.50 |   0.40 (0.76 s) |  -0.04 |   1 |   103 |     2 |  0.04
 26.0   1.5  1.0 |   1.50 |   0.26 (1.34 s) |  -0.04 |   0 |   102 |     0 |  0.04
