# RE-RUN on C1 of analysis-2020accord\studies\angle_loop\refute_friction\expF_costeer.py   (C1 table [(714, 557, 334), (1843, 649, 0), (2765, 649, 4537), (3917, 1925, 571), (6198, 2243, 0), (65535, 2243, 0)], Kp_base 225, Ki_base 100, Kd 16, freeze |tq|>512 + ramp)
  v    A   share  |tq| | I at release (T) | droop after release deg | overshoot during push | slips after
  5.0  25.0  0.5    900 |    242 |   0.18 |   0.45 | 0
  5.0  25.0  0.5   1500 |    242 |   0.15 |  -0.04 | 0
  5.0  25.0  1.0    900 |    242 |   0.91 |   2.86 | 1
  5.0  25.0  1.0   1500 |    242 |   0.79 |   2.47 | 1
  8.0  15.0  0.5    900 |    291 |   0.40 |   1.48 | 1
  8.0  15.0  0.5   1500 |    290 |   0.22 |   0.77 | 1
  8.0  15.0  1.0    900 |    290 |   0.96 |   3.56 | 1
  8.0  15.0  1.0   1500 |    290 |   0.87 |   3.25 | 1
 12.5   6.0  0.5    900 |    173 |   0.15 |   0.56 | 1
 12.5   6.0  0.5   1500 |    172 |   0.06 |   0.25 | 0
 12.5   6.0  1.0    900 |    172 |   0.37 |   1.55 | 1
 12.5   6.0  1.0   1500 |    173 |   0.33 |   1.37 | 1
 19.0   2.5  0.5    900 |    194 |   0.06 |   0.35 | 0
 19.0   2.5  0.5   1500 |    194 |   0.01 |   0.19 | 0
 19.0   2.5  1.0    900 |    194 |   0.13 |   0.75 | 0
 19.0   2.5  1.0   1500 |    194 |   0.10 |   0.66 | 0
 26.0   1.5  0.5    900 |     94 |   0.05 |   0.16 | 0
 26.0   1.5  0.5   1500 |     94 |  -0.02 |   0.09 | 0
 26.0   1.5  1.0    900 |     94 |   0.06 |   0.35 | 0
 26.0   1.5  1.0   1500 |     94 |   0.06 |   0.34 | 0
