# RE-RUN on C1 of analysis-2020accord\studies\angle_loop\refute_friction\expG_smallamp.py nominal  (C1 table [(714, 557, 334), (1843, 649, 0), (2765, 649, 4537), (3917, 1925, 571), (6198, 2243, 0), (65535, 2243, 0)], Kp_base 225, Ki_base 100, Kd 16, freeze |tq|>512 + ramp)
member   v    amp   f  | track gain (harness def) | fit gain  phase deg | stick%
nominal    5.0  0.2  0.2 | -0.156 |  0.737   -98.8 |  86.4
nominal    5.0  0.2  0.5 |  0.080 |  0.157   -57.8 |  93.5
nominal    5.0  0.3  0.2 |  0.608 |  1.320   -63.5 |  77.1
nominal    5.0  0.3  0.5 |  0.032 |  0.119   -85.2 |  91.5
nominal    5.0  0.5  0.2 |  0.918 |  1.255   -44.0 |  69.5
nominal    5.0  0.5  0.5 | -0.058 |  0.161  -111.5 |  90.9
nominal    5.0  1.0  0.2 |  1.151 |  1.231   -22.3 |  42.1
nominal    5.0  1.0  0.5 |  0.436 |  1.152   -66.3 |  46.4
nominal    5.0  2.0  0.2 |  1.129 |  1.162   -13.9 |  33.0
nominal    5.0  2.0  0.5 |  0.932 |  1.252   -40.8 |  30.3
nominal    8.0  0.2  0.2 |  0.955 |  1.223   -31.5 |  60.0
nominal    8.0  0.2  0.5 |  0.130 |  0.958   -81.8 |  53.5  <-- outside 0.95-1.05
nominal    8.0  0.3  0.2 |  1.019 |  1.185   -24.1 |  47.2
nominal    8.0  0.3  0.5 |  0.592 |  1.098   -55.8 |  35.9  <-- outside 0.95-1.05
nominal    8.0  0.5  0.2 |  1.096 |  1.140   -15.1 |  33.1  <-- outside 0.95-1.05
nominal    8.0  0.5  0.5 |  0.836 |  1.139   -41.2 |  27.9  <-- outside 0.95-1.05
nominal    8.0  1.0  0.2 |  1.061 |  1.083   -11.2 |  22.0  <-- outside 0.95-1.05
nominal    8.0  1.0  0.5 |  0.942 |  1.110   -31.1 |  20.1  <-- outside 0.95-1.05
nominal    8.0  2.0  0.2 |  1.034 |  1.048    -9.2 |  15.7
nominal    8.0  2.0  0.5 |  0.961 |  1.091   -26.3 |  13.7
nominal   10.0  0.2  0.2 |  1.016 |  1.245   -30.9 |  54.0
nominal   10.0  0.2  0.5 | -0.014 |  0.844   -90.4 |  52.3  <-- outside 0.95-1.05
nominal   10.0  0.3  0.2 |  1.014 |  1.123   -25.8 |  47.9
nominal   10.0  0.3  0.5 |  0.364 |  1.073   -68.6 |  39.9  <-- outside 0.95-1.05
nominal   10.0  0.5  0.2 |  1.098 |  1.159   -17.4 |  25.1  <-- outside 0.95-1.05
nominal   10.0  0.5  0.5 |  0.767 |  1.151   -47.7 |  26.9  <-- outside 0.95-1.05
nominal   10.0  1.0  0.2 |  1.071 |  1.100   -12.7 |  19.4  <-- outside 0.95-1.05
nominal   10.0  1.0  0.5 |  0.878 |  1.134   -37.8 |  19.7  <-- outside 0.95-1.05
nominal   10.0  2.0  0.2 |  1.043 |  1.065   -10.5 |  15.0
nominal   10.0  2.0  0.5 |  0.931 |  1.110   -31.8 |  10.9  <-- outside 0.95-1.05
nominal   12.5  0.2  0.2 |  1.006 |  1.193   -30.0 |  46.6
nominal   12.5  0.2  0.5 |  0.105 |  0.968   -83.4 |  43.4  <-- outside 0.95-1.05
nominal   12.5  0.3  0.2 |  1.043 |  1.158   -23.7 |  38.4
nominal   12.5  0.3  0.5 |  0.497 |  1.108   -61.7 |  32.3  <-- outside 0.95-1.05
nominal   12.5  0.5  0.2 |  1.075 |  1.120   -16.2 |  22.2  <-- outside 0.95-1.05
nominal   12.5  0.5  0.5 |  0.728 |  1.128   -48.5 |  23.5  <-- outside 0.95-1.05
nominal   12.5  1.0  0.2 |  1.060 |  1.089   -12.7 |  15.9  <-- outside 0.95-1.05
nominal   12.5  1.0  0.5 |  0.839 |  1.104   -39.3 |  15.8  <-- outside 0.95-1.05
nominal   12.5  2.0  0.2 |  1.039 |  1.063   -11.1 |  12.2
nominal   12.5  2.0  0.5 |  0.875 |  1.084   -34.7 |   8.6  <-- outside 0.95-1.05
nominal   19.0  0.2  0.2 |  0.944 |  0.985   -18.7 |  59.4  <-- outside 0.95-1.05
nominal   19.0  0.2  0.5 |  0.824 |  0.970   -32.5 |  22.8  <-- outside 0.95-1.05
nominal   19.0  0.3  0.2 |  0.976 |  1.012   -14.8 |  35.6
nominal   19.0  0.3  0.5 |  0.862 |  0.997   -29.5 |  12.9  <-- outside 0.95-1.05
nominal   19.0  0.5  0.2 |  0.992 |  1.011   -11.7 |  18.5
nominal   19.0  0.5  0.5 |  0.891 |  1.011   -26.6 |   8.4  <-- outside 0.95-1.05
nominal   19.0  1.0  0.2 |  0.993 |  1.012    -9.9 |   8.0
nominal   19.0  1.0  0.5 |  0.906 |  1.011   -24.7 |   5.5  <-- outside 0.95-1.05
nominal   19.0  2.0  0.2 |  0.993 |  1.009    -9.2 |   3.9
nominal   19.0  2.0  0.5 |  0.910 |  1.007   -23.9 |   2.9  <-- outside 0.95-1.05
nominal   26.0  0.2  0.2 |  0.997 |  1.177   -11.1 |   3.9
nominal   26.0  0.2  0.5 |  0.959 |  1.203   -27.2 |   2.3
nominal   26.0  0.3  0.2 |  1.016 |  1.124    -8.9 |   1.6
nominal   26.0  0.3  0.5 |  0.987 |  1.160   -24.8 |   3.0
nominal   26.0  0.5  0.2 |  1.023 |  1.078    -7.6 |   3.4
nominal   26.0  0.5  0.5 |  0.997 |  1.116   -23.4 |   2.7
nominal   26.0  1.0  0.2 |  1.024 |  1.044    -6.7 |   4.4
nominal   26.0  1.0  0.5 |  1.002 |  1.093   -22.2 |   1.5
nominal   26.0  2.0  0.2 |  1.020 |  1.030    -6.7 |   2.3
nominal   26.0  2.0  0.5 |  1.003 |  1.091   -21.5 |   1.0
nominal   30.0  0.2  0.2 |  1.004 |  1.189   -10.2 |   3.0
nominal   30.0  0.2  0.5 |  0.967 |  1.222   -27.1 |   2.4
nominal   30.0  0.3  0.2 |  1.017 |  1.135    -8.7 |   6.5
nominal   30.0  0.3  0.5 |  0.993 |  1.171   -24.8 |   2.7
nominal   30.0  0.5  0.2 |  1.025 |  1.080    -7.3 |   4.5
nominal   30.0  0.5  0.5 |  1.011 |  1.123   -22.7 |   3.6
nominal   30.0  1.0  0.2 |  1.026 |  1.046    -6.5 |   4.9
nominal   30.0  1.0  0.5 |  1.016 |  1.108   -21.7 |   1.3
nominal   30.0  2.0  0.2 |  1.023 |  1.031    -6.4 |   2.1
nominal   30.0  2.0  0.5 |  1.017 |  1.102   -21.1 |   1.2
