# RE-RUN on C1 of analysis-2020accord\studies\angle_loop\refute_friction\expG_smallamp.py F_lo,F_hi,J_hi  (C1 table [(714, 557, 334), (1843, 649, 0), (2765, 649, 4537), (3917, 1925, 571), (6198, 2243, 0), (65535, 2243, 0)], Kp_base 225, Ki_base 100, Kd 16, freeze |tq|>512 + ramp)
member   v    amp   f  | track gain (harness def) | fit gain  phase deg | stick%
F_lo       5.0  0.2  0.2 |  1.010 |  1.240   -40.0 |  74.2
F_lo       5.0  0.2  0.5 | -0.090 |  0.175  -126.6 |  92.2
F_lo       5.0  0.3  0.2 |  0.933 |  1.123   -37.2 |  74.0
F_lo       5.0  0.3  0.5 | -0.271 |  0.513  -117.1 |  71.4
F_lo       5.0  0.5  0.2 |  1.154 |  1.208   -19.8 |  39.8
F_lo       5.0  0.5  0.5 |  0.433 |  1.170   -66.9 |  44.8
F_lo       5.0  1.0  0.2 |  1.144 |  1.164   -12.8 |  29.6
F_lo       5.0  1.0  0.5 |  0.950 |  1.255   -40.2 |  28.6
F_lo       5.0  2.0  0.2 |  1.099 |  1.112    -9.0 |  24.0
F_lo       5.0  2.0  0.5 |  1.054 |  1.237   -29.7 |  20.5
F_lo       8.0  0.2  0.2 |  1.076 |  1.154   -15.3 |  48.6  <-- outside 0.95-1.05
F_lo       8.0  0.2  0.5 |  0.836 |  1.160   -42.1 |  31.3  <-- outside 0.95-1.05
F_lo       8.0  0.3  0.2 |  1.081 |  1.138   -12.9 |  34.8  <-- outside 0.95-1.05
F_lo       8.0  0.3  0.5 |  0.919 |  1.135   -36.0 |  26.2  <-- outside 0.95-1.05
F_lo       8.0  0.5  0.2 |  1.062 |  1.086   -10.3 |  24.1  <-- outside 0.95-1.05
F_lo       8.0  0.5  0.5 |  0.942 |  1.102   -31.0 |  18.5  <-- outside 0.95-1.05
F_lo       8.0  1.0  0.2 |  1.038 |  1.052    -8.8 |  16.6
F_lo       8.0  1.0  0.5 |  0.975 |  1.094   -25.5 |  12.8
F_lo       8.0  2.0  0.2 |  1.020 |  1.033    -8.6 |  10.6
F_lo       8.0  2.0  0.5 |  0.969 |  1.074   -23.5 |   7.9
F_lo      10.0  0.2  0.2 |  1.008 |  1.139   -21.2 |  49.2
F_lo      10.0  0.2  0.5 |  0.718 |  1.163   -50.4 |  27.8  <-- outside 0.95-1.05
F_lo      10.0  0.3  0.2 |  1.039 |  1.131   -16.9 |  20.5
F_lo      10.0  0.3  0.5 |  0.814 |  1.137   -44.0 |  21.5  <-- outside 0.95-1.05
F_lo      10.0  0.5  0.2 |  1.056 |  1.112   -12.8 |  19.0  <-- outside 0.95-1.05
F_lo      10.0  0.5  0.5 |  0.893 |  1.129   -36.8 |  16.6  <-- outside 0.95-1.05
F_lo      10.0  1.0  0.2 |  1.047 |  1.068   -10.4 |  11.8
F_lo      10.0  1.0  0.5 |  0.924 |  1.116   -32.2 |  12.1  <-- outside 0.95-1.05
F_lo      10.0  2.0  0.2 |  1.028 |  1.047    -9.6 |  10.0
F_lo      10.0  2.0  0.5 |  0.941 |  1.091   -29.1 |   5.9  <-- outside 0.95-1.05
F_lo      12.5  0.2  0.2 |  0.987 |  1.162   -23.7 |  36.6
F_lo      12.5  0.2  0.5 |  0.624 |  1.158   -53.9 |  25.9  <-- outside 0.95-1.05
F_lo      12.5  0.3  0.2 |  1.023 |  1.118   -17.7 |  26.3
F_lo      12.5  0.3  0.5 |  0.818 |  1.144   -43.1 |  15.4  <-- outside 0.95-1.05
F_lo      12.5  0.5  0.2 |  1.037 |  1.076   -13.3 |  17.4
F_lo      12.5  0.5  0.5 |  0.865 |  1.124   -38.2 |  13.8  <-- outside 0.95-1.05
F_lo      12.5  1.0  0.2 |  1.037 |  1.059   -10.5 |   9.8
F_lo      12.5  1.0  0.5 |  0.883 |  1.093   -34.5 |   9.6  <-- outside 0.95-1.05
F_lo      12.5  2.0  0.2 |  1.025 |  1.044   -10.2 |   7.3
F_lo      12.5  2.0  0.5 |  0.892 |  1.072   -32.2 |   4.7  <-- outside 0.95-1.05
F_lo      19.0  0.2  0.2 |  0.937 |  0.978   -16.7 |  45.8  <-- outside 0.95-1.05
F_lo      19.0  0.2  0.5 |  0.840 |  0.963   -29.0 |  16.0  <-- outside 0.95-1.05
F_lo      19.0  0.3  0.2 |  0.963 |  0.997   -13.7 |  35.5
F_lo      19.0  0.3  0.5 |  0.866 |  0.984   -26.6 |   9.9  <-- outside 0.95-1.05
F_lo      19.0  0.5  0.2 |  0.981 |  1.001   -11.1 |  15.9
F_lo      19.0  0.5  0.5 |  0.890 |  0.998   -25.1 |   4.5  <-- outside 0.95-1.05
F_lo      19.0  1.0  0.2 |  0.988 |  1.005    -9.6 |   7.1
F_lo      19.0  1.0  0.5 |  0.905 |  1.002   -23.9 |   1.6  <-- outside 0.95-1.05
F_lo      19.0  2.0  0.2 |  0.990 |  1.006    -9.1 |   2.7
F_lo      19.0  2.0  0.5 |  0.909 |  1.004   -23.4 |   1.3  <-- outside 0.95-1.05
F_lo      26.0  0.2  0.2 |  0.990 |  1.171    -9.7 |   2.2
F_lo      26.0  0.2  0.5 |  0.961 |  1.197   -25.1 |   0.6
F_lo      26.0  0.3  0.2 |  1.006 |  1.117    -8.3 |   2.0
F_lo      26.0  0.3  0.5 |  0.988 |  1.154   -23.3 |   0.8
F_lo      26.0  0.5  0.2 |  1.015 |  1.069    -7.3 |   1.6
F_lo      26.0  0.5  0.5 |  0.997 |  1.108   -22.3 |   0.9
F_lo      26.0  1.0  0.2 |  1.019 |  1.040    -6.6 |   2.3
F_lo      26.0  1.0  0.5 |  1.001 |  1.088   -21.6 |   0.4
F_lo      26.0  2.0  0.2 |  1.018 |  1.029    -6.7 |   1.3
F_lo      26.0  2.0  0.5 |  1.002 |  1.088   -21.3 |   0.1
F_lo      30.0  0.2  0.2 |  0.995 |  1.189    -9.0 |   2.9
F_lo      30.0  0.2  0.5 |  0.966 |  1.220   -25.0 |   1.8
F_lo      30.0  0.3  0.2 |  1.008 |  1.123    -8.1 |   2.6
F_lo      30.0  0.3  0.5 |  0.995 |  1.164   -23.2 |   0.7
F_lo      30.0  0.5  0.2 |  1.018 |  1.072    -7.0 |   2.7
F_lo      30.0  0.5  0.5 |  1.009 |  1.112   -21.8 |   1.5
F_lo      30.0  1.0  0.2 |  1.022 |  1.042    -6.3 |   1.6
F_lo      30.0  1.0  0.5 |  1.015 |  1.102   -21.1 |   0.3
F_lo      30.0  2.0  0.2 |  1.021 |  1.031    -6.4 |   1.4
F_lo      30.0  2.0  0.5 |  1.016 |  1.100   -20.9 |   0.1
F_hi       5.0  0.2  0.2 |  0.000 |  0.000     0.0 | 100.0
F_hi       5.0  0.2  0.5 |  0.000 |  0.000     0.0 | 100.0
F_hi       5.0  0.3  0.2 |  0.000 |  0.000     0.0 | 100.0
F_hi       5.0  0.3  0.5 |  0.000 |  0.000     0.0 | 100.0
F_hi       5.0  0.5  0.2 |  0.147 |  1.252   -82.3 |  74.9
F_hi       5.0  0.5  0.5 |  0.000 |  0.000     0.0 | 100.0
F_hi       5.0  1.0  0.2 |  0.971 |  1.298   -42.0 |  57.4
F_hi       5.0  1.0  0.5 | -0.027 |  0.135  -101.2 |  91.5
F_hi       5.0  2.0  0.2 |  1.119 |  1.227   -24.1 |  45.5
F_hi       5.0  2.0  0.5 |  0.455 |  1.142   -65.5 |  45.6
F_hi       8.0  0.2  0.2 |  0.847 |  1.269   -45.1 |  66.1  <-- outside 0.95-1.05
F_hi       8.0  0.2  0.5 | -0.102 |  0.185  -127.4 |  94.2  <-- outside 0.95-1.05
F_hi       8.0  0.3  0.2 |  1.011 |  1.271   -36.6 |  55.9
F_hi       8.0  0.3  0.5 | -0.232 |  0.611  -112.0 |  75.0  <-- outside 0.95-1.05
F_hi       8.0  0.5  0.2 |  1.107 |  1.205   -24.5 |  41.0  <-- outside 0.95-1.05
F_hi       8.0  0.5  0.5 |  0.428 |  1.037   -64.8 |  47.7  <-- outside 0.95-1.05
F_hi       8.0  1.0  0.2 |  1.087 |  1.126   -15.5 |  30.6  <-- outside 0.95-1.05
F_hi       8.0  1.0  0.5 |  0.810 |  1.120   -42.4 |  30.5  <-- outside 0.95-1.05
F_hi       8.0  2.0  0.2 |  1.059 |  1.081   -11.4 |  23.5  <-- outside 0.95-1.05
F_hi       8.0  2.0  0.5 |  0.933 |  1.110   -31.4 |  21.5  <-- outside 0.95-1.05
F_hi      10.0  0.2  0.2 |  0.829 |  1.289   -50.7 |  64.0  <-- outside 0.95-1.05
F_hi      10.0  0.2  0.5 | -0.078 |  0.113  -133.2 |  92.9  <-- outside 0.95-1.05
F_hi      10.0  0.3  0.2 |  0.986 |  1.290   -39.6 |  53.3
F_hi      10.0  0.3  0.5 | -0.142 |  0.341  -113.9 |  78.8  <-- outside 0.95-1.05
F_hi      10.0  0.5  0.2 |  1.045 |  1.219   -28.7 |  39.5
F_hi      10.0  0.5  0.5 |  0.257 |  0.979   -74.1 |  45.6  <-- outside 0.95-1.05
F_hi      10.0  1.0  0.2 |  1.094 |  1.151   -17.7 |  27.4  <-- outside 0.95-1.05
F_hi      10.0  1.0  0.5 |  0.701 |  1.127   -50.3 |  28.7  <-- outside 0.95-1.05
F_hi      10.0  2.0  0.2 |  1.068 |  1.103   -13.0 |  22.0  <-- outside 0.95-1.05
F_hi      10.0  2.0  0.5 |  0.878 |  1.133   -37.8 |  18.8  <-- outside 0.95-1.05
F_hi      12.5  0.2  0.2 |  0.877 |  1.253   -48.3 |  60.7  <-- outside 0.95-1.05
F_hi      12.5  0.2  0.5 |  0.002 |  0.201   -92.9 |  85.2  <-- outside 0.95-1.05
F_hi      12.5  0.3  0.2 |  0.973 |  1.231   -36.4 |  52.0
F_hi      12.5  0.3  0.5 | -0.199 |  0.554  -109.1 |  55.3  <-- outside 0.95-1.05
F_hi      12.5  0.5  0.2 |  1.083 |  1.175   -23.9 |  37.6  <-- outside 0.95-1.05
F_hi      12.5  0.5  0.5 |  0.323 |  1.001   -70.1 |  38.5  <-- outside 0.95-1.05
F_hi      12.5  1.0  0.2 |  1.084 |  1.134   -16.9 |  24.3  <-- outside 0.95-1.05
F_hi      12.5  1.0  0.5 |  0.687 |  1.101   -50.0 |  24.1  <-- outside 0.95-1.05
F_hi      12.5  2.0  0.2 |  1.061 |  1.092   -13.1 |  18.7  <-- outside 0.95-1.05
F_hi      12.5  2.0  0.5 |  0.824 |  1.100   -40.0 |  15.7  <-- outside 0.95-1.05
F_hi      19.0  0.2  0.2 |  0.979 |  1.019   -20.9 |  58.1
F_hi      19.0  0.2  0.5 |  0.762 |  0.976   -40.2 |  39.5  <-- outside 0.95-1.05
F_hi      19.0  0.3  0.2 |  1.007 |  1.039   -16.3 |  39.7
F_hi      19.0  0.3  0.5 |  0.834 |  1.014   -34.9 |  23.3  <-- outside 0.95-1.05
F_hi      19.0  0.5  0.2 |  1.011 |  1.028   -12.7 |  23.7
F_hi      19.0  0.5  0.5 |  0.878 |  1.027   -30.3 |  15.8  <-- outside 0.95-1.05
F_hi      19.0  1.0  0.2 |  1.004 |  1.022   -10.5 |  13.6
F_hi      19.0  1.0  0.5 |  0.904 |  1.027   -26.5 |   9.6  <-- outside 0.95-1.05
F_hi      19.0  2.0  0.2 |  0.999 |  1.016    -9.5 |   8.3
F_hi      19.0  2.0  0.5 |  0.910 |  1.015   -24.7 |   6.0  <-- outside 0.95-1.05
F_hi      26.0  0.2  0.2 |  1.013 |  1.218   -13.7 |  12.1
F_hi      26.0  0.2  0.5 |  0.908 |  1.223   -33.0 |   5.9  <-- outside 0.95-1.05
F_hi      26.0  0.3  0.2 |  1.034 |  1.160   -10.2 |   4.7
F_hi      26.0  0.3  0.5 |  0.972 |  1.191   -28.9 |   8.1
F_hi      26.0  0.5  0.2 |  1.038 |  1.093    -8.2 |   4.2
F_hi      26.0  0.5  0.5 |  0.995 |  1.139   -25.5 |   4.6
F_hi      26.0  1.0  0.2 |  1.033 |  1.046    -6.8 |   4.9
F_hi      26.0  1.0  0.5 |  1.006 |  1.106   -23.0 |   4.8
F_hi      26.0  2.0  0.2 |  1.024 |  1.034    -6.9 |   5.6
F_hi      26.0  2.0  0.5 |  1.005 |  1.098   -22.0 |   2.6
F_hi      30.0  0.2  0.2 |  1.019 |  1.223   -12.8 |   6.8
F_hi      30.0  0.2  0.5 |  0.943 |  1.235   -31.4 |   7.1  <-- outside 0.95-1.05
F_hi      30.0  0.3  0.2 |  1.036 |  1.156    -9.9 |   4.1
F_hi      30.0  0.3  0.5 |  0.981 |  1.192   -28.3 |   7.9
F_hi      30.0  0.5  0.2 |  1.040 |  1.089    -7.8 |   4.4
F_hi      30.0  0.5  0.5 |  1.014 |  1.141   -24.5 |   5.2
F_hi      30.0  1.0  0.2 |  1.035 |  1.049    -6.6 |   6.2
F_hi      30.0  1.0  0.5 |  1.018 |  1.118   -22.6 |   4.8
F_hi      30.0  2.0  0.2 |  1.027 |  1.035    -6.5 |   5.9
F_hi      30.0  2.0  0.5 |  1.018 |  1.108   -21.5 |   2.8
J_hi       5.0  0.2  0.2 |  0.398 |  1.378   -73.4 |  80.2
J_hi       5.0  0.2  0.5 |  0.004 |  0.149   -93.2 |  89.5
J_hi       5.0  0.3  0.2 |  0.844 |  1.398   -52.6 |  72.9
J_hi       5.0  0.3  0.5 | -0.182 |  0.209  -146.3 |  88.4
J_hi       5.0  0.5  0.2 |  0.927 |  1.209   -40.0 |  63.9
J_hi       5.0  0.5  0.5 | -0.301 |  0.839  -110.0 |  58.2
J_hi       5.0  1.0  0.2 |  1.153 |  1.216   -19.8 |  36.4
J_hi       5.0  1.0  0.5 |  0.721 |  1.352   -56.4 |  38.1
J_hi       5.0  2.0  0.2 |  1.120 |  1.149   -13.1 |  28.8
J_hi       5.0  2.0  0.5 |  1.012 |  1.325   -38.7 |  25.1
J_hi       8.0  0.2  0.2 |  0.931 |  1.087   -33.7 |  61.2  <-- outside 0.95-1.05
J_hi       8.0  0.2  0.5 | -0.011 |  0.957   -90.5 |  52.0  <-- outside 0.95-1.05
J_hi       8.0  0.3  0.2 |  1.031 |  1.214   -27.2 |  40.5
J_hi       8.0  0.3  0.5 |  0.511 |  1.148   -62.0 |  39.0  <-- outside 0.95-1.05
J_hi       8.0  0.5  0.2 |  1.071 |  1.151   -18.6 |  31.2  <-- outside 0.95-1.05
J_hi       8.0  0.5  0.5 |  0.785 |  1.165   -46.2 |  29.7  <-- outside 0.95-1.05
J_hi       8.0  1.0  0.2 |  1.059 |  1.088   -12.8 |  21.2  <-- outside 0.95-1.05
J_hi       8.0  1.0  0.5 |  0.922 |  1.134   -34.6 |  19.2  <-- outside 0.95-1.05
J_hi       8.0  2.0  0.2 |  1.032 |  1.050   -10.6 |  16.1
J_hi       8.0  2.0  0.5 |  0.951 |  1.109   -29.2 |  11.0
J_hi      10.0  0.2  0.2 |  1.049 |  1.282   -34.8 |  54.3
J_hi      10.0  0.2  0.5 | -0.127 |  0.828   -97.9 |  53.9  <-- outside 0.95-1.05
J_hi      10.0  0.3  0.2 |  1.015 |  1.226   -29.7 |  41.1
J_hi      10.0  0.3  0.5 |  0.406 |  1.141   -68.0 |  40.1  <-- outside 0.95-1.05
J_hi      10.0  0.5  0.2 |  1.076 |  1.162   -19.5 |  32.9  <-- outside 0.95-1.05
J_hi      10.0  0.5  0.5 |  0.779 |  1.182   -48.5 |  29.8  <-- outside 0.95-1.05
J_hi      10.0  1.0  0.2 |  1.067 |  1.100   -13.4 |  20.7  <-- outside 0.95-1.05
J_hi      10.0  1.0  0.5 |  0.907 |  1.162   -37.2 |  20.4  <-- outside 0.95-1.05
J_hi      10.0  2.0  0.2 |  1.041 |  1.062   -11.0 |  15.5
J_hi      10.0  2.0  0.5 |  0.960 |  1.131   -30.6 |  10.8
J_hi      12.5  0.2  0.2 |  0.916 |  1.225   -34.8 |  51.9  <-- outside 0.95-1.05
J_hi      12.5  0.2  0.5 |  0.109 |  1.022   -82.8 |  45.6  <-- outside 0.95-1.05
J_hi      12.5  0.3  0.2 |  1.008 |  1.198   -26.3 |  40.1
J_hi      12.5  0.3  0.5 |  0.507 |  1.142   -62.2 |  35.5  <-- outside 0.95-1.05
J_hi      12.5  0.5  0.2 |  1.057 |  1.141   -18.2 |  27.4  <-- outside 0.95-1.05
J_hi      12.5  0.5  0.5 |  0.781 |  1.165   -46.5 |  26.6  <-- outside 0.95-1.05
J_hi      12.5  1.0  0.2 |  1.060 |  1.085   -12.5 |  20.5  <-- outside 0.95-1.05
J_hi      12.5  1.0  0.5 |  0.903 |  1.137   -36.0 |  17.7  <-- outside 0.95-1.05
J_hi      12.5  2.0  0.2 |  1.037 |  1.057   -10.7 |  13.3
J_hi      12.5  2.0  0.5 |  0.939 |  1.107   -30.5 |   9.8  <-- outside 0.95-1.05
J_hi      19.0  0.2  0.2 |  0.959 |  1.032   -17.6 |  60.6
J_hi      19.0  0.2  0.5 |  0.840 |  1.011   -32.6 |  29.9  <-- outside 0.95-1.05
J_hi      19.0  0.3  0.2 |  0.989 |  1.038   -14.0 |  39.7
J_hi      19.0  0.3  0.5 |  0.880 |  1.017   -28.9 |  20.0  <-- outside 0.95-1.05
J_hi      19.0  0.5  0.2 |  0.998 |  1.023   -11.4 |  22.2
J_hi      19.0  0.5  0.5 |  0.909 |  1.024   -25.9 |  12.9  <-- outside 0.95-1.05
J_hi      19.0  1.0  0.2 |  0.996 |  1.013    -9.7 |  13.2
J_hi      19.0  1.0  0.5 |  0.922 |  1.021   -23.7 |   6.2  <-- outside 0.95-1.05
J_hi      19.0  2.0  0.2 |  0.994 |  1.009    -8.9 |   6.0
J_hi      19.0  2.0  0.5 |  0.927 |  1.015   -22.4 |   2.6  <-- outside 0.95-1.05
J_hi      26.0  0.2  0.2 |  1.000 |  1.202   -10.6 |   5.7
J_hi      26.0  0.2  0.5 |  0.968 |  1.237   -28.1 |   2.5
J_hi      26.0  0.3  0.2 |  1.019 |  1.137    -8.7 |   3.6
J_hi      26.0  0.3  0.5 |  0.994 |  1.183   -25.7 |   3.0
J_hi      26.0  0.5  0.2 |  1.026 |  1.085    -7.5 |   4.4
J_hi      26.0  0.5  0.5 |  1.006 |  1.126   -23.8 |   2.8
J_hi      26.0  1.0  0.2 |  1.026 |  1.046    -6.8 |   3.8
J_hi      26.0  1.0  0.5 |  1.012 |  1.108   -22.4 |   1.2
J_hi      26.0  2.0  0.2 |  1.021 |  1.031    -6.9 |   2.4
J_hi      26.0  2.0  0.5 |  1.011 |  1.104   -21.9 |   0.2
J_hi      30.0  0.2  0.2 |  1.005 |  1.214    -9.9 |   5.0
J_hi      30.0  0.2  0.5 |  0.974 |  1.252   -28.1 |   2.4
J_hi      30.0  0.3  0.2 |  1.022 |  1.141    -8.2 |   1.7
J_hi      30.0  0.3  0.5 |  1.001 |  1.186   -25.5 |   2.5
J_hi      30.0  0.5  0.2 |  1.029 |  1.083    -7.2 |   3.1
J_hi      30.0  0.5  0.5 |  1.019 |  1.132   -23.3 |   3.6
J_hi      30.0  1.0  0.2 |  1.028 |  1.047    -6.7 |   4.2
J_hi      30.0  1.0  0.5 |  1.022 |  1.123   -22.4 |   1.0
J_hi      30.0  2.0  0.2 |  1.024 |  1.033    -6.7 |   2.4
J_hi      30.0  2.0  0.5 |  1.024 |  1.119   -21.8 |   0.4
