# RE-RUN on C1 of analysis-2020accord\studies\angle_loop\refute_friction\expH2_bc_ramps_amp.py   (C1 table [(714, 557, 334), (1843, 649, 0), (2765, 649, 4537), (3917, 1925, 571), (6198, 2243, 0), (65535, 2243, 0)], Kp_base 225, Ki_base 100, Kd 16, freeze |tq|>512 + ramp)
SLOW RAMPS, world bc:  v  rate | dj events  max snap
     8.0 0.25 |   5   0.30
     8.0 0.50 |   1   0.43
     8.0 1.00 |   0   0.00
     8.0 2.00 |   0   0.00
    10.0 0.25 |   2   0.41
    10.0 0.50 |   1   0.55
    10.0 1.00 |   0   0.00
    10.0 2.00 |   0   0.00
    12.5 0.25 |   2   0.36
    12.5 0.50 |   2   0.50
    12.5 1.00 |   0   0.00
    12.5 2.00 |   0   0.00
    15.0 0.25 |   1   0.21
    15.0 0.50 |   0   0.00
    15.0 1.00 |   0   0.00
    15.0 2.00 |   0   0.00
    19.0 0.25 |   0   0.00
    19.0 0.50 |   0   0.00
    19.0 1.00 |   0   0.00
    19.0 2.00 |   0   0.00
    26.0 0.25 |   0   0.00
    26.0 0.50 |   0   0.00
    26.0 1.00 |   0   0.00
    26.0 2.00 |   0   0.00
SMALL AMPLITUDE, world bc:  v  amp  f | tracking gain (harness definition)
     8.0  0.3  0.2 |  1.018
     8.0  0.3  0.5 |  0.398  <-- outside
     8.0  0.5  0.2 |  1.067  <-- outside
     8.0  0.5  0.5 |  0.704  <-- outside
     8.0  1.0  0.2 |  1.051  <-- outside
     8.0  1.0  0.5 |  0.886  <-- outside
     8.0  2.0  0.2 |  1.032
     8.0  2.0  0.5 |  0.946  <-- outside
    12.5  0.3  0.2 |  0.924  <-- outside
    12.5  0.3  0.5 | -0.099  <-- outside
    12.5  0.5  0.2 |  1.018
    12.5  0.5  0.5 |  0.484  <-- outside
    12.5  1.0  0.2 |  1.048
    12.5  1.0  0.5 |  0.770  <-- outside
    12.5  2.0  0.2 |  1.031
    12.5  2.0  0.5 |  0.859  <-- outside
    19.0  0.3  0.2 |  0.992
    19.0  0.3  0.5 |  0.870  <-- outside
    19.0  0.5  0.2 |  0.998
    19.0  0.5  0.5 |  0.887  <-- outside
    19.0  1.0  0.2 |  0.988
    19.0  1.0  0.5 |  0.884  <-- outside
    19.0  2.0  0.2 |  0.981
    19.0  2.0  0.5 |  0.892  <-- outside
    26.0  0.3  0.2 |  1.004
    26.0  0.3  0.5 |  0.960
    26.0  0.5  0.2 |  1.012
    26.0  0.5  0.5 |  0.970
    26.0  1.0  0.2 |  1.008
    26.0  1.0  0.5 |  0.966
    26.0  2.0  0.2 |  1.001
    26.0  2.0  0.5 |  0.966
