# RE-RUN on C1 of analysis-2020accord\studies\angle_loop\refute_friction\expH_biascorrected.py   (C1 table [(714, 557, 334), (1843, 649, 0), (2765, 649, 4537), (3917, 1925, 571), (6198, 2243, 0), (65535, 2243, 0)], Kp_base 225, Ki_base 100, Kd 16, freeze |tq|>512 + ramp)
member  v   | tg0.2  tg0.5 | hold  | ssm ev  s02 ev  s05 ev  rh slips st slips | max snap | T_hf hold  T_hf sin | hunt p2p
nominal   8.0 | 1.006 0.974 | 1.000 |   0   0   0   0   0 |  0.00 |   0.6   0.9 |  0.62
nominal  12.5 | 1.018 0.895 | 0.996 |   0   0   0   2   1 |  0.00 |   0.6   0.8 |  0.39
nominal  19.0 | 0.986 0.915 | 1.009 |   0   0   0   0   0 |  0.00 |   0.8   2.1 |  0.01
nominal  26.0 | 1.020 1.008 | 1.011 |   0   0   0   0   0 |  0.00 |   0.6   2.4 |  0.04
nominal  30.0 | 1.021 1.025 | 1.014 |   0   0   0   0   0 |  0.00 |   0.6   2.8 |  0.02
bc        8.0 | 0.998 0.962 | 1.001 |   0   0   0   1   1 |  0.00 |   0.6   1.0 |  0.31
bc       12.5 | 1.006 0.894 | 1.004 |   0   0   0   0   0 |  0.00 |   0.4   0.9 |  0.00
bc       19.0 | 0.977 0.894 | 0.992 |   0   0   0   0   0 |  0.00 |   0.6   2.2 |  0.09
bc       26.0 | 1.005 0.971 | 0.998 |   0   0   0   0   0 |  0.00 |   0.3   2.4 |  0.00
bc       30.0 | 1.004 0.974 | 1.005 |   0   0   0   0   0 |  0.00 |   0.3   2.8 |  0.00
