design v(m/s) theta_op loop | nominal: PM GMup Ms fc(Hz) | worst credible member (frame nom, e 0): PM GMup Ms
V298      3.10      0 PID |  83.7  23.2 1.24  1.81 | J_hi          66.5  28.1 1.20
V298      3.10      0 PD  |  88.1  23.2 1.24  2.11 | b_lo          70.4  21.4 1.35
V298      3.10    360 PID |  78.6  23.2 1.24  1.72 | J_hi          58.6  28.1 1.20
V298      3.10    360 PD  |  84.9  23.2 1.24  2.02 | b_lo          68.9  21.4 1.35
V298      5.00      0 PID |  84.8  23.2 1.24  1.94 | J_hi          68.7  27.7 1.22
V298      5.00      0 PD  |  88.2  23.1 1.25  2.22 | b_lo          69.4  21.2 1.36
V298      5.00    208 PID |  76.4  23.2 1.24  1.81 | J_hi          57.2  27.8 1.23
V298      5.00    208 PD  |  82.6  23.0 1.25  2.09 | b_lo          66.7  21.3 1.36
V298      8.00      0 PID |  85.9  23.0 1.25  2.11 | b_lo          67.7  21.1 1.38
V298      8.00      0 PD  |  88.3  23.0 1.26  2.38 | b_lo          68.0  21.0 1.38
V298      8.00     81 PID |  74.6  23.1 1.25  1.95 | J_hi          56.2  27.3 1.28
V298      8.00     81 PD  |  80.3  22.9 1.26  2.20 | b_lo          64.0  21.1 1.39
V298     11.75      0 PID |  92.3  27.7 1.10  0.36 | b_lo*ms_free  50.5  38.4 1.39
V298     11.75      0 PD  | 172.2  27.7 1.10  0.09 | b_lo*ms_free  64.9  38.4 1.22
V298     11.75     38 PID |  68.7  27.7 1.10  0.44 | ms_free       36.3  39.0 1.64
V298     11.75     38 PD  | 122.3  27.7 1.10  0.45 | b_lo*ms_free  55.2  38.4 1.27
V298     17.50      0 PID |  95.5  33.3 1.04  0.26 | b_q*ms_free   55.4  35.1 1.46
V298     17.50      0 PD  |   inf  33.3 1.04   nan | b_q*ms_free   62.3  35.0 1.34
V298     17.50     17 PID |  81.4  33.2 1.04  0.37 | b_q*ms_free   41.5  35.1 1.67
V298     17.50     17 PD  | 159.9  33.2 1.04  0.14 | b_q*ms_free   55.2  35.1 1.39
V298     26.90      0 PID |  79.9  34.9 1.04  0.58 | b_q*J1.0      50.8  27.9 1.60
V298     26.90      0 PD  | 125.3  34.9 1.04  0.48 | b_q*J1.0      60.9  27.9 1.46
V298     26.90      7 PID |  76.8  34.9 1.04  0.60 | b_q*J1.0      48.1  27.9 1.63
V298     26.90      7 PD  | 120.3  34.9 1.04  0.51 | b_q*J1.0      59.0  28.0 1.47
G0-1400   3.10      0 PID |  76.3  22.8 1.26  2.04 | J_hi          60.2  27.4 1.26
G0-1400   3.10      0 PD  |  80.6  22.8 1.27  2.30 | b_lo          63.7  20.9 1.40
G0-1400   3.10    360 PID |  72.3  22.9 1.26  1.95 | J_hi          54.1  27.5 1.26
G0-1400   3.10    360 PD  |  77.9  22.7 1.27  2.22 | b_lo          62.3  20.9 1.40
G0-1400   5.00      0 PID |  80.0  22.8 1.26  2.08 | J_hi          64.2  27.4 1.26
G0-1400   5.00      0 PD  |  83.5  22.8 1.26  2.34 | b_lo          65.3  20.9 1.39
G0-1400   5.00    208 PID |  72.7  22.9 1.26  1.94 | J_hi          54.3  27.5 1.27
G0-1400   5.00    208 PD  |  78.5  22.8 1.26  2.20 | b_lo          62.8  20.9 1.39
G0-1400   8.00      0 PID |  85.8  23.0 1.25  2.11 | b_lo          67.6  21.1 1.38
G0-1400   8.00      0 PD  |  88.3  23.0 1.26  2.38 | b_lo          68.0  21.0 1.38
G0-1400   8.00     81 PID |  74.5  23.1 1.25  1.95 | J_hi          56.2  27.3 1.28
G0-1400   8.00     81 PD  |  80.3  22.9 1.26  2.21 | b_lo          64.0  20.9 1.39
G0-1400  11.75      0 PID |  92.3  27.7 1.10  0.36 | b_lo*ms_free  50.5  38.4 1.39
G0-1400  11.75      0 PD  | 172.2  27.7 1.10  0.09 | b_lo*ms_free  64.9  38.4 1.22
G0-1400  11.75     38 PID |  68.7  27.7 1.10  0.44 | ms_free       36.3  39.0 1.64
G0-1400  11.75     38 PD  | 122.3  27.7 1.10  0.45 | b_lo*ms_free  55.2  38.4 1.27
G0-1400  17.50      0 PID |  95.5  33.3 1.04  0.26 | b_q*ms_free   55.4  35.1 1.46
G0-1400  17.50      0 PD  |   inf  33.3 1.04   nan | b_q*ms_free   62.3  35.0 1.34
G0-1400  17.50     17 PID |  81.4  33.2 1.04  0.37 | b_q*ms_free   41.5  35.1 1.67
G0-1400  17.50     17 PD  | 159.9  33.2 1.04  0.14 | b_q*ms_free   55.2  35.1 1.39
G0-1400  26.90      0 PID |  79.9  34.9 1.04  0.58 | b_q*J1.0      50.8  27.9 1.60
G0-1400  26.90      0 PD  | 125.3  34.9 1.04  0.48 | b_q*J1.0      60.9  27.9 1.46
G0-1400  26.90      7 PID |  76.8  34.9 1.04  0.60 | b_q*J1.0      48.1  27.9 1.63
G0-1400  26.90      7 PD  | 120.3  34.9 1.04  0.51 | b_q*J1.0      59.0  28.0 1.47
wall 3.2 s