rec R1.3_8_100 (0, 8, 54, 100, 208) (1248, 1248, 1104, 960, 960)
idx  wire   T_V294  T_rec  ratio  slope_V294  slope_rec (T/wire)  ratio  Kp   K_alpha(T per deg/s^2)  trim cap T
  1    16       9     12  1.333   0.641       0.834              1.30  1248   0.273   800
  3    48      30     40  1.333   0.631       0.817              1.29  1248   0.273   800
  6    97      61     80  1.311   0.633       0.815              1.29  1248   0.273   800
  8   129      81    105  1.296   0.640       0.814              1.27  1248   0.273   800
 10   161     102    133  1.304   0.643       0.810              1.26  1242   0.272   796
 14   226     143    184  1.287   0.636       0.783              1.23  1230   0.269   789
 18   290     184    233  1.266   0.636       0.764              1.20  1217   0.266   780
 25   403     256    319  1.246   0.643       0.748              1.16  1195   0.261   766
 34   548     350    426  1.217   0.643       0.709              1.10  1167   0.255   748
 43   693     444    527  1.187   0.640       0.674              1.05  1139   0.249   730
 50   806     516    600  1.163   0.643       0.647              1.01  1117   0.244   716
 57   919     588    671  1.141   0.643       0.612              0.95  1095   0.240   702
 65  1048     670    746  1.113   0.636       0.570              0.90  1070   0.234   686
 75  1209     773    837  1.083   0.643       0.539              0.84  1039   0.227   666
 92  1484     949    974  1.026   0.643       0.465              0.72   986   0.216   632
100  1613    1033   1033  1.000   0.640       0.543              0.85   960   0.210   616
120  1935    1237   1237  1.000   0.640       0.640              1.00   960   0.210   616
150  2419    1547   1547  1.000   0.643       0.643              1.00   960   0.210   616
184  2967    1901   1901  1.000   0.643       0.643              1.00   960   0.210   616
200  3225    2067   2067  1.000   0.640       0.640              1.00   960   0.210   616
238  3838    2459   2459  1.000   0.521       0.521              1.00   960   0.210   616
240  3870    2461   2461  1.000   0.504       0.504              1.00   960   0.210   616
largest static increase: +85 T at idx 51 (wire 822); rail both 2461/2461; first rail idx V294 239 rec 239
relay torque: 45 wire counts -> idx 3 -> T V294 30, rec 40
