
V294        Kp X (0, 68, 112, 136, 208) Y (960, 960, 960, 960, 960) | map Y (0, 52, 86, 103, 138, 275, 413, 550, 688, 1032)
   monotone True (min step 0)  rail 2461 first at idx 239  problems []
   idx           0      1      3      6     10     14     18     25     34     50     65     75    100    150    200
   T             0      9     30     61    102    143    184    256    350    516    670    773   1033   1547   2067
   ratio       nan   1.00   1.00   1.00   1.00   1.00   1.00   1.00   1.00   1.00   1.00   1.00   1.00   1.00   1.00
   slope/V294  1.00  1.00  1.00  1.00  1.00  1.00  1.00  1.00  1.00  1.00  1.00  1.00  1.00  1.00  1.00
   Kp(idx)     960    960    960    960    960    960    960    960    960    960    960    960    960    960    960
   trim cap T at idx (C*Kp/256 through the chain, T counts): 616 616 616 616

g1.2        Kp X (0, 68, 112, 136, 208) Y (1152, 1152, 1152, 1152, 1152) | map Y (0, 52, 86, 103, 138, 275, 413, 550, 688, 1032)
   monotone True (min step 0)  rail 2461 first at idx 199  problems []
   idx           0      1      3      6     10     14     18     25     34     50     65     75    100    150    200
   T             0     11     36     74    123    172    221    308    420    619    804    928   1240   1857   2461
   ratio       nan   1.22   1.20   1.21   1.21   1.20   1.20   1.20   1.20   1.20   1.20   1.20   1.20   1.20   1.19
   slope/V294  1.20  1.19  1.21  1.20  1.20  1.20  1.20  1.20  1.20  1.20  1.20  1.20  1.21  1.20  0.50
   Kp(idx)    1152   1152   1152   1152   1152   1152   1152   1152   1152   1152   1152   1152   1152   1152   1152
   trim cap T at idx (C*Kp/256 through the chain, T counts): 739 739 739 739

g1.3        Kp X (0, 68, 112, 136, 208) Y (1248, 1248, 1248, 1248, 1248) | map Y (0, 52, 86, 103, 138, 275, 413, 550, 688, 1032)
   monotone True (min step 0)  rail 2461 first at idx 184  problems []
   idx           0      1      3      6     10     14     18     25     34     50     65     75    100    150    200
   T             0     12     40     80    133    186    240    333    455    671    871   1005   1343   2012   2461
   ratio       nan   1.33   1.33   1.31   1.30   1.30   1.30   1.30   1.30   1.30   1.30   1.30   1.30   1.30   1.19
   slope/V294  1.30  1.30  1.30  1.30  1.30  1.30  1.30  1.30  1.30  1.30  1.29  1.30  1.30  1.30  0.00
   Kp(idx)    1248   1248   1248   1248   1248   1248   1248   1248   1248   1248   1248   1248   1248   1248   1248
   trim cap T at idx (C*Kp/256 through the chain, T counts): 800 800 800 800

g1.4        Kp X (0, 68, 112, 136, 208) Y (1344, 1344, 1344, 1344, 1344) | map Y (0, 52, 86, 103, 138, 275, 413, 550, 688, 1032)
   monotone True (min step 0)  rail 2461 first at idx 171  problems []
   idx           0      1      3      6     10     14     18     25     34     50     65     75    100    150    200
   T             0     13     43     86    144    201    258    359    491    723    938   1083   1446   2167   2461
   ratio       nan   1.44   1.43   1.41   1.41   1.41   1.40   1.40   1.40   1.40   1.40   1.40   1.40   1.40   1.19
   slope/V294  1.40  1.40  1.40  1.41  1.40  1.40  1.39  1.40  1.40  1.40  1.39  1.40  1.41  1.40  0.00
   Kp(idx)    1344   1344   1344   1344   1344   1344   1344   1344   1344   1344   1344   1344   1344   1344   1344
   trim cap T at idx (C*Kp/256 through the chain, T counts): 862 862 862 862

K-regress   Kp X (0, 12, 32, 96, 208) Y (1248, 1248, 1104, 1008, 960) | map Y (0, 52, 86, 103, 138, 275, 413, 550, 688, 1032)
   monotone True (min step 0)  rail 2461 first at idx 239  problems []
   idx           0      1      3      6     10     14     18     25     34     50     65     75    100    150    200
   T             0     12     40     80    133    184    231    309    401    579    736    838   1083   1588   2075
   ratio       nan   1.33   1.33   1.31   1.30   1.29   1.26   1.21   1.15   1.12   1.10   1.08   1.05   1.03   1.00
   slope/V294  1.30  1.30  1.30  1.29  1.25  1.20  1.13  1.03  1.04  1.04  0.99  0.96  0.98  0.96  0.92
   Kp(idx)    1248   1248   1248   1248   1248   1234   1205   1155   1101   1077   1055   1040   1007    985    964
   trim cap T at idx (C*Kp/256 through the chain, T counts): 800 800 773 691

K-mid       Kp X (0, 20, 40, 64, 208) Y (1152, 1248, 1248, 1152, 1008) | map Y (0, 52, 86, 103, 138, 275, 413, 550, 688, 1032)
   monotone True (min step 0)  rail 2461 first at idx 227  problems []
   idx           0      1      3      6     10     14     18     25     34     50     65     75    100    150    200
   T             0     11     37     76    128    182    238    333    455    649    803    919   1201   1718   2187
   ratio       nan   1.22   1.23   1.25   1.25   1.27   1.29   1.30   1.30   1.26   1.20   1.19   1.16   1.11   1.06
   slope/V294  1.23  1.25  1.26  1.27  1.30  1.32  1.33  1.32  1.28  1.05  1.05  1.11  1.07  0.95  0.85
   Kp(idx)    1152   1156   1166   1180   1200   1219   1238   1248   1248   1208   1151   1141   1116   1066   1016
   trim cap T at idx (C*Kp/256 through the chain, T counts): 739 757 794 775

K-1.3taper  Kp X (0, 24, 48, 96, 208) Y (1248, 1248, 1248, 1104, 1008) | map Y (0, 52, 86, 103, 138, 275, 413, 550, 688, 1032)
   monotone True (min step 0)  rail 2461 first at idx 227  problems []
   idx           0      1      3      6     10     14     18     25     34     50     65     75    100    150    200
   T             0     12     40     80    133    186    240    333    455    668    835    940   1185   1705   2185
   ratio       nan   1.33   1.33   1.31   1.30   1.30   1.30   1.30   1.30   1.29   1.25   1.22   1.15   1.10   1.06
   slope/V294  1.30  1.30  1.30  1.30  1.30  1.30  1.30  1.30  1.30  1.19  1.04  0.98  1.01  0.96  0.88
   Kp(idx)    1248   1248   1248   1248   1248   1248   1248   1248   1248   1242   1197   1167   1101   1058   1015
   trim cap T at idx (C*Kp/256 through the chain, T counts): 800 800 800 796

M-regress   Kp X (0, 68, 112, 136, 208) Y (960, 960, 960, 960, 960) | map Y (0, 83, 117, 134, 169, 306, 444, 581, 719, 1032)
   monotone True (min step 0)  rail 2461 first at idx 238  problems []
   idx           0      1      3      6     10     14     18     25     34     50     65     75    100    150    200
   T             0     14     47     98    165    218    259    331    425    590    744    848   1107   1622   2103
   ratio       nan   1.56   1.57   1.61   1.62   1.52   1.41   1.29   1.21   1.14   1.11   1.10   1.07   1.05   1.02
   slope/V294  1.62  1.59  1.62  1.52  1.38  1.23  1.07  1.00  1.00  1.00  0.99  1.00  1.01  1.00  0.90
   Kp(idx)     960    960    960    960    960    960    960    960    960    960    960    960    960    960    960
   trim cap T at idx (C*Kp/256 through the chain, T counts): 616 616 616 616

M-mid       Kp X (0, 68, 112, 136, 208) Y (960, 960, 960, 960, 960) | map Y (0, 68, 112, 134, 179, 358, 440, 550, 688, 1032)
   monotone True (min step 0)  rail 2461 first at idx 239  problems []
   idx           0      1      3      6     10     14     18     25     34     50     65     75    100    150    200
   T             0     11     40     81    134    189    242    333    456    670    865    927   1088   1547   2067
   ratio       nan   1.22   1.33   1.33   1.31   1.32   1.32   1.30   1.30   1.30   1.29   1.20   1.05   1.00   1.00
   slope/V294  1.32  1.31  1.32  1.32  1.31  1.30  1.30  1.29  1.28  1.31  0.93  0.59  0.76  1.00  1.00
   Kp(idx)     960    960    960    960    960    960    960    960    960    960    960    960    960    960    960
   trim cap T at idx (C*Kp/256 through the chain, T counts): 616 616 616 616

M-x1.3      Kp X (0, 68, 112, 136, 208) Y (960, 960, 960, 960, 960) | map Y (0, 68, 112, 134, 179, 358, 537, 715, 894, 1032)
   monotone True (min step 0)  rail 2461 first at idx 236  problems []
   idx           0      1      3      6     10     14     18     25     34     50     65     75    100    150    200
   T             0     11     40     81    134    189    242    333    456    670    872   1006   1343   2014   2315
   ratio       nan   1.22   1.33   1.33   1.31   1.32   1.32   1.30   1.30   1.30   1.30   1.30   1.30   1.30   1.12
   slope/V294  1.32  1.31  1.32  1.32  1.31  1.30  1.30  1.29  1.28  1.31  1.32  1.30  1.30  1.28  0.39
   Kp(idx)     960    960    960    960    960    960    960    960    960    960    960    960    960    960    960
   trim cap T at idx (C*Kp/256 through the chain, T counts): 616 616 616 616
