d1_linear -- lens dynamics.  V294 image 3143616d5b79bdb7
candidates:
   V294               {}  problems []  class identical
   L6.0               {'lag_a': (992, 986), 'lag_b': (507, 602)}  problems []  class cal-only
   L7.0               {'lag_a': (992, 980), 'lag_b': (507, 697)}  problems []  class cal-only
   L8.0               {'lag_a': (992, 974), 'lag_b': (507, 792)}  problems []  class cal-only
   L9.0               {'lag_a': (992, 968), 'lag_b': (507, 887)}  problems []  class cal-only
   L10.0              {'lag_a': (992, 962), 'lag_b': (507, 982)}  problems []  class cal-only
   L12.0              {'lag_a': (992, 950), 'lag_b': (507, 1172)}  problems []  class cal-only
   L15.0              {'lag_a': (992, 932), 'lag_b': (507, 1457)}  problems []  class cal-only
   D128               {'kd_y': ((0, 0, 0, 0), (128, 128, 128, 128)), 'd_clamp': (0, 10240), 'sum_clamp': (15360, 15240)}  problems []  class cal-only
   D256               {'kd_y': ((0, 0, 0, 0), (256, 256, 256, 256)), 'd_clamp': (0, 10240), 'sum_clamp': (15360, 15240)}  problems []  class cal-only
   D512               {'kd_y': ((0, 0, 0, 0), (512, 512, 512, 512)), 'd_clamp': (0, 10240), 'sum_clamp': (15360, 15240)}  problems []  class cal-only
   D945               {'kd_y': ((0, 0, 0, 0), (945, 945, 945, 945)), 'd_clamp': (0, 10240), 'sum_clamp': (15360, 15240)}  problems []  class cal-only
   A1005_bheld        {'fb_a': (1011, 1005)}  problems []  class cal-only
   A1014_bheld        {'fb_a': (1011, 1014)}  problems []  class cal-only
   A1017_bheld        {'fb_a': (1011, 1017)}  problems []  class cal-only
   A1020_bheld        {'fb_a': (1011, 1020)}  problems []  class cal-only
   A999_Kaheld_b1090  {'fb_a': (1011, 999), 'fb_b': (567, 1090)}  problems []  class cal-only
   A1017_Kaheld_b305  {'fb_a': (1011, 1017), 'fb_b': (567, 305)}  problems []  class cal-only

M1  cmd -> T (tap sign), small-signal at idx 60, x 100 Hz ZOH.  |G| T/wire, phase deg, tau_eq ms = -phase/(2 pi f)
   V294               |G| [0.6398, 0.6307, 0.5975, 0.5521, 0.4551, 0.3397]  ph [-6.6, -13.0, -25.2, -36.1, -53.7, -72.1]  tau_eq [36.4, 36.1, 35.0, 33.4, 29.8, 25.0]  dphase vs V294 [0.0, 0.0, 0.0, 0.0, 0.0, 0.0]
   L6.0               |G| [0.6407, 0.6341, 0.6097, 0.5745, 0.4925, 0.3824]  ph [-5.6, -11.2, -22.0, -31.9, -48.7, -67.5]  tau_eq [31.4, 31.2, 30.5, 29.5, 27.1, 23.4]  dphase vs V294 [0.9, 1.8, 3.2, 4.2, 5.0, 4.7]
   L7.0               |G| [0.6412, 0.6363, 0.6177, 0.5899, 0.5207, 0.4185]  ph [-5.0, -9.9, -19.6, -28.6, -44.6, -63.3]  tau_eq [27.7, 27.6, 27.2, 26.5, 24.8, 22.0]  dphase vs V294 [1.6, 3.1, 5.6, 7.5, 9.1, 8.9]
   L8.0               |G| [0.6416, 0.6377, 0.6231, 0.6007, 0.5422, 0.4488]  ph [-4.5, -9.0, -17.7, -26.0, -41.1, -59.5]  tau_eq [25.0, 24.9, 24.6, 24.1, 22.8, 20.7]  dphase vs V294 [2.1, 4.0, 7.5, 10.1, 12.6, 12.6]
   L9.0               |G| [0.6418, 0.6387, 0.6269, 0.6086, 0.5588, 0.4742]  ph [-4.1, -8.2, -16.2, -23.9, -38.2, -56.2]  tau_eq [22.8, 22.7, 22.5, 22.2, 21.2, 19.5]  dphase vs V294 [2.5, 4.8, 9.0, 12.2, 15.5, 15.9]
   L10.0              |G| [0.642, 0.6395, 0.6297, 0.6145, 0.5718, 0.4954]  ph [-3.8, -7.5, -15.0, -22.2, -35.7, -53.2]  tau_eq [21.0, 21.0, 20.8, 20.6, 19.8, 18.5]  dphase vs V294 [2.8, 5.4, 10.2, 13.9, 18.0, 18.9]
   L12.0              |G| [0.6422, 0.6404, 0.6335, 0.6224, 0.5904, 0.5282]  ph [-3.3, -6.6, -13.1, -19.5, -31.7, -48.2]  tau_eq [18.3, 18.3, 18.2, 18.1, 17.6, 16.8]  dphase vs V294 [3.3, 6.4, 12.1, 16.6, 22.0, 23.9]
   L15.0              |G| [0.6423, 0.6412, 0.6366, 0.6293, 0.6071, 0.5609]  ph [-2.8, -5.6, -11.2, -16.7, -27.5, -42.5]  tau_eq [15.6, 15.6, 15.6, 15.5, 15.3, 14.8]  dphase vs V294 [3.7, 7.4, 14.0, 19.4, 26.2, 29.6]
   D128               |G| [0.6399, 0.6309, 0.5985, 0.5543, 0.4602, 0.3492]  ph [-5.8, -11.5, -22.1, -31.5, -46.1, -60.1]  tau_eq [32.1, 31.8, 30.7, 29.2, 25.6, 20.9]  dphase vs V294 [0.8, 1.5, 3.1, 4.6, 7.6, 12.0]
   D256               |G| [0.6401, 0.6317, 0.6013, 0.56, 0.4731, 0.373]  ph [-5.0, -9.9, -19.1, -27.0, -38.8, -49.1]  tau_eq [27.9, 27.6, 26.5, 25.0, 21.5, 17.1]  dphase vs V294 [1.5, 3.1, 6.1, 9.1, 14.9, 23.0]
   D512               |G| [0.6408, 0.6345, 0.6118, 0.5815, 0.5198, 0.4531]  ph [-3.5, -6.9, -13.1, -18.3, -25.7, -32.1]  tau_eq [19.3, 19.1, 18.2, 17.0, 14.3, 11.2]  dphase vs V294 [3.1, 6.1, 12.1, 17.8, 28.0, 40.0]
   D945               |G| [0.6431, 0.6433, 0.644, 0.6447, 0.6453, 0.6433]  ph [-0.9, -1.8, -3.6, -5.5, -9.4, -15.4]  tau_eq [5.0, 5.0, 5.1, 5.1, 5.2, 5.4]  dphase vs V294 [5.7, 11.2, 21.5, 30.6, 44.3, 56.7]
   A1005_bheld        |G| [0.6398, 0.6307, 0.5975, 0.5521, 0.4551, 0.3397]  ph [-6.6, -13.0, -25.2, -36.1, -53.7, -72.1]  tau_eq [36.4, 36.1, 35.0, 33.4, 29.8, 25.0]  dphase vs V294 [0.0, 0.0, 0.0, 0.0, 0.0, 0.0]
   A1014_bheld        |G| [0.6398, 0.6307, 0.5975, 0.5521, 0.4551, 0.3397]  ph [-6.6, -13.0, -25.2, -36.1, -53.7, -72.1]  tau_eq [36.4, 36.1, 35.0, 33.4, 29.8, 25.0]  dphase vs V294 [0.0, 0.0, 0.0, 0.0, 0.0, 0.0]
   A1017_bheld        |G| [0.6398, 0.6307, 0.5975, 0.5521, 0.4551, 0.3397]  ph [-6.6, -13.0, -25.2, -36.1, -53.7, -72.1]  tau_eq [36.4, 36.1, 35.0, 33.4, 29.8, 25.0]  dphase vs V294 [0.0, 0.0, 0.0, 0.0, 0.0, 0.0]
   A1020_bheld        |G| [0.6398, 0.6307, 0.5975, 0.5521, 0.4551, 0.3397]  ph [-6.6, -13.0, -25.2, -36.1, -53.7, -72.1]  tau_eq [36.4, 36.1, 35.0, 33.4, 29.8, 25.0]  dphase vs V294 [0.0, 0.0, 0.0, 0.0, 0.0, 0.0]
   A999_Kaheld_b1090  |G| [0.6398, 0.6307, 0.5975, 0.5521, 0.4551, 0.3397]  ph [-6.6, -13.0, -25.2, -36.1, -53.7, -72.1]  tau_eq [36.4, 36.1, 35.0, 33.4, 29.8, 25.0]  dphase vs V294 [0.0, 0.0, 0.0, 0.0, 0.0, 0.0]
   A1017_Kaheld_b305  |G| [0.6398, 0.6307, 0.5975, 0.5521, 0.4551, 0.3397]  ph [-6.6, -13.0, -25.2, -36.1, -53.7, -72.1]  tau_eq [36.4, 36.1, 35.0, 33.4, 29.8, 25.0]  dphase vs V294 [0.0, 0.0, 0.0, 0.0, 0.0, 0.0]

M4  trim opposing torque T/omega (T per deg/s): |.| @angle (0 = damping, +90 inertia) and damping component |.|cos
   V294               f [1.0, 2.0, 2.5, 3.0, 4.0, 5.0, 8.0, 13.0, 17.0, 20.0, 25.0]
        |T/w|  [1.16, 1.747, 1.863, 1.907, 1.872, 1.764, 1.385, 0.956, 0.754, 0.648, 0.523]
        angle  [52.1, 22.8, 11.4, 1.8, -13.6, -25.3, -47.8, -66.9, -75.8, -80.8, -87.5]
        damp   [0.713, 1.611, 1.826, 1.906, 1.82, 1.595, 0.931, 0.375, 0.185, 0.103, 0.023]
   L6.0               f [1.0, 2.0, 2.5, 3.0, 4.0, 5.0, 8.0, 13.0, 17.0, 20.0, 25.0]
        |T/w|  [1.166, 1.783, 1.919, 1.985, 1.989, 1.908, 1.559, 1.109, 0.883, 0.763, 0.618]
        angle  [53.8, 26.0, 15.2, 6.0, -8.8, -20.3, -43.1, -63.3, -72.9, -78.3, -85.4]
        damp   [0.688, 1.602, 1.852, 1.974, 1.965, 1.79, 1.138, 0.498, 0.26, 0.155, 0.05]
   L7.0               f [1.0, 2.0, 2.5, 3.0, 4.0, 5.0, 8.0, 13.0, 17.0, 20.0, 25.0]
        |T/w|  [1.17, 1.806, 1.957, 2.038, 2.072, 2.018, 1.707, 1.25, 1.006, 0.873, 0.711]
        angle  [55.1, 28.4, 18.1, 9.3, -5.0, -16.2, -38.9, -59.9, -70.0, -75.8, -83.3]
        damp   [0.669, 1.588, 1.86, 2.011, 2.064, 1.938, 1.328, 0.627, 0.344, 0.215, 0.083]
   L8.0               f [1.0, 2.0, 2.5, 3.0, 4.0, 5.0, 8.0, 13.0, 17.0, 20.0, 25.0]
        |T/w|  [1.173, 1.822, 1.983, 2.075, 2.134, 2.101, 1.83, 1.379, 1.123, 0.979, 0.802]
        angle  [56.1, 30.3, 20.3, 11.9, -1.9, -12.7, -35.2, -56.7, -67.3, -73.3, -81.2]
        damp   [0.654, 1.573, 1.859, 2.031, 2.133, 2.05, 1.496, 0.758, 0.434, 0.281, 0.122]
   L9.0               f [1.0, 2.0, 2.5, 3.0, 4.0, 5.0, 8.0, 13.0, 17.0, 20.0, 25.0]
        |T/w|  [1.175, 1.833, 2.001, 2.102, 2.18, 2.165, 1.934, 1.496, 1.233, 1.081, 0.89]
        angle  [56.9, 31.8, 22.2, 14.0, 0.7, -9.8, -31.9, -53.6, -64.6, -70.9, -79.2]
        damp   [0.642, 1.558, 1.854, 2.04, 2.179, 2.134, 1.642, 0.888, 0.528, 0.353, 0.167]
   L10.0              f [1.0, 2.0, 2.5, 3.0, 4.0, 5.0, 8.0, 13.0, 17.0, 20.0, 25.0]
        |T/w|  [1.176, 1.841, 2.015, 2.123, 2.215, 2.216, 2.02, 1.603, 1.336, 1.178, 0.975]
        angle  [57.5, 33.0, 23.7, 15.7, 2.9, -7.3, -28.9, -50.8, -62.1, -68.6, -77.2]
        damp   [0.632, 1.544, 1.846, 2.043, 2.212, 2.198, 1.769, 1.014, 0.625, 0.429, 0.216]
   L12.0              f [1.0, 2.0, 2.5, 3.0, 4.0, 5.0, 8.0, 13.0, 17.0, 20.0, 25.0]
        |T/w|  [1.178, 1.852, 2.034, 2.15, 2.263, 2.288, 2.154, 1.785, 1.521, 1.356, 1.138]
        angle  [58.5, 34.9, 25.9, 18.4, 6.3, -3.3, -23.9, -45.6, -57.3, -64.2, -73.4]
        damp   [0.616, 1.52, 1.829, 2.04, 2.25, 2.284, 1.969, 1.249, 0.821, 0.59, 0.325]
   L15.0              f [1.0, 2.0, 2.5, 3.0, 4.0, 5.0, 8.0, 13.0, 17.0, 20.0, 25.0]
        |T/w|  [1.179, 1.862, 2.049, 2.174, 2.306, 2.353, 2.287, 1.993, 1.749, 1.586, 1.357]
        angle  [59.5, 36.8, 28.3, 21.2, 9.8, 1.0, -18.2, -39.1, -51.0, -58.2, -68.0]
        damp   [0.599, 1.491, 1.805, 2.027, 2.272, 2.352, 2.173, 1.546, 1.1, 0.835, 0.508]
   D128               f [1.0, 2.0, 2.5, 3.0, 4.0, 5.0, 8.0, 13.0, 17.0, 20.0, 25.0]
        |T/w|  [1.161, 1.75, 1.868, 1.915, 1.886, 1.783, 1.424, 1.025, 0.845, 0.754, 0.652]
        angle  [53.6, 25.9, 15.3, 6.4, -7.5, -17.7, -35.8, -48.0, -51.9, -53.5, -55.1]
        damp   [0.688, 1.575, 1.802, 1.903, 1.87, 1.699, 1.156, 0.687, 0.522, 0.449, 0.373]
   D256               f [1.0, 2.0, 2.5, 3.0, 4.0, 5.0, 8.0, 13.0, 17.0, 20.0, 25.0]
        |T/w|  [1.162, 1.758, 1.882, 1.934, 1.92, 1.833, 1.521, 1.188, 1.047, 0.98, 0.907]
        angle  [55.1, 28.9, 19.1, 10.9, -1.5, -10.3, -24.8, -32.8, -34.9, -35.8, -37.1]
        damp   [0.664, 1.539, 1.778, 1.899, 1.919, 1.803, 1.381, 0.998, 0.859, 0.795, 0.723]
   D512               f [1.0, 2.0, 2.5, 3.0, 4.0, 5.0, 8.0, 13.0, 17.0, 20.0, 25.0]
        |T/w|  [1.167, 1.789, 1.933, 2.009, 2.047, 2.014, 1.848, 1.672, 1.602, 1.57, 1.534]
        angle  [58.2, 34.9, 26.4, 19.6, 9.5, 2.7, -7.8, -14.1, -16.9, -18.8, -21.8]
        damp   [0.615, 1.468, 1.731, 1.892, 2.018, 2.012, 1.831, 1.621, 1.533, 1.486, 1.423]
   D945               f [1.0, 2.0, 2.5, 3.0, 4.0, 5.0, 8.0, 13.0, 17.0, 20.0, 25.0]
        |T/w|  [1.183, 1.883, 2.085, 2.227, 2.403, 2.501, 2.623, 2.675, 2.684, 2.684, 2.678]
        angle  [63.3, 44.3, 37.7, 32.4, 24.5, 19.0, 8.9, -0.2, -5.2, -8.4, -13.2]
        damp   [0.532, 1.347, 1.65, 1.881, 2.186, 2.365, 2.592, 2.675, 2.673, 2.656, 2.608]
   A1005_bheld        f [1.0, 2.0, 2.5, 3.0, 4.0, 5.0, 8.0, 13.0, 17.0, 20.0, 25.0]
        |T/w|  [0.839, 1.392, 1.548, 1.639, 1.689, 1.64, 1.343, 0.946, 0.75, 0.646, 0.523]
        angle  [59.7, 33.5, 22.3, 12.5, -3.8, -16.6, -41.6, -62.9, -72.7, -78.2, -85.3]
        damp   [0.423, 1.161, 1.432, 1.6, 1.685, 1.572, 1.004, 0.431, 0.223, 0.132, 0.043]
   A1014_bheld        f [1.0, 2.0, 2.5, 3.0, 4.0, 5.0, 8.0, 13.0, 17.0, 20.0, 25.0]
        |T/w|  [1.415, 1.961, 2.034, 2.04, 1.954, 1.815, 1.401, 0.96, 0.755, 0.649, 0.523]
        angle  [45.6, 15.3, 4.3, -4.8, -19.2, -30.1, -51.0, -68.9, -77.4, -82.2, -88.5]
        damp   [0.99, 1.891, 2.028, 2.033, 1.845, 1.571, 0.881, 0.345, 0.165, 0.088, 0.013]
   A1017_bheld        f [1.0, 2.0, 2.5, 3.0, 4.0, 5.0, 8.0, 13.0, 17.0, 20.0, 25.0]
        |T/w|  [1.77, 2.18, 2.194, 2.159, 2.02, 1.855, 1.412, 0.962, 0.756, 0.649, 0.523]
        angle  [35.8, 6.0, -4.1, -12.3, -25.3, -35.1, -54.3, -71.0, -79.0, -83.5, -89.6]
        damp   [1.436, 2.169, 2.189, 2.109, 1.827, 1.518, 0.824, 0.313, 0.145, 0.073, 0.004]
   A1020_bheld        f [1.0, 2.0, 2.5, 3.0, 4.0, 5.0, 8.0, 13.0, 17.0, 20.0, 25.0]
        |T/w|  [2.221, 2.368, 2.32, 2.246, 2.066, 1.881, 1.419, 0.962, 0.756, 0.648, 0.522]
        angle  [20.2, -5.4, -13.7, -20.6, -31.7, -40.3, -57.6, -73.1, -80.5, -84.9, -90.7]
        damp   [2.085, 2.358, 2.254, 2.102, 1.758, 1.435, 0.76, 0.281, 0.124, 0.058, -0.006]
   A999_Kaheld_b1090  f [1.0, 2.0, 2.5, 3.0, 4.0, 5.0, 8.0, 13.0, 17.0, 20.0, 25.0]
        |T/w|  [1.252, 2.184, 2.491, 2.702, 2.896, 2.894, 2.481, 1.791, 1.431, 1.237, 1.003]
        angle  [64.0, 40.4, 29.9, 20.3, 4.0, -9.2, -35.9, -59.0, -69.6, -75.5, -83.2]
        damp   [0.549, 1.664, 2.16, 2.533, 2.889, 2.856, 2.01, 0.924, 0.498, 0.309, 0.119]
   A1017_Kaheld_b305  f [1.0, 2.0, 2.5, 3.0, 4.0, 5.0, 8.0, 13.0, 17.0, 20.0, 25.0]
        |T/w|  [0.952, 1.173, 1.18, 1.161, 1.087, 0.998, 0.76, 0.517, 0.407, 0.349, 0.281]
        angle  [35.8, 6.0, -4.1, -12.3, -25.3, -35.1, -54.3, -71.0, -79.0, -83.5, -89.6]
        damp   [0.773, 1.167, 1.177, 1.134, 0.983, 0.816, 0.443, 0.168, 0.078, 0.039, 0.002]

M5  |T/x| (T per x count) at [5.0, 9.0, 13.0, 17.0, 20.0, 23.0, 25.0, 30.0] Hz; ratio vs V294; |P+D/x| at 20 Hz (V294 2.079, V282 44.90)
   V282               |T/x| [3.7, 2.86, 2.335, 1.971, 1.761, 1.587, 1.488, 1.282]
   V294               |T/x| [0.221, 0.16, 0.12, 0.095, 0.082, 0.071, 0.066, 0.055]  xV294 [1.0, 1.0, 1.0, 1.0, 1.0, 1.0, 1.0, 1.0]  |P/x|20 2.079  (x V294 1.00, / V282 0.046)
   L6.0               |T/x| [0.239, 0.182, 0.139, 0.111, 0.096, 0.084, 0.078, 0.066]  xV294 [1.08, 1.14, 1.16, 1.17, 1.18, 1.18, 1.18, 1.18]  |P/x|20 2.079  (x V294 1.00, / V282 0.046)
   L7.0               |T/x| [0.252, 0.2, 0.157, 0.126, 0.11, 0.097, 0.09, 0.076]  xV294 [1.14, 1.25, 1.31, 1.33, 1.35, 1.35, 1.36, 1.37]  |P/x|20 2.079  (x V294 1.00, / V282 0.046)
   L8.0               |T/x| [0.263, 0.216, 0.173, 0.141, 0.123, 0.109, 0.101, 0.086]  xV294 [1.19, 1.35, 1.44, 1.49, 1.51, 1.53, 1.53, 1.55]  |P/x|20 2.079  (x V294 1.00, / V282 0.046)
   L9.0               |T/x| [0.271, 0.23, 0.188, 0.155, 0.136, 0.121, 0.112, 0.095]  xV294 [1.23, 1.44, 1.56, 1.63, 1.67, 1.69, 1.7, 1.72]  |P/x|20 2.079  (x V294 1.00, / V282 0.046)
   L10.0              |T/x| [0.277, 0.242, 0.201, 0.168, 0.148, 0.132, 0.123, 0.105]  xV294 [1.26, 1.51, 1.68, 1.77, 1.82, 1.85, 1.86, 1.89]  |P/x|20 2.079  (x V294 1.00, / V282 0.046)
   L12.0              |T/x| [0.286, 0.261, 0.224, 0.191, 0.171, 0.153, 0.144, 0.123]  xV294 [1.3, 1.63, 1.87, 2.02, 2.09, 2.15, 2.17, 2.23]  |P/x|20 2.079  (x V294 1.00, / V282 0.046)
   L15.0              |T/x| [0.294, 0.28, 0.25, 0.22, 0.199, 0.182, 0.171, 0.149]  xV294 [1.33, 1.75, 2.08, 2.32, 2.45, 2.54, 2.59, 2.69]  |P/x|20 2.079  (x V294 1.00, / V282 0.046)
   D128               |T/x| [0.223, 0.166, 0.128, 0.106, 0.095, 0.087, 0.082, 0.074]  xV294 [1.01, 1.04, 1.07, 1.12, 1.16, 1.21, 1.25, 1.34]  |P/x|20 2.419  (x V294 1.16, / V282 0.054)
   D256               |T/x| [0.229, 0.18, 0.149, 0.131, 0.123, 0.117, 0.114, 0.109]  xV294 [1.04, 1.12, 1.24, 1.39, 1.51, 1.64, 1.73, 1.97]  |P/x|20 3.141  (x V294 1.51, / V282 0.070)
   D512               |T/x| [0.252, 0.225, 0.209, 0.201, 0.197, 0.195, 0.193, 0.191]  xV294 [1.14, 1.41, 1.75, 2.12, 2.42, 2.73, 2.93, 3.45]  |P/x|20 5.034  (x V294 2.42, / V282 0.112)
   D945               |T/x| [0.313, 0.331, 0.335, 0.337, 0.338, 0.338, 0.338, 0.338]  xV294 [1.42, 2.07, 2.8, 3.56, 4.14, 4.73, 5.12, 6.1]  |P/x|20 8.608  (x V294 4.14, / V282 0.192)
   A1005_bheld        |T/x| [0.205, 0.156, 0.119, 0.094, 0.081, 0.071, 0.066, 0.055]  xV294 [0.93, 0.98, 0.99, 0.99, 1.0, 1.0, 1.0, 1.0]  |P/x|20 2.073  (x V294 1.00, / V282 0.046)
   A1014_bheld        |T/x| [0.227, 0.161, 0.12, 0.095, 0.082, 0.071, 0.066, 0.055]  xV294 [1.03, 1.01, 1.0, 1.0, 1.0, 1.0, 1.0, 1.0]  |P/x|20 2.080  (x V294 1.00, / V282 0.046)
   A1017_bheld        |T/x| [0.232, 0.162, 0.121, 0.095, 0.082, 0.071, 0.066, 0.055]  xV294 [1.05, 1.01, 1.01, 1.0, 1.0, 1.0, 1.0, 1.0]  |P/x|20 2.080  (x V294 1.00, / V282 0.046)
   A1020_bheld        |T/x| [0.235, 0.163, 0.121, 0.095, 0.082, 0.071, 0.066, 0.055]  xV294 [1.07, 1.02, 1.01, 1.0, 1.0, 1.0, 1.0, 1.0]  |P/x|20 2.079  (x V294 1.00, / V282 0.046)
   A999_Kaheld_b1090  |T/x| [0.362, 0.291, 0.224, 0.18, 0.155, 0.137, 0.127, 0.106]  xV294 [1.64, 1.82, 1.87, 1.9, 1.91, 1.91, 1.92, 1.92]  |P/x|20 3.965  (x V294 1.91, / V282 0.088)
   A1017_Kaheld_b305  |T/x| [0.125, 0.087, 0.065, 0.051, 0.044, 0.038, 0.035, 0.03]  xV294 [0.57, 0.55, 0.54, 0.54, 0.54, 0.54, 0.54, 0.54]  |P/x|20 1.119  (x V294 0.54, / V282 0.025)

M2  closed-form alpha/cmd (inner trim loop closed): |G| deg/s^2 per count and phase; candidate minus V294
   nominal  v  8.0  V294 |G| [0.107, 0.266, 0.654, 1.067, 1.364, 1.727, 1.636] ph [147.8, 126.8, 86.4, 50.8, 31.3, -2.4, -42.6]
        L6.0               ratio [1.001, 1.003, 1.01, 1.018, 1.024, 1.055, 1.119]  dphase [0.6, 0.9, 1.5, 2.4, 3.4, 5.3, 5.8]
        L7.0               ratio [1.001, 1.004, 1.017, 1.03, 1.041, 1.093, 1.214]  dphase [1.0, 1.6, 2.7, 4.1, 6.0, 9.6, 10.9]
        L8.0               ratio [1.001, 1.006, 1.023, 1.039, 1.052, 1.119, 1.29]  dphase [1.3, 2.1, 3.6, 5.5, 8.0, 13.0, 15.3]
        L9.0               ratio [1.002, 1.006, 1.027, 1.045, 1.06, 1.137, 1.35]  dphase [1.5, 2.5, 4.3, 6.6, 9.6, 15.8, 19.2]
        L10.0              ratio [1.002, 1.007, 1.03, 1.05, 1.066, 1.15, 1.397]  dphase [1.7, 2.9, 4.8, 7.5, 10.9, 18.1, 22.7]
        L12.0              ratio [1.002, 1.008, 1.034, 1.058, 1.074, 1.167, 1.463]  dphase [2.0, 3.4, 5.7, 8.9, 12.9, 21.7, 28.2]
        L15.0              ratio [1.002, 1.009, 1.039, 1.064, 1.08, 1.179, 1.52]  dphase [2.3, 3.9, 6.6, 10.3, 15.0, 25.5, 34.4]
        D128               ratio [1.0, 1.001, 1.005, 1.004, 0.996, 0.985, 1.001]  dphase [0.5, 0.8, 1.4, 2.3, 3.5, 7.0, 12.6]
        D256               ratio [1.001, 1.002, 1.011, 1.01, 0.999, 0.988, 1.042]  dphase [0.9, 1.6, 2.8, 4.6, 7.0, 13.7, 24.1]
        D512               ratio [1.001, 1.006, 1.024, 1.03, 1.02, 1.033, 1.205]  dphase [1.9, 3.2, 5.5, 9.0, 13.6, 25.6, 42.1]
        D945               ratio [1.003, 1.013, 1.055, 1.088, 1.097, 1.186, 1.58]  dphase [3.5, 5.8, 10.1, 15.9, 23.1, 40.1, 60.3]
        A1005_bheld        ratio [0.993, 0.993, 1.043, 1.062, 1.021, 0.98, 0.986]  dphase [0.4, 1.5, 2.3, -1.7, -3.0, -1.6, 0.0]
        A1014_bheld        ratio [1.006, 1.002, 0.959, 0.968, 0.996, 1.014, 1.008]  dphase [-0.5, -1.4, -1.3, 1.8, 2.0, 0.7, -0.1]
        A1017_bheld        ratio [1.016, 0.996, 0.897, 0.94, 1.0, 1.032, 1.015]  dphase [-1.4, -3.8, -2.0, 4.4, 4.2, 1.4, -0.2]
        A1020_bheld        ratio [1.027, 0.953, 0.815, 0.925, 1.014, 1.053, 1.023]  dphase [-3.8, -7.8, -0.6, 8.0, 6.6, 1.9, -0.4]
        A999_Kaheld_b1090  ratio [1.002, 1.01, 1.033, 0.963, 0.89, 0.876, 0.982]  dphase [0.1, 0.2, -1.8, -5.5, -3.8, 3.5, 6.2]
        A1017_Kaheld_b305  ratio [0.996, 0.984, 0.98, 1.085, 1.122, 1.059, 0.986]  dphase [-0.1, 0.0, 3.2, 3.8, -0.2, -4.7, -3.4]
   nominal  v 12.0  V294 |G| [0.075, 0.164, 0.365, 0.644, 0.859, 1.154, 1.25] ph [137.5, 117.0, 86.2, 57.8, 40.3, 10.9, -25.9]
        L6.0               ratio [1.001, 1.002, 1.008, 1.02, 1.032, 1.064, 1.116]  dphase [0.6, 0.9, 1.6, 2.7, 3.6, 5.0, 5.4]
        L7.0               ratio [1.001, 1.004, 1.014, 1.034, 1.054, 1.109, 1.21]  dphase [1.0, 1.6, 2.9, 4.7, 6.4, 9.0, 10.2]
        L8.0               ratio [1.001, 1.005, 1.018, 1.043, 1.069, 1.142, 1.285]  dphase [1.3, 2.1, 3.8, 6.3, 8.6, 12.3, 14.3]
        L9.0               ratio [1.001, 1.005, 1.02, 1.05, 1.08, 1.166, 1.345]  dphase [1.5, 2.5, 4.5, 7.6, 10.3, 15.0, 18.0]
        L10.0              ratio [1.002, 1.006, 1.023, 1.056, 1.089, 1.185, 1.393]  dphase [1.7, 2.8, 5.1, 8.6, 11.7, 17.3, 21.1]
        L12.0              ratio [1.002, 1.007, 1.026, 1.063, 1.101, 1.21, 1.464]  dphase [2.0, 3.3, 6.0, 10.2, 14.0, 20.9, 26.4]
        L15.0              ratio [1.002, 1.007, 1.029, 1.071, 1.111, 1.231, 1.527]  dphase [2.3, 3.8, 6.9, 11.8, 16.3, 24.6, 32.2]
        D128               ratio [1.0, 1.001, 1.003, 1.004, 1.001, 0.996, 1.006]  dphase [0.5, 0.8, 1.5, 2.6, 3.9, 7.0, 12.1]
        D256               ratio [1.0, 1.002, 1.007, 1.011, 1.008, 1.009, 1.052]  dphase [0.9, 1.6, 2.9, 5.2, 7.7, 13.7, 23.2]
        D512               ratio [1.001, 1.004, 1.016, 1.032, 1.04, 1.076, 1.227]  dphase [1.9, 3.1, 5.8, 10.3, 15.0, 25.5, 40.4]
        D945               ratio [1.003, 1.01, 1.039, 1.093, 1.14, 1.272, 1.632]  dphase [3.4, 5.7, 10.6, 18.2, 25.5, 39.8, 57.3]
        A1005_bheld        ratio [0.996, 0.999, 1.024, 1.039, 1.018, 0.991, 0.989]  dphase [0.4, 0.9, 1.3, -0.8, -1.7, -1.2, -0.2]
        A1014_bheld        ratio [1.003, 0.999, 0.977, 0.978, 0.994, 1.007, 1.006]  dphase [-0.4, -0.8, -0.7, 0.9, 1.2, 0.6, 0.0]
        A1017_bheld        ratio [1.008, 0.992, 0.94, 0.958, 0.993, 1.017, 1.012]  dphase [-1.1, -2.3, -1.1, 2.4, 2.6, 1.2, 0.0]
        A1020_bheld        ratio [1.01, 0.96, 0.887, 0.946, 0.999, 1.029, 1.018]  dphase [-2.8, -4.5, -0.3, 4.6, 4.1, 1.6, 0.0]
        A999_Kaheld_b1090  ratio [1.001, 1.006, 1.018, 0.986, 0.935, 0.908, 0.965]  dphase [0.1, 0.0, -1.0, -3.5, -3.1, 1.3, 4.3]
        A1017_Kaheld_b305  ratio [0.997, 0.99, 0.989, 1.045, 1.073, 1.052, 1.003]  dphase [-0.1, 0.1, 1.8, 2.5, 0.6, -2.5, -2.7]
   nominal  v 17.0  V294 |G| [0.026, 0.063, 0.166, 0.334, 0.461, 0.639, 0.753] ph [149.3, 132.3, 102.5, 71.6, 53.0, 25.3, -6.8]
        L6.0               ratio [1.0, 1.002, 1.007, 1.021, 1.037, 1.072, 1.117]  dphase [0.5, 0.9, 1.7, 2.9, 3.8, 4.9, 5.0]
        L7.0               ratio [1.001, 1.003, 1.011, 1.036, 1.063, 1.125, 1.214]  dphase [0.9, 1.6, 3.0, 5.2, 6.8, 8.8, 9.4]
        L8.0               ratio [1.001, 1.003, 1.015, 1.046, 1.082, 1.165, 1.293]  dphase [1.2, 2.1, 4.0, 6.9, 9.1, 12.1, 13.3]
        L9.0               ratio [1.001, 1.004, 1.017, 1.053, 1.095, 1.195, 1.357]  dphase [1.5, 2.5, 4.7, 8.3, 11.0, 14.8, 16.7]
        L10.0              ratio [1.001, 1.004, 1.019, 1.059, 1.105, 1.219, 1.41]  dphase [1.7, 2.8, 5.4, 9.4, 12.6, 17.2, 19.7]
        L12.0              ratio [1.001, 1.005, 1.021, 1.066, 1.12, 1.252, 1.489]  dphase [2.0, 3.3, 6.3, 11.1, 15.0, 20.8, 24.7]
        L15.0              ratio [1.001, 1.005, 1.023, 1.073, 1.132, 1.282, 1.565]  dphase [2.3, 3.8, 7.3, 12.9, 17.5, 24.7, 30.2]
        D128               ratio [1.0, 1.0, 1.002, 1.004, 1.004, 1.004, 1.015]  dphase [0.5, 0.8, 1.5, 2.9, 4.2, 7.1, 11.8]
        D256               ratio [1.0, 1.001, 1.004, 1.01, 1.014, 1.026, 1.071]  dphase [0.9, 1.6, 3.0, 5.7, 8.3, 14.0, 22.6]
        D512               ratio [1.001, 1.002, 1.011, 1.032, 1.053, 1.112, 1.269]  dphase [1.9, 3.1, 6.1, 11.2, 16.2, 26.1, 39.3]
        D945               ratio [1.002, 1.007, 1.03, 1.094, 1.166, 1.35, 1.731]  dphase [3.4, 5.7, 11.1, 20.0, 27.7, 40.9, 55.4]
        A1005_bheld        ratio [0.998, 0.998, 1.008, 1.021, 1.013, 0.998, 0.995]  dphase [0.1, 0.3, 0.7, -0.1, -0.8, -0.7, -0.2]
        A1014_bheld        ratio [1.002, 1.001, 0.991, 0.987, 0.995, 1.002, 1.003]  dphase [-0.1, -0.3, -0.5, 0.3, 0.6, 0.4, 0.1]
        A1017_bheld        ratio [1.004, 1.001, 0.975, 0.974, 0.991, 1.006, 1.007]  dphase [-0.3, -0.9, -1.0, 1.0, 1.3, 0.7, 0.2]
        A1020_bheld        ratio [1.007, 0.993, 0.948, 0.963, 0.992, 1.011, 1.01]  dphase [-0.9, -2.0, -1.0, 2.0, 2.2, 1.1, 0.2]
        A999_Kaheld_b1090  ratio [1.0, 1.002, 1.01, 1.001, 0.971, 0.945, 0.966]  dphase [0.0, 0.1, -0.3, -1.9, -2.1, -0.1, 2.1]
        A1017_Kaheld_b305  ratio [0.999, 0.996, 0.991, 1.017, 1.036, 1.033, 1.011]  dphase [-0.0, -0.0, 0.7, 1.6, 0.8, -0.9, -1.5]
   nominal  v 26.9  V294 |G| [0.031, 0.064, 0.142, 0.267, 0.367, 0.507, 0.603] ph [133.3, 114.9, 90.2, 66.0, 50.2, 25.3, -3.9]
        L6.0               ratio [1.0, 1.002, 1.007, 1.021, 1.038, 1.074, 1.119]  dphase [0.5, 0.9, 1.7, 3.0, 3.9, 4.9, 4.9]
        L7.0               ratio [1.001, 1.003, 1.011, 1.035, 1.064, 1.129, 1.217]  dphase [0.9, 1.6, 3.0, 5.3, 6.9, 8.9, 9.3]
        L8.0               ratio [1.001, 1.003, 1.014, 1.044, 1.082, 1.17, 1.298]  dphase [1.2, 2.1, 3.9, 7.0, 9.3, 12.2, 13.1]
        L9.0               ratio [1.001, 1.004, 1.016, 1.051, 1.096, 1.202, 1.364]  dphase [1.5, 2.5, 4.7, 8.4, 11.3, 15.0, 16.5]
        L10.0              ratio [1.001, 1.004, 1.017, 1.057, 1.106, 1.226, 1.419]  dphase [1.7, 2.8, 5.3, 9.6, 12.9, 17.3, 19.4]
        L12.0              ratio [1.001, 1.005, 1.02, 1.064, 1.12, 1.261, 1.501]  dphase [2.0, 3.3, 6.3, 11.3, 15.4, 21.0, 24.4]
        L15.0              ratio [1.001, 1.005, 1.022, 1.07, 1.133, 1.292, 1.58]  dphase [2.3, 3.8, 7.2, 13.1, 17.9, 25.0, 30.0]
        D128               ratio [1.0, 1.0, 1.001, 1.003, 1.004, 1.006, 1.018]  dphase [0.5, 0.8, 1.5, 2.9, 4.3, 7.2, 11.9]
        D256               ratio [1.0, 1.001, 1.004, 1.009, 1.014, 1.029, 1.076]  dphase [0.9, 1.5, 3.0, 5.8, 8.5, 14.2, 22.6]
        D512               ratio [1.001, 1.003, 1.01, 1.029, 1.052, 1.119, 1.282]  dphase [1.9, 3.1, 6.0, 11.4, 16.5, 26.5, 39.3]
        D945               ratio [1.002, 1.007, 1.028, 1.088, 1.164, 1.364, 1.763]  dphase [3.4, 5.7, 11.0, 20.2, 28.3, 41.6, 55.4]
        A1005_bheld        ratio [0.998, 1.0, 1.009, 1.016, 1.01, 0.999, 0.996]  dphase [0.2, 0.4, 0.5, -0.2, -0.6, -0.6, -0.2]
        A1014_bheld        ratio [1.001, 0.999, 0.991, 0.99, 0.996, 1.002, 1.002]  dphase [-0.2, -0.3, -0.3, 0.3, 0.5, 0.3, 0.1]
        A1017_bheld        ratio [1.003, 0.996, 0.976, 0.98, 0.994, 1.005, 1.005]  dphase [-0.4, -0.9, -0.6, 0.9, 1.1, 0.6, 0.1]
        A1020_bheld        ratio [1.003, 0.983, 0.953, 0.973, 0.995, 1.009, 1.008]  dphase [-1.1, -1.8, -0.3, 1.8, 1.7, 0.9, 0.2]
        A999_Kaheld_b1090  ratio [1.001, 1.002, 1.007, 0.998, 0.976, 0.956, 0.971]  dphase [0.0, 0.0, -0.3, -1.5, -1.6, -0.0, 1.6]
        A1017_Kaheld_b305  ratio [0.999, 0.996, 0.995, 1.016, 1.029, 1.026, 1.01]  dphase [-0.0, 0.1, 0.7, 1.2, 0.5, -0.7, -1.2]
   light_b  v  8.0  V294 |G| [0.181, 0.563, 1.721, 1.937, 2.199, 2.332, 1.806] ph [161.5, 142.9, 75.0, 29.2, 9.1, -26.9, -63.4]
        L6.0               ratio [1.001, 1.004, 1.016, 1.006, 1.008, 1.053, 1.127]  dphase [0.6, 1.0, 1.1, 1.9, 3.6, 6.2, 6.0]
        L7.0               ratio [1.001, 1.006, 1.027, 1.01, 1.012, 1.086, 1.23]  dphase [1.0, 1.7, 1.9, 3.3, 6.2, 11.1, 11.3]
        L8.0               ratio [1.001, 1.008, 1.036, 1.012, 1.013, 1.107, 1.313]  dphase [1.3, 2.3, 2.5, 4.4, 8.2, 15.0, 16.0]
        L9.0               ratio [1.002, 1.009, 1.043, 1.014, 1.013, 1.12, 1.378]  dphase [1.6, 2.7, 3.0, 5.2, 9.7, 18.2, 20.1]
        L10.0              ratio [1.002, 1.01, 1.049, 1.015, 1.013, 1.128, 1.429]  dphase [1.8, 3.1, 3.4, 5.9, 11.0, 20.8, 23.8]
        L12.0              ratio [1.002, 1.012, 1.058, 1.016, 1.011, 1.136, 1.502]  dphase [2.1, 3.6, 4.0, 6.9, 12.9, 24.8, 29.8]
        L15.0              ratio [1.002, 1.013, 1.066, 1.018, 1.008, 1.139, 1.562]  dphase [2.4, 4.2, 4.6, 8.0, 14.8, 28.9, 36.5]
        D128               ratio [1.0, 1.002, 1.011, 0.996, 0.982, 0.974, 1.004]  dphase [0.5, 0.9, 1.0, 1.7, 3.3, 7.6, 13.2]
        D256               ratio [1.001, 1.004, 1.023, 0.994, 0.97, 0.965, 1.048]  dphase [1.0, 1.7, 2.0, 3.5, 6.6, 15.0, 25.3]
        D512               ratio [1.001, 1.009, 1.049, 0.997, 0.963, 0.989, 1.216]  dphase [1.9, 3.4, 4.0, 6.8, 12.9, 28.0, 44.4]
        D945               ratio [1.003, 1.019, 1.101, 1.02, 0.991, 1.104, 1.601]  dphase [3.6, 6.3, 7.2, 12.1, 22.2, 44.3, 64.2]
        A1005_bheld        ratio [0.985, 0.972, 1.144, 1.082, 0.997, 0.961, 0.985]  dphase [0.6, 2.7, 5.1, -5.4, -5.1, -1.3, 0.3]
        A1014_bheld        ratio [1.014, 1.018, 0.891, 0.964, 1.015, 1.025, 1.007]  dphase [-0.6, -2.8, -1.9, 4.2, 3.1, 0.4, -0.2]
        A1017_bheld        ratio [1.037, 1.027, 0.76, 0.941, 1.044, 1.054, 1.014]  dphase [-1.9, -7.9, -1.7, 9.7, 6.5, 0.7, -0.6]
        A1020_bheld        ratio [1.073, 0.958, 0.627, 0.941, 1.093, 1.086, 1.021]  dphase [-5.8, -17.4, 3.1, 16.4, 9.8, 0.6, -0.9]
        A999_Kaheld_b1090  ratio [1.002, 1.018, 1.067, 0.883, 0.816, 0.874, 1.024]  dphase [0.2, 0.7, -5.8, -7.4, -1.7, 8.3, 7.0]
        A1017_Kaheld_b305  ratio [0.995, 0.968, 0.969, 1.213, 1.188, 1.021, 0.963]  dphase [-0.3, -0.5, 8.7, 3.4, -4.8, -7.5, -3.1]
   light_b  v 12.0  V294 |G| [0.104, 0.316, 1.456, 2.139, 2.36, 2.434, 1.842] ph [167.6, 156.7, 108.5, 39.4, 13.9, -25.4, -63.1]
        L6.0               ratio [1.001, 1.002, 1.019, 1.009, 1.007, 1.051, 1.127]  dphase [0.6, 1.0, 1.5, 1.6, 3.3, 6.2, 6.0]
        L7.0               ratio [1.001, 1.004, 1.032, 1.015, 1.01, 1.083, 1.23]  dphase [1.0, 1.7, 2.7, 2.8, 5.8, 11.1, 11.3]
        L8.0               ratio [1.001, 1.005, 1.042, 1.02, 1.011, 1.102, 1.312]  dphase [1.3, 2.2, 3.6, 3.8, 7.7, 15.0, 16.1]
        L9.0               ratio [1.001, 1.006, 1.05, 1.023, 1.011, 1.114, 1.377]  dphase [1.5, 2.6, 4.3, 4.5, 9.1, 18.2, 20.2]
        L10.0              ratio [1.001, 1.006, 1.056, 1.026, 1.01, 1.122, 1.428]  dphase [1.7, 3.0, 4.9, 5.1, 10.3, 20.8, 23.9]
        L12.0              ratio [1.001, 1.007, 1.066, 1.03, 1.009, 1.129, 1.5]  dphase [2.0, 3.5, 5.8, 6.0, 12.1, 24.7, 29.9]
        L15.0              ratio [1.002, 1.008, 1.076, 1.033, 1.006, 1.13, 1.559]  dphase [2.3, 4.0, 6.8, 6.9, 13.9, 28.8, 36.6]
        D128               ratio [1.0, 1.001, 1.012, 1.0, 0.982, 0.972, 1.004]  dphase [0.5, 0.8, 1.5, 1.5, 3.1, 7.6, 13.2]
        D256               ratio [1.0, 1.002, 1.025, 1.002, 0.97, 0.962, 1.047]  dphase [1.0, 1.7, 2.9, 3.1, 6.2, 14.9, 25.3]
        D512               ratio [1.001, 1.005, 1.054, 1.012, 0.963, 0.984, 1.213]  dphase [1.9, 3.3, 5.8, 6.0, 12.1, 27.8, 44.5]
        D945               ratio [1.003, 1.011, 1.113, 1.046, 0.99, 1.093, 1.595]  dphase [3.5, 6.1, 10.6, 10.5, 20.9, 44.0, 64.3]
        A1005_bheld        ratio [0.991, 0.979, 1.05, 1.112, 1.005, 0.96, 0.985]  dphase [0.3, 1.3, 7.0, -5.0, -5.5, -1.4, 0.3]
        A1014_bheld        ratio [1.009, 1.017, 0.933, 0.948, 1.011, 1.026, 1.007]  dphase [-0.3, -1.4, -4.5, 4.1, 3.4, 0.5, -0.3]
        A1017_bheld        ratio [1.023, 1.036, 0.822, 0.907, 1.036, 1.056, 1.015]  dphase [-1.0, -4.1, -8.3, 9.7, 7.1, 0.8, -0.6]
        A1020_bheld        ratio [1.048, 1.03, 0.678, 0.887, 1.081, 1.09, 1.021]  dphase [-3.0, -10.1, -8.4, 16.7, 10.9, 0.8, -0.9]
        A999_Kaheld_b1090  ratio [1.001, 1.008, 1.1, 0.893, 0.807, 0.866, 1.023]  dphase [0.1, 0.5, -2.2, -9.4, -2.7, 8.4, 7.1]
        A1017_Kaheld_b305  ratio [0.998, 0.983, 0.916, 1.217, 1.214, 1.026, 0.963]  dphase [-0.2, -0.5, 5.3, 6.1, -4.2, -7.8, -3.2]
   light_b  v 17.0  V294 |G| [0.09, 0.27, 1.296, 2.205, 2.422, 2.474, 1.855] ph [168.8, 159.1, 117.5, 43.7, 15.9, -24.8, -63.0]
        L6.0               ratio [1.001, 1.002, 1.017, 1.011, 1.007, 1.05, 1.127]  dphase [0.6, 1.0, 1.7, 1.5, 3.3, 6.2, 6.0]
        L7.0               ratio [1.001, 1.004, 1.03, 1.019, 1.009, 1.082, 1.23]  dphase [1.0, 1.7, 2.9, 2.7, 5.6, 11.1, 11.3]
        L8.0               ratio [1.001, 1.005, 1.039, 1.024, 1.01, 1.101, 1.312]  dphase [1.3, 2.2, 3.9, 3.5, 7.5, 15.0, 16.1]
        L9.0               ratio [1.001, 1.005, 1.047, 1.028, 1.01, 1.112, 1.377]  dphase [1.5, 2.6, 4.7, 4.2, 8.9, 18.2, 20.3]
        L10.0              ratio [1.001, 1.006, 1.053, 1.032, 1.01, 1.119, 1.428]  dphase [1.7, 3.0, 5.3, 4.8, 10.1, 20.7, 23.9]
        L12.0              ratio [1.001, 1.007, 1.061, 1.037, 1.008, 1.126, 1.499]  dphase [2.0, 3.5, 6.3, 5.7, 11.8, 24.7, 29.9]
        L15.0              ratio [1.002, 1.007, 1.07, 1.042, 1.006, 1.127, 1.558]  dphase [2.3, 4.0, 7.3, 6.5, 13.6, 28.7, 36.6]
        D128               ratio [1.0, 1.001, 1.011, 1.002, 0.982, 0.971, 1.004]  dphase [0.5, 0.8, 1.6, 1.5, 3.0, 7.5, 13.2]
        D256               ratio [1.0, 1.002, 1.022, 1.006, 0.971, 0.961, 1.046]  dphase [0.9, 1.6, 3.1, 3.0, 6.0, 14.8, 25.3]
        D512               ratio [1.001, 1.004, 1.049, 1.02, 0.964, 0.982, 1.212]  dphase [1.9, 3.3, 6.2, 5.8, 11.8, 27.7, 44.5]
        D945               ratio [1.002, 1.01, 1.103, 1.06, 0.991, 1.089, 1.593]  dphase [3.5, 6.1, 11.4, 10.0, 20.3, 43.8, 64.3]
        A1005_bheld        ratio [0.992, 0.981, 1.027, 1.124, 1.008, 0.96, 0.985]  dphase [0.2, 1.0, 6.4, -4.7, -5.7, -1.5, 0.3]
        A1014_bheld        ratio [1.007, 1.015, 0.951, 0.942, 1.009, 1.026, 1.008]  dphase [-0.2, -1.1, -4.5, 4.0, 3.5, 0.5, -0.3]
        A1017_bheld        ratio [1.02, 1.034, 0.855, 0.894, 1.032, 1.057, 1.015]  dphase [-0.8, -3.4, -9.0, 9.4, 7.4, 0.8, -0.6]
        A1020_bheld        ratio [1.042, 1.034, 0.716, 0.866, 1.075, 1.091, 1.021]  dphase [-2.5, -8.5, -10.4, 16.4, 11.4, 0.8, -0.9]
        A999_Kaheld_b1090  ratio [1.001, 1.007, 1.093, 0.9, 0.804, 0.863, 1.023]  dphase [0.1, 0.4, -1.1, -10.2, -3.2, 8.4, 7.2]
        A1017_Kaheld_b305  ratio [0.998, 0.986, 0.915, 1.211, 1.224, 1.027, 0.963]  dphase [-0.2, -0.5, 4.0, 7.2, -3.9, -7.9, -3.2]
   light_b  v 26.9  V294 |G| [0.067, 0.199, 0.972, 2.317, 2.57, 2.574, 1.889] ph [170.5, 162.8, 131.9, 55.0, 21.1, -23.3, -62.7]
        L6.0               ratio [1.0, 1.002, 1.014, 1.017, 1.006, 1.049, 1.127]  dphase [0.6, 0.9, 1.8, 1.4, 3.0, 6.2, 6.0]
        L7.0               ratio [1.001, 1.003, 1.025, 1.029, 1.009, 1.078, 1.229]  dphase [1.0, 1.6, 3.2, 2.4, 5.2, 11.1, 11.4]
        L8.0               ratio [1.001, 1.004, 1.032, 1.038, 1.01, 1.096, 1.311]  dphase [1.3, 2.2, 4.2, 3.2, 6.9, 15.0, 16.1]
        L9.0               ratio [1.001, 1.005, 1.038, 1.045, 1.01, 1.107, 1.376]  dphase [1.5, 2.6, 5.1, 3.8, 8.3, 18.1, 20.3]
        L10.0              ratio [1.001, 1.005, 1.042, 1.051, 1.01, 1.113, 1.426]  dphase [1.7, 2.9, 5.8, 4.3, 9.3, 20.7, 24.0]
        L12.0              ratio [1.001, 1.006, 1.049, 1.06, 1.009, 1.119, 1.497]  dphase [2.0, 3.4, 6.8, 5.1, 11.0, 24.6, 30.0]
        L15.0              ratio [1.001, 1.006, 1.055, 1.068, 1.008, 1.119, 1.556]  dphase [2.3, 3.9, 7.9, 5.9, 12.6, 28.6, 36.7]
        D128               ratio [1.0, 1.001, 1.008, 1.008, 0.984, 0.97, 1.003]  dphase [0.5, 0.8, 1.7, 1.4, 2.8, 7.5, 13.2]
        D256               ratio [1.0, 1.001, 1.016, 1.017, 0.973, 0.958, 1.045]  dphase [0.9, 1.6, 3.3, 2.8, 5.6, 14.7, 25.3]
        D512               ratio [1.001, 1.003, 1.036, 1.043, 0.968, 0.976, 1.21]  dphase [1.9, 3.2, 6.6, 5.5, 11.0, 27.5, 44.5]
        D945               ratio [1.002, 1.008, 1.078, 1.103, 0.996, 1.079, 1.587]  dphase [3.5, 6.0, 12.2, 9.2, 18.9, 43.5, 64.4]
        A1005_bheld        ratio [0.994, 0.985, 0.999, 1.149, 1.018, 0.959, 0.984]  dphase [0.2, 0.7, 4.9, -3.4, -6.0, -1.6, 0.3]
        A1014_bheld        ratio [1.006, 1.012, 0.978, 0.927, 1.003, 1.027, 1.008]  dphase [-0.2, -0.8, -3.9, 3.4, 3.7, 0.6, -0.3]
        A1017_bheld        ratio [1.015, 1.028, 0.917, 0.864, 1.02, 1.059, 1.015]  dphase [-0.6, -2.4, -8.5, 8.3, 7.9, 1.0, -0.6]
        A1020_bheld        ratio [1.033, 1.035, 0.8, 0.82, 1.056, 1.095, 1.022]  dphase [-1.8, -6.2, -11.7, 14.9, 12.3, 1.0, -0.9]
        A999_Kaheld_b1090  ratio [1.001, 1.005, 1.07, 0.927, 0.798, 0.855, 1.023]  dphase [0.1, 0.3, 0.2, -11.8, -4.4, 8.5, 7.3]
        A1017_Kaheld_b305  ratio [0.999, 0.99, 0.925, 1.18, 1.25, 1.032, 0.962]  dphase [-0.1, -0.4, 2.1, 9.8, -3.0, -8.2, -3.3]
   J_hi     v  8.0  V294 |G| [0.092, 0.235, 0.565, 0.803, 0.903, 0.889, 0.695] ph [146.9, 123.5, 74.7, 31.2, 7.0, -28.3, -61.2]
        L6.0               ratio [1.001, 1.002, 1.009, 1.015, 1.027, 1.071, 1.126]  dphase [0.6, 0.9, 1.5, 2.7, 4.0, 5.5, 5.2]
        L7.0               ratio [1.001, 1.004, 1.015, 1.024, 1.044, 1.122, 1.231]  dphase [1.0, 1.6, 2.7, 4.6, 7.0, 9.9, 9.8]
        L8.0               ratio [1.001, 1.005, 1.019, 1.031, 1.056, 1.158, 1.317]  dphase [1.3, 2.1, 3.5, 6.2, 9.3, 13.6, 13.9]
        L9.0               ratio [1.001, 1.006, 1.023, 1.036, 1.063, 1.185, 1.388]  dphase [1.5, 2.5, 4.2, 7.4, 11.2, 16.6, 17.6]
        L10.0              ratio [1.002, 1.007, 1.025, 1.039, 1.069, 1.205, 1.447]  dphase [1.7, 2.8, 4.8, 8.4, 12.7, 19.2, 20.8]
        L12.0              ratio [1.002, 1.008, 1.029, 1.044, 1.076, 1.232, 1.534]  dphase [2.0, 3.3, 5.6, 9.9, 15.1, 23.2, 26.2]
        L15.0              ratio [1.002, 1.009, 1.033, 1.048, 1.081, 1.253, 1.616]  dphase [2.3, 3.8, 6.5, 11.4, 17.5, 27.4, 32.3]
        D128               ratio [1.0, 1.001, 1.004, 1.0, 0.994, 0.996, 1.018]  dphase [0.5, 0.8, 1.4, 2.5, 4.1, 7.6, 12.5]
        D256               ratio [1.0, 1.002, 1.008, 1.002, 0.995, 1.01, 1.078]  dphase [0.9, 1.6, 2.7, 5.0, 8.1, 15.0, 23.9]
        D512               ratio [1.001, 1.005, 1.02, 1.015, 1.014, 1.079, 1.285]  dphase [1.9, 3.1, 5.4, 9.9, 15.7, 28.1, 41.7]
        D945               ratio [1.003, 1.012, 1.046, 1.059, 1.088, 1.279, 1.769]  dphase [3.5, 5.8, 9.9, 17.5, 26.9, 44.4, 59.8]
        A1005_bheld        ratio [0.994, 0.995, 1.044, 1.035, 0.998, 0.985, 0.994]  dphase [0.4, 1.3, 1.5, -2.1, -2.1, -0.5, 0.1]
        A1014_bheld        ratio [1.005, 1.001, 0.961, 0.984, 1.007, 1.01, 1.003]  dphase [-0.4, -1.2, -0.7, 1.7, 1.3, 0.2, -0.1]
        A1017_bheld        ratio [1.013, 0.994, 0.906, 0.975, 1.021, 1.02, 1.006]  dphase [-1.2, -3.3, -0.7, 4.1, 2.5, 0.2, -0.2]
        A1020_bheld        ratio [1.023, 0.953, 0.837, 0.98, 1.043, 1.031, 1.008]  dphase [-3.2, -6.8, 1.4, 7.0, 3.7, 0.2, -0.3]
        A999_Kaheld_b1090  ratio [1.001, 1.009, 1.022, 0.952, 0.915, 0.952, 1.009]  dphase [0.1, 0.1, -1.8, -3.4, -0.6, 3.5, 2.7]
        A1017_Kaheld_b305  ratio [0.997, 0.986, 0.992, 1.078, 1.069, 1.009, 0.987]  dphase [-0.1, 0.1, 2.9, 1.4, -1.9, -2.8, -1.3]
   J_hi     v 12.0  V294 |G| [0.086, 0.207, 0.468, 0.708, 0.826, 0.849, 0.683] ph [141.9, 118.2, 75.2, 35.4, 11.7, -23.9, -57.9]
        L6.0               ratio [1.001, 1.002, 1.008, 1.016, 1.028, 1.071, 1.125]  dphase [0.6, 0.9, 1.6, 2.7, 3.9, 5.4, 5.2]
        L7.0               ratio [1.001, 1.004, 1.014, 1.027, 1.047, 1.122, 1.23]  dphase [1.0, 1.6, 2.7, 4.7, 6.9, 9.8, 9.8]
        L8.0               ratio [1.001, 1.005, 1.018, 1.034, 1.059, 1.159, 1.316]  dphase [1.3, 2.1, 3.6, 6.3, 9.2, 13.4, 13.9]
        L9.0               ratio [1.001, 1.006, 1.021, 1.039, 1.068, 1.186, 1.386]  dphase [1.5, 2.5, 4.3, 7.5, 11.1, 16.4, 17.5]
        L10.0              ratio [1.002, 1.006, 1.023, 1.043, 1.074, 1.206, 1.444]  dphase [1.7, 2.8, 4.9, 8.5, 12.7, 19.0, 20.7]
        L12.0              ratio [1.002, 1.007, 1.027, 1.049, 1.083, 1.233, 1.531]  dphase [2.0, 3.3, 5.8, 10.1, 15.0, 22.9, 26.1]
        L15.0              ratio [1.002, 1.008, 1.03, 1.053, 1.089, 1.255, 1.612]  dphase [2.3, 3.8, 6.7, 11.6, 17.4, 27.1, 32.2]
        D128               ratio [1.0, 1.001, 1.003, 1.001, 0.996, 0.997, 1.018]  dphase [0.5, 0.8, 1.4, 2.6, 4.1, 7.6, 12.4]
        D256               ratio [1.0, 1.002, 1.007, 1.004, 0.998, 1.011, 1.077]  dphase [0.9, 1.6, 2.8, 5.1, 8.1, 14.9, 23.8]
        D512               ratio [1.001, 1.005, 1.017, 1.019, 1.02, 1.081, 1.284]  dphase [1.9, 3.1, 5.6, 10.1, 15.8, 27.8, 41.6]
        D945               ratio [1.003, 1.011, 1.041, 1.067, 1.1, 1.285, 1.767]  dphase [3.5, 5.7, 10.2, 17.9, 26.9, 44.0, 59.5]
        A1005_bheld        ratio [0.995, 0.998, 1.036, 1.033, 1.001, 0.986, 0.994]  dphase [0.4, 1.2, 1.3, -1.7, -1.9, -0.5, 0.1]
        A1014_bheld        ratio [1.004, 0.999, 0.968, 0.984, 1.005, 1.009, 1.003]  dphase [-0.4, -1.1, -0.6, 1.5, 1.2, 0.2, -0.1]
        A1017_bheld        ratio [1.011, 0.99, 0.921, 0.974, 1.016, 1.019, 1.006]  dphase [-1.2, -2.9, -0.6, 3.5, 2.4, 0.3, -0.2]
        A1020_bheld        ratio [1.016, 0.951, 0.861, 0.976, 1.034, 1.03, 1.008]  dphase [-3.1, -5.7, 1.1, 6.1, 3.6, 0.3, -0.3]
        A999_Kaheld_b1090  ratio [1.002, 1.008, 1.018, 0.961, 0.922, 0.95, 1.006]  dphase [0.1, 0.1, -1.5, -3.2, -0.9, 3.1, 2.6]
        A1017_Kaheld_b305  ratio [0.997, 0.988, 0.994, 1.066, 1.065, 1.012, 0.988]  dphase [-0.1, 0.1, 2.4, 1.5, -1.4, -2.6, -1.3]
   J_hi     v 17.0  V294 |G| [0.028, 0.07, 0.193, 0.38, 0.502, 0.616, 0.582] ph [151.1, 133.7, 99.9, 61.1, 36.9, 0.5, -37.8]
        L6.0               ratio [1.0, 1.002, 1.007, 1.021, 1.035, 1.072, 1.123]  dphase [0.5, 0.9, 1.7, 2.9, 3.9, 5.1, 5.1]
        L7.0               ratio [1.001, 1.003, 1.012, 1.034, 1.059, 1.125, 1.224]  dphase [0.9, 1.6, 3.0, 5.1, 6.9, 9.2, 9.6]
        L8.0               ratio [1.001, 1.003, 1.015, 1.044, 1.076, 1.164, 1.308]  dphase [1.2, 2.1, 4.0, 6.8, 9.2, 12.7, 13.5]
        L9.0               ratio [1.001, 1.004, 1.017, 1.051, 1.088, 1.194, 1.377]  dphase [1.5, 2.5, 4.7, 8.1, 11.1, 15.5, 17.1]
        L10.0              ratio [1.001, 1.004, 1.019, 1.056, 1.098, 1.216, 1.434]  dphase [1.7, 2.8, 5.3, 9.3, 12.7, 17.9, 20.2]
        L12.0              ratio [1.001, 1.005, 1.022, 1.064, 1.11, 1.247, 1.519]  dphase [2.0, 3.3, 6.3, 11.0, 15.1, 21.8, 25.4]
        L15.0              ratio [1.001, 1.005, 1.024, 1.07, 1.121, 1.275, 1.599]  dphase [2.3, 3.8, 7.2, 12.7, 17.6, 25.8, 31.3]
        D128               ratio [1.0, 1.0, 1.002, 1.003, 1.002, 1.002, 1.018]  dphase [0.5, 0.8, 1.5, 2.8, 4.2, 7.4, 12.2]
        D256               ratio [1.0, 1.001, 1.005, 1.009, 1.01, 1.021, 1.077]  dphase [0.9, 1.6, 3.0, 5.6, 8.3, 14.4, 23.3]
        D512               ratio [1.001, 1.003, 1.012, 1.03, 1.044, 1.102, 1.284]  dphase [1.9, 3.1, 6.0, 11.1, 16.2, 27.0, 40.6]
        D945               ratio [1.002, 1.007, 1.031, 1.089, 1.149, 1.328, 1.767]  dphase [3.4, 5.7, 11.0, 19.6, 27.6, 42.4, 57.8]
        A1005_bheld        ratio [0.998, 0.998, 1.009, 1.023, 1.01, 0.993, 0.995]  dphase [0.1, 0.4, 0.8, -0.4, -1.0, -0.6, -0.0]
        A1014_bheld        ratio [1.002, 1.001, 0.989, 0.987, 0.997, 1.005, 1.003]  dphase [-0.1, -0.4, -0.5, 0.5, 0.7, 0.3, -0.0]
        A1017_bheld        ratio [1.005, 1.002, 0.971, 0.974, 0.998, 1.011, 1.005]  dphase [-0.3, -1.0, -1.1, 1.4, 1.5, 0.5, -0.0]
        A1020_bheld        ratio [1.008, 0.994, 0.939, 0.966, 1.002, 1.018, 1.008]  dphase [-0.9, -2.2, -1.0, 2.7, 2.4, 0.7, -0.1]
        A999_Kaheld_b1090  ratio [1.0, 1.002, 1.011, 0.994, 0.96, 0.951, 0.992]  dphase [0.0, 0.1, -0.4, -2.1, -1.7, 1.2, 2.2]
        A1017_Kaheld_b305  ratio [0.999, 0.996, 0.991, 1.025, 1.042, 1.022, 0.997]  dphase [-0.0, -0.0, 0.8, 1.6, 0.2, -1.5, -1.2]
   J_hi     v 26.9  V294 |G| [0.03, 0.062, 0.137, 0.255, 0.343, 0.447, 0.467] ph [132.3, 113.2, 86.5, 58.8, 39.7, 8.7, -26.6]
        L6.0               ratio [1.0, 1.002, 1.007, 1.02, 1.037, 1.075, 1.122]  dphase [0.5, 0.9, 1.7, 3.0, 4.0, 5.0, 5.0]
        L7.0               ratio [1.001, 1.003, 1.011, 1.034, 1.063, 1.13, 1.224]  dphase [0.9, 1.6, 3.0, 5.3, 7.0, 9.1, 9.4]
        L8.0               ratio [1.001, 1.003, 1.014, 1.043, 1.08, 1.172, 1.308]  dphase [1.2, 2.1, 3.9, 7.0, 9.5, 12.5, 13.3]
        L9.0               ratio [1.001, 1.004, 1.016, 1.05, 1.093, 1.203, 1.377]  dphase [1.5, 2.5, 4.7, 8.4, 11.4, 15.4, 16.7]
        L10.0              ratio [1.001, 1.004, 1.017, 1.055, 1.103, 1.227, 1.434]  dphase [1.7, 2.8, 5.3, 9.6, 13.0, 17.8, 19.8]
        L12.0              ratio [1.001, 1.005, 1.019, 1.062, 1.117, 1.262, 1.52]  dphase [2.0, 3.3, 6.3, 11.3, 15.5, 21.6, 24.9]
        L15.0              ratio [1.001, 1.005, 1.021, 1.068, 1.128, 1.292, 1.603]  dphase [2.3, 3.7, 7.2, 13.1, 18.1, 25.7, 30.6]
        D128               ratio [1.0, 1.0, 1.001, 1.003, 1.003, 1.005, 1.02]  dphase [0.5, 0.8, 1.5, 2.9, 4.3, 7.4, 12.1]
        D256               ratio [1.0, 1.001, 1.003, 1.008, 1.012, 1.027, 1.08]  dphase [0.9, 1.5, 3.0, 5.8, 8.6, 14.5, 23.1]
        D512               ratio [1.001, 1.003, 1.01, 1.028, 1.048, 1.115, 1.292]  dphase [1.9, 3.1, 6.0, 11.4, 16.7, 27.0, 40.2]
        D945               ratio [1.002, 1.007, 1.027, 1.085, 1.157, 1.357, 1.787]  dphase [3.4, 5.7, 11.0, 20.2, 28.5, 42.5, 57.0]
        A1005_bheld        ratio [0.999, 1.0, 1.009, 1.015, 1.007, 0.996, 0.996]  dphase [0.2, 0.4, 0.5, -0.3, -0.7, -0.5, -0.1]
        A1014_bheld        ratio [1.001, 0.999, 0.991, 0.991, 0.998, 1.003, 1.002]  dphase [-0.2, -0.3, -0.3, 0.4, 0.5, 0.2, 0.0]
        A1017_bheld        ratio [1.003, 0.996, 0.977, 0.983, 0.998, 1.007, 1.004]  dphase [-0.4, -0.8, -0.5, 1.0, 1.0, 0.4, 0.0]
        A1020_bheld        ratio [1.003, 0.983, 0.955, 0.978, 1.0, 1.011, 1.007]  dphase [-1.1, -1.7, -0.1, 1.9, 1.6, 0.6, -0.0]
        A999_Kaheld_b1090  ratio [1.001, 1.002, 1.007, 0.995, 0.973, 0.962, 0.988]  dphase [0.0, 0.0, -0.4, -1.4, -1.3, 0.6, 1.7]
        A1017_Kaheld_b305  ratio [0.999, 0.996, 0.996, 1.017, 1.028, 1.019, 1.001]  dphase [-0.0, 0.1, 0.7, 1.0, 0.2, -1.0, -1.0]
   b_lo     v  8.0  V294 |G| [0.114, 0.309, 0.876, 1.361, 1.684, 2.028, 1.776] ph [155.2, 136.4, 89.8, 47.3, 26.2, -9.8, -50.2]
        L6.0               ratio [1.001, 1.003, 1.012, 1.016, 1.019, 1.052, 1.121]  dphase [0.6, 0.9, 1.5, 2.2, 3.3, 5.6, 5.9]
        L7.0               ratio [1.001, 1.004, 1.021, 1.027, 1.031, 1.086, 1.219]  dphase [1.0, 1.6, 2.6, 3.8, 5.8, 10.0, 11.2]
        L8.0               ratio [1.001, 1.006, 1.027, 1.035, 1.04, 1.109, 1.296]  dphase [1.3, 2.2, 3.5, 5.0, 7.7, 13.6, 15.8]
        L9.0               ratio [1.001, 1.007, 1.032, 1.041, 1.045, 1.124, 1.357]  dphase [1.5, 2.6, 4.1, 6.0, 9.3, 16.5, 19.8]
        L10.0              ratio [1.002, 1.007, 1.036, 1.045, 1.049, 1.135, 1.404]  dphase [1.7, 2.9, 4.7, 6.8, 10.5, 18.9, 23.3]
        L12.0              ratio [1.002, 1.008, 1.042, 1.052, 1.054, 1.147, 1.471]  dphase [2.0, 3.4, 5.6, 8.0, 12.4, 22.5, 29.1]
        L15.0              ratio [1.002, 1.009, 1.047, 1.058, 1.058, 1.154, 1.527]  dphase [2.3, 3.9, 6.4, 9.3, 14.4, 26.3, 35.4]
        D128               ratio [1.0, 1.001, 1.007, 1.003, 0.993, 0.98, 1.001]  dphase [0.5, 0.8, 1.4, 2.1, 3.3, 7.1, 12.9]
        D256               ratio [1.0, 1.003, 1.014, 1.009, 0.991, 0.977, 1.041]  dphase [0.9, 1.6, 2.7, 4.2, 6.6, 13.9, 24.6]
        D512               ratio [1.001, 1.006, 1.032, 1.027, 1.004, 1.012, 1.202]  dphase [1.9, 3.2, 5.4, 8.2, 12.9, 26.0, 43.1]
        D945               ratio [1.003, 1.013, 1.069, 1.08, 1.066, 1.144, 1.572]  dphase [3.5, 6.0, 9.9, 14.4, 22.0, 40.9, 61.9]
        A1005_bheld        ratio [0.991, 0.988, 1.055, 1.077, 1.019, 0.973, 0.985]  dphase [0.4, 1.6, 3.3, -2.5, -3.8, -1.7, 0.1]
        A1014_bheld        ratio [1.008, 1.007, 0.947, 0.961, 0.999, 1.019, 1.008]  dphase [-0.4, -1.6, -1.9, 2.4, 2.4, 0.7, -0.1]
        A1017_bheld        ratio [1.02, 1.008, 0.868, 0.929, 1.007, 1.041, 1.016]  dphase [-1.3, -4.4, -3.0, 5.8, 5.2, 1.3, -0.3]
        A1020_bheld        ratio [1.038, 0.97, 0.767, 0.912, 1.028, 1.067, 1.023]  dphase [-3.8, -9.5, -1.5, 10.3, 8.0, 1.7, -0.6]
        A999_Kaheld_b1090  ratio [1.002, 1.01, 1.047, 0.946, 0.863, 0.865, 0.995]  dphase [0.1, 0.3, -2.3, -6.7, -3.8, 5.1, 6.9]
        A1017_Kaheld_b305  ratio [0.997, 0.982, 0.968, 1.117, 1.154, 1.054, 0.976]  dphase [-0.2, -0.2, 4.1, 4.6, -1.0, -5.9, -3.5]
   b_lo     v 12.0  V294 |G| [0.087, 0.225, 0.606, 1.034, 1.33, 1.695, 1.621] ph [151.9, 133.0, 92.9, 54.5, 33.9, -0.3, -40.9]
        L6.0               ratio [1.001, 1.002, 1.01, 1.019, 1.026, 1.056, 1.118]  dphase [0.6, 0.9, 1.6, 2.4, 3.4, 5.3, 5.8]
        L7.0               ratio [1.001, 1.004, 1.017, 1.032, 1.042, 1.094, 1.213]  dphase [1.0, 1.6, 2.8, 4.2, 5.9, 9.5, 10.8]
        L8.0               ratio [1.001, 1.005, 1.023, 1.041, 1.054, 1.12, 1.288]  dphase [1.3, 2.1, 3.7, 5.6, 7.9, 12.9, 15.3]
        L9.0               ratio [1.001, 1.006, 1.026, 1.048, 1.063, 1.138, 1.348]  dphase [1.5, 2.5, 4.4, 6.7, 9.5, 15.7, 19.2]
        L10.0              ratio [1.001, 1.006, 1.03, 1.054, 1.069, 1.152, 1.395]  dphase [1.7, 2.9, 5.0, 7.6, 10.8, 17.9, 22.5]
        L12.0              ratio [1.002, 1.007, 1.034, 1.061, 1.078, 1.169, 1.461]  dphase [2.0, 3.4, 5.9, 9.0, 12.9, 21.5, 28.1]
        L15.0              ratio [1.002, 1.008, 1.038, 1.069, 1.085, 1.182, 1.518]  dphase [2.3, 3.9, 6.8, 10.4, 14.9, 25.2, 34.2]
        D128               ratio [1.0, 1.001, 1.005, 1.004, 0.997, 0.986, 1.001]  dphase [0.5, 0.8, 1.4, 2.3, 3.5, 6.9, 12.6]
        D256               ratio [1.0, 1.002, 1.01, 1.011, 1.001, 0.989, 1.042]  dphase [0.9, 1.6, 2.9, 4.7, 7.0, 13.6, 24.0]
        D512               ratio [1.001, 1.005, 1.024, 1.034, 1.024, 1.037, 1.205]  dphase [1.9, 3.2, 5.7, 9.2, 13.7, 25.4, 42.0]
        D945               ratio [1.003, 1.011, 1.054, 1.094, 1.105, 1.192, 1.58]  dphase [3.5, 5.9, 10.4, 16.1, 23.1, 39.8, 60.0]
        A1005_bheld        ratio [0.993, 0.992, 1.035, 1.062, 1.023, 0.982, 0.986]  dphase [0.3, 1.2, 2.4, -1.4, -2.9, -1.6, -0.0]
        A1014_bheld        ratio [1.006, 1.004, 0.964, 0.967, 0.995, 1.014, 1.008]  dphase [-0.3, -1.1, -1.4, 1.6, 1.9, 0.7, -0.1]
        A1017_bheld        ratio [1.014, 1.003, 0.907, 0.937, 0.997, 1.03, 1.015]  dphase [-1.1, -3.2, -2.5, 4.0, 4.1, 1.4, -0.2]
        A1020_bheld        ratio [1.026, 0.974, 0.827, 0.92, 1.009, 1.05, 1.023]  dphase [-3.0, -6.9, -1.7, 7.4, 6.4, 1.9, -0.3]
        A999_Kaheld_b1090  ratio [1.001, 1.008, 1.034, 0.97, 0.895, 0.876, 0.979]  dphase [0.1, 0.2, -1.4, -5.5, -4.0, 3.2, 6.1]
        A1017_Kaheld_b305  ratio [0.997, 0.986, 0.976, 1.078, 1.119, 1.061, 0.988]  dphase [-0.1, -0.1, 2.8, 3.9, 0.1, -4.4, -3.4]
   b_lo     v 17.0  V294 |G| [0.028, 0.075, 0.246, 0.557, 0.777, 1.074, 1.195] ph [160.3, 147.3, 117.1, 77.1, 53.8, 20.3, -18.8]
        L6.0               ratio [1.0, 1.002, 1.008, 1.023, 1.035, 1.065, 1.115]  dphase [0.5, 0.9, 1.7, 2.8, 3.6, 4.9, 5.3]
        L7.0               ratio [1.001, 1.003, 1.013, 1.038, 1.06, 1.112, 1.208]  dphase [0.9, 1.6, 3.0, 4.9, 6.3, 8.8, 10.0]
        L8.0               ratio [1.001, 1.003, 1.016, 1.049, 1.077, 1.146, 1.282]  dphase [1.3, 2.1, 4.0, 6.5, 8.5, 12.0, 14.0]
        L9.0               ratio [1.001, 1.004, 1.019, 1.058, 1.09, 1.172, 1.342]  dphase [1.5, 2.5, 4.8, 7.8, 10.3, 14.6, 17.6]
        L10.0              ratio [1.001, 1.004, 1.021, 1.064, 1.1, 1.192, 1.39]  dphase [1.7, 2.8, 5.4, 8.9, 11.7, 16.9, 20.7]
        L12.0              ratio [1.001, 1.005, 1.024, 1.073, 1.115, 1.22, 1.461]  dphase [2.0, 3.3, 6.4, 10.6, 14.0, 20.4, 25.8]
        L15.0              ratio [1.001, 1.005, 1.026, 1.082, 1.127, 1.244, 1.525]  dphase [2.3, 3.8, 7.4, 12.2, 16.3, 24.1, 31.5]
        D128               ratio [1.0, 1.0, 1.002, 1.006, 1.004, 0.999, 1.007]  dphase [0.5, 0.8, 1.5, 2.7, 3.9, 6.9, 12.0]
        D256               ratio [1.0, 1.001, 1.005, 1.014, 1.014, 1.014, 1.054]  dphase [0.9, 1.6, 3.1, 5.5, 7.8, 13.5, 22.9]
        D512               ratio [1.001, 1.002, 1.014, 1.04, 1.053, 1.088, 1.231]  dphase [1.9, 3.1, 6.1, 10.8, 15.2, 25.2, 39.8]
        D945               ratio [1.002, 1.007, 1.035, 1.109, 1.165, 1.296, 1.642]  dphase [3.4, 5.7, 11.2, 19.1, 25.7, 39.2, 56.3]
        A1005_bheld        ratio [0.998, 0.996, 1.006, 1.035, 1.023, 0.995, 0.99]  dphase [0.1, 0.3, 1.2, 0.0, -1.3, -1.2, -0.2]
        A1014_bheld        ratio [1.002, 1.003, 0.991, 0.978, 0.991, 1.005, 1.005]  dphase [-0.1, -0.3, -0.9, 0.4, 1.0, 0.6, 0.1]
        A1017_bheld        ratio [1.005, 1.006, 0.971, 0.954, 0.985, 1.012, 1.011]  dphase [-0.3, -1.0, -1.9, 1.3, 2.2, 1.2, 0.1]
        A1020_bheld        ratio [1.011, 1.003, 0.933, 0.935, 0.984, 1.022, 1.017]  dphase [-0.9, -2.4, -2.5, 2.9, 3.6, 1.7, 0.1]
        A999_Kaheld_b1090  ratio [1.0, 1.002, 1.016, 1.006, 0.953, 0.912, 0.958]  dphase [0.0, 0.1, -0.2, -3.1, -3.6, 0.4, 3.9]
        A1017_Kaheld_b305  ratio [0.999, 0.996, 0.983, 1.023, 1.061, 1.054, 1.008]  dphase [-0.0, -0.1, 0.8, 2.8, 1.4, -1.8, -2.5]
   b_lo     v 26.9  V294 |G| [0.037, 0.09, 0.236, 0.459, 0.627, 0.861, 0.985] ph [148.7, 131.1, 99.8, 67.9, 49.0, 20.1, -14.7]
        L6.0               ratio [1.0, 1.002, 1.007, 1.021, 1.036, 1.068, 1.116]  dphase [0.5, 0.9, 1.7, 2.8, 3.7, 4.9, 5.2]
        L7.0               ratio [1.001, 1.003, 1.012, 1.036, 1.06, 1.118, 1.211]  dphase [0.9, 1.6, 3.0, 5.0, 6.6, 8.8, 9.7]
        L8.0               ratio [1.001, 1.004, 1.016, 1.046, 1.078, 1.155, 1.287]  dphase [1.3, 2.1, 3.9, 6.7, 8.9, 12.1, 13.7]
        L9.0               ratio [1.001, 1.004, 1.018, 1.053, 1.09, 1.183, 1.349]  dphase [1.5, 2.5, 4.7, 8.0, 10.7, 14.8, 17.2]
        L10.0              ratio [1.001, 1.005, 1.02, 1.059, 1.1, 1.204, 1.4]  dphase [1.7, 2.8, 5.3, 9.1, 12.2, 17.1, 20.2]
        L12.0              ratio [1.001, 1.005, 1.023, 1.067, 1.114, 1.234, 1.474]  dphase [2.0, 3.3, 6.3, 10.7, 14.5, 20.7, 25.3]
        L15.0              ratio [1.001, 1.006, 1.025, 1.074, 1.126, 1.261, 1.543]  dphase [2.3, 3.8, 7.2, 12.5, 16.9, 24.5, 31.0]
        D128               ratio [1.0, 1.0, 1.002, 1.004, 1.003, 1.001, 1.011]  dphase [0.5, 0.8, 1.5, 2.8, 4.1, 7.0, 11.9]
        D256               ratio [1.0, 1.001, 1.005, 1.011, 1.013, 1.019, 1.062]  dphase [0.9, 1.6, 3.0, 5.5, 8.1, 13.8, 22.8]
        D512               ratio [1.001, 1.003, 1.013, 1.034, 1.05, 1.098, 1.249]  dphase [1.9, 3.1, 6.0, 10.9, 15.7, 25.7, 39.6]
        D945               ratio [1.002, 1.008, 1.034, 1.097, 1.159, 1.319, 1.682]  dphase [3.4, 5.7, 11.0, 19.3, 26.7, 40.2, 55.9]
        A1005_bheld        ratio [0.997, 0.997, 1.012, 1.028, 1.017, 0.996, 0.992]  dphase [0.2, 0.5, 1.0, -0.2, -1.1, -1.0, -0.2]
        A1014_bheld        ratio [1.002, 1.001, 0.987, 0.983, 0.994, 1.004, 1.004]  dphase [-0.2, -0.5, -0.7, 0.5, 0.8, 0.5, 0.1]
        A1017_bheld        ratio [1.006, 1.001, 0.964, 0.966, 0.99, 1.01, 1.009]  dphase [-0.5, -1.3, -1.3, 1.4, 1.8, 1.0, 0.1]
        A1020_bheld        ratio [1.01, 0.989, 0.927, 0.953, 0.992, 1.017, 1.014]  dphase [-1.3, -2.8, -1.2, 2.9, 3.0, 1.4, 0.2]
        A999_Kaheld_b1090  ratio [1.001, 1.003, 1.014, 0.998, 0.958, 0.928, 0.962]  dphase [0.0, 0.1, -0.5, -2.6, -2.7, 0.3, 3.0]
        A1017_Kaheld_b305  ratio [0.999, 0.995, 0.988, 1.025, 1.05, 1.043, 1.01]  dphase [-0.0, -0.0, 1.0, 2.1, 0.8, -1.4, -2.0]

M3  fork outer loop (r1, relay slope incl.): Ms / PM_min / GM_min per plant x speed (stress: wheel-side angle)
   nominal   v  5.0  V294 Ms 1.197@1.45 PM 112.9 GM 11.14 | L6.0 Ms-0.6% GM+4.9% PM+0.5  L7.0 Ms-1.1% GM+8.4% PM+1.0  L8.0 Ms-1.5% GM+11.9% PM+1.2  L9.0 Ms-1.8% GM+14.9% PM+1.5  L10.0 Ms-2.1% GM+18.3% PM+1.8  L12.0 Ms-2.5% GM+22.4% PM+2.2  L15.0 Ms-2.9% GM+28.7% PM+2.6  D128 Ms-0.7% GM+8.4% PM+0.6  D256 Ms-1.4% GM+17.9% PM+1.0  D512 Ms-2.7% GM+37.7% PM+2.0  D945 Ms-4.6% GM+60.9% PM+3.7  A1005_bheld Ms+1.3% GM-6.6% PM+1.8  A1014_bheld Ms-1.2% GM+3.6% PM-1.6  A1017_bheld Ms-2.8% GM+6.2% PM-3.6  A1020_bheld Ms-4.8% GM+7.0% PM-5.4  A999_Kaheld_b1090 Ms+2.1% GM+6.3% PM-0.6  A1017_Kaheld_b305 Ms-1.0% GM-12.1% PM+0.9
   nominal   v  8.0  V294 Ms 1.185@1.73 PM 145.3 GM 10.46 | L6.0 Ms-0.6% GM+4.0% PM+0.0  L7.0 Ms-1.0% GM+7.4% PM+0.1  L8.0 Ms-1.3% GM+9.9% PM+0.2  L9.0 Ms-1.6% GM+12.8% PM+0.2  L10.0 Ms-1.8% GM+15.3% PM+0.3  L12.0 Ms-2.2% GM+20.1% PM+0.3  L15.0 Ms-2.6% GM+25.3% PM+0.4  D128 Ms-0.7% GM+7.7% PM+0.1  D256 Ms-1.4% GM+17.2% PM+0.2  D512 Ms-2.6% GM+35.7% PM+0.4  D945 Ms-4.2% GM+56.8% PM+0.8  A1005_bheld Ms+1.5% GM-6.5% PM-0.1  A1014_bheld Ms-1.1% GM+2.8% PM-0.0  A1017_bheld Ms-2.5% GM+4.7% PM+0.1  A1020_bheld Ms-3.8% GM+5.6% PM+0.2  A999_Kaheld_b1090 Ms+1.9% GM+6.6% PM+0.0  A1017_Kaheld_b305 Ms-0.3% GM-12.7% PM-0.0
   nominal   v 12.0  V294 Ms 1.116@1.83 PM 141.6 GM 15.52 | L6.0 Ms-0.4% GM+2.9% PM+0.1  L7.0 Ms-0.8% GM+4.9% PM+0.2  L8.0 Ms-1.1% GM+7.6% PM+0.3  L9.0 Ms-1.3% GM+9.5% PM+0.3  L10.0 Ms-1.5% GM+11.8% PM+0.4  L12.0 Ms-1.8% GM+15.0% PM+0.4  L15.0 Ms-2.1% GM+19.3% PM+0.5  D128 Ms-0.6% GM+9.3% PM+0.1  D256 Ms-1.1% GM+18.5% PM+0.2  D512 Ms-2.1% GM+36.3% PM+0.4  D945 Ms-3.4% GM+45.9% PM+0.7  A1005_bheld Ms+0.5% GM-3.5% PM+0.0  A1014_bheld Ms-0.4% GM+1.3% PM+0.1  A1017_bheld Ms-1.0% GM+2.8% PM+0.1  A1020_bheld Ms-1.6% GM+3.2% PM+0.2  A999_Kaheld_b1090 Ms+0.8% GM+6.1% PM+0.0  A1017_Kaheld_b305 Ms-0.2% GM-8.1% PM-0.0
   nominal   v 17.0  V294 Ms 1.060@2.39 PM 110.7 GM 26.14 | L6.0 Ms-0.2% GM+1.2% PM+0.0  L7.0 Ms-0.4% GM+2.4% PM+0.0  L8.0 Ms-0.5% GM+3.2% PM+0.1  L9.0 Ms-0.6% GM+4.7% PM+0.1  L10.0 Ms-0.7% GM+6.0% PM+0.1  L12.0 Ms-0.9% GM+8.4% PM+0.1  L15.0 Ms-1.0% GM+10.9% PM+0.1  D128 Ms-0.3% GM+10.4% PM+0.0  D256 Ms-0.7% GM+20.2% PM+0.0  D512 Ms-1.2% GM+35.5% PM+0.1  D945 Ms-1.8% GM+32.4% PM+0.2  A1005_bheld Ms+0.2% GM-1.7% PM+0.0  A1014_bheld Ms-0.1% GM+0.6% PM-0.0  A1017_bheld Ms-0.2% GM+1.1% PM-0.0  A1020_bheld Ms-0.4% GM+1.4% PM-0.0  A999_Kaheld_b1090 Ms+0.2% GM+3.9% PM+0.0  A1017_Kaheld_b305 Ms+0.0% GM-4.3% PM-0.0
   nominal   v 26.9  V294 Ms 1.087@2.10 PM 139.2 GM 19.93 | L6.0 Ms-0.4% GM+1.8% PM+0.1  L7.0 Ms-0.7% GM+2.9% PM+0.2  L8.0 Ms-0.9% GM+4.3% PM+0.2  L9.0 Ms-1.1% GM+5.7% PM+0.3  L10.0 Ms-1.3% GM+7.0% PM+0.3  L12.0 Ms-1.5% GM+9.8% PM+0.4  L15.0 Ms-1.8% GM+12.8% PM+0.4  D128 Ms-0.5% GM+11.1% PM+0.1  D256 Ms-1.0% GM+21.7% PM+0.2  D512 Ms-1.9% GM+39.3% PM+0.4  D945 Ms-3.0% GM+34.7% PM+0.7  A1005_bheld Ms+0.2% GM-1.6% PM+0.0  A1014_bheld Ms-0.1% GM+0.7% PM-0.0  A1017_bheld Ms-0.3% GM+1.2% PM+0.1  A1020_bheld Ms-0.5% GM+0.8% PM+0.0  A999_Kaheld_b1090 Ms+0.3% GM+2.7% PM+0.0  A1017_Kaheld_b305 Ms-0.0% GM-3.6% PM-0.0
   light_b   v  5.0  V294 Ms 1.773@1.32 PM 47.6 GM 4.45 | L6.0 Ms-1.5% GM+6.5% PM+0.6  L7.0 Ms-2.7% GM+12.6% PM+0.9  L8.0 Ms-3.6% GM+17.3% PM+1.5  L9.0 Ms-4.3% GM+22.3% PM+1.5  L10.0 Ms-4.8% GM+26.5% PM+1.9  L12.0 Ms-5.7% GM+33.1% PM+2.0  L15.0 Ms-6.6% GM+41.4% PM+2.6  D128 Ms-1.6% GM+7.3% PM+0.5  D256 Ms-3.2% GM+16.9% PM+1.4  D512 Ms-6.0% GM+38.9% PM+2.4  D945 Ms-10.0% GM+85.5% PM+3.7  A1005_bheld Ms+12.6% GM-19.9% PM-5.0  A1014_bheld Ms-7.9% GM+11.0% PM+4.4  A1017_bheld Ms-16.6% GM+18.8% PM+11.3  A1020_bheld Ms-24.0% GM+22.6% PM+23.0  A999_Kaheld_b1090 Ms+13.7% GM-5.4% PM-7.2  A1017_Kaheld_b305 Ms-4.7% GM-18.2% PM+7.9
   light_b   v  8.0  V294 Ms 1.737@1.52 PM 53.2 GM 4.05 | L6.0 Ms-1.4% GM+6.6% PM+0.0  L7.0 Ms-2.5% GM+12.0% PM+0.3  L8.0 Ms-3.3% GM+16.8% PM+0.4  L9.0 Ms-4.0% GM+20.8% PM+0.9  L10.0 Ms-4.5% GM+25.0% PM+0.8  L12.0 Ms-5.4% GM+30.6% PM+0.9  L15.0 Ms-6.2% GM+39.0% PM+1.5  D128 Ms-1.6% GM+7.5% PM+0.5  D256 Ms-3.1% GM+16.4% PM+1.0  D512 Ms-5.8% GM+36.5% PM+1.5  D945 Ms-9.6% GM+80.5% PM+2.6  A1005_bheld Ms+13.9% GM-18.5% PM-7.3  A1014_bheld Ms-8.0% GM+9.3% PM+5.7  A1017_bheld Ms-15.8% GM+17.1% PM+14.1  A1020_bheld Ms-21.3% GM+19.2% PM+27.8  A999_Kaheld_b1090 Ms+13.3% GM-2.8% PM-9.5  A1017_Kaheld_b305 Ms-1.2% GM-19.6% PM+8.3
   light_b   v 12.0  V294 Ms 1.717@1.88 PM 63.7 GM 3.47 | L6.0 Ms-1.3% GM+4.9% PM-0.7  L7.0 Ms-2.3% GM+10.4% PM-0.4  L8.0 Ms-3.1% GM+14.3% PM-1.0  L9.0 Ms-3.7% GM+18.4% PM-1.1  L10.0 Ms-4.2% GM+21.7% PM-1.2  L12.0 Ms-5.1% GM+27.4% PM-1.2  L15.0 Ms-5.9% GM+33.6% PM-1.1  D128 Ms-1.7% GM+7.0% PM-0.0  D256 Ms-3.2% GM+14.2% PM-0.1  D512 Ms-5.9% GM+33.8% PM+0.3  D945 Ms-9.4% GM+72.6% PM-0.6  A1005_bheld Ms+15.1% GM-17.0% PM-11.2  A1014_bheld Ms-7.4% GM+7.4% PM+8.5  A1017_bheld Ms-13.5% GM+13.3% PM+20.4  A1020_bheld Ms-16.8% GM+14.7% PM+39.1  A999_Kaheld_b1090 Ms+11.1% GM+2.0% PM-12.9  A1017_Kaheld_b305 Ms+5.8% GM-21.6% PM+10.3
   light_b   v 17.0  V294 Ms 2.000@2.10 PM 50.1 GM 2.63 | L6.0 Ms-2.0% GM+5.0% PM+0.0  L7.0 Ms-3.5% GM+9.5% PM+0.4  L8.0 Ms-4.7% GM+14.5% PM+0.5  L9.0 Ms-5.7% GM+17.6% PM+0.5  L10.0 Ms-6.5% GM+20.9% PM+0.4  L12.0 Ms-7.7% GM+26.6% PM+0.6  L15.0 Ms-9.0% GM+32.9% PM+0.8  D128 Ms-2.6% GM+7.1% PM+0.7  D256 Ms-4.9% GM+14.5% PM+1.3  D512 Ms-8.9% GM+33.1% PM+2.0  D945 Ms-13.9% GM+70.8% PM+2.1  A1005_bheld Ms+21.3% GM-15.3% PM-11.5  A1014_bheld Ms-9.0% GM+7.3% PM+8.5  A1017_bheld Ms-15.6% GM+12.4% PM+20.2  A1020_bheld Ms-18.9% GM+13.9% PM+37.2  A999_Kaheld_b1090 Ms+11.9% GM+4.8% PM-10.8  A1017_Kaheld_b305 Ms+14.0% GM-22.0% PM+3.5
   light_b   v 26.9  V294 Ms 3.066@2.55 PM 31.2 GM 1.69 | L6.0 Ms-4.7% GM+4.1% PM+0.4  L7.0 Ms-8.2% GM+8.6% PM+1.1  L8.0 Ms-10.9% GM+12.6% PM+1.4  L9.0 Ms-13.0% GM+15.8% PM+2.2  L10.0 Ms-14.6% GM+19.1% PM+2.7  L12.0 Ms-17.2% GM+23.8% PM+3.1  L15.0 Ms-19.7% GM+30.1% PM+3.6  D128 Ms-6.4% GM+6.4% PM+1.0  D256 Ms-11.6% GM+14.0% PM+2.5  D512 Ms-19.8% GM+30.6% PM+4.4  D945 Ms-28.7% GM+64.1% PM+6.3  A1005_bheld Ms+43.3% GM-14.3% PM-11.8  A1014_bheld Ms-12.8% GM+6.3% PM+7.5  A1017_bheld Ms-20.4% GM+10.4% PM+17.5  A1020_bheld Ms-23.5% GM+11.1% PM+30.3  A999_Kaheld_b1090 Ms+6.2% GM+8.7% PM-6.7  A1017_Kaheld_b305 Ms+66.9% GM-22.9% PM-10.0
   b_lo      v  5.0  V294 Ms 1.288@1.45 PM 97.9 GM 8.25 | L6.0 Ms-0.8% GM+5.1% PM+0.7  L7.0 Ms-1.4% GM+9.5% PM+1.1  L8.0 Ms-1.9% GM+13.7% PM+1.4  L9.0 Ms-2.3% GM+16.5% PM+1.5  L10.0 Ms-2.6% GM+19.5% PM+1.9  L12.0 Ms-3.1% GM+25.3% PM+2.2  L15.0 Ms-3.6% GM+31.6% PM+2.4  D128 Ms-0.9% GM+8.1% PM+0.6  D256 Ms-1.8% GM+16.5% PM+1.1  D512 Ms-3.4% GM+36.3% PM+2.3  D945 Ms-5.6% GM+67.3% PM+4.1  A1005_bheld Ms+2.7% GM-10.4% PM+2.1  A1014_bheld Ms-2.2% GM+4.5% PM-0.9  A1017_bheld Ms-5.0% GM+7.7% PM-1.5  A1020_bheld Ms-7.9% GM+9.4% PM+0.8  A999_Kaheld_b1090 Ms+3.8% GM+4.3% PM-2.8  A1017_Kaheld_b305 Ms-1.5% GM-15.1% PM+3.9
   b_lo      v  8.0  V294 Ms 1.261@1.75 PM 147.4 GM 7.71 | L6.0 Ms-0.6% GM+5.0% PM+0.1  L7.0 Ms-1.2% GM+8.5% PM+0.2  L8.0 Ms-1.6% GM+12.6% PM+0.3  L9.0 Ms-1.9% GM+15.3% PM+0.3  L10.0 Ms-2.2% GM+18.4% PM+0.4  L12.0 Ms-2.6% GM+23.2% PM+0.4  L15.0 Ms-3.1% GM+28.4% PM+0.5  D128 Ms-0.8% GM+8.2% PM+0.1  D256 Ms-1.6% GM+16.7% PM+0.2  D512 Ms-3.1% GM+35.6% PM+0.4  D945 Ms-5.0% GM+62.4% PM+0.8  A1005_bheld Ms+2.9% GM-8.8% PM+0.0  A1014_bheld Ms-2.0% GM+4.5% PM+0.1  A1017_bheld Ms-4.3% GM+7.0% PM+0.2  A1020_bheld Ms-6.0% GM+8.1% PM+0.3  A999_Kaheld_b1090 Ms+3.3% GM+6.7% PM+0.0  A1017_Kaheld_b305 Ms-0.1% GM-14.6% PM-0.0
   b_lo      v 12.0  V294 Ms 1.206@1.92 PM 146.2 GM 8.89 | L6.0 Ms-0.6% GM+3.7% PM+0.1  L7.0 Ms-1.1% GM+7.0% PM+0.2  L8.0 Ms-1.4% GM+10.2% PM+0.3  L9.0 Ms-1.7% GM+12.2% PM+0.3  L10.0 Ms-2.0% GM+14.6% PM+0.3  L12.0 Ms-2.4% GM+19.2% PM+0.3  L15.0 Ms-2.8% GM+24.3% PM+0.4  D128 Ms-0.8% GM+8.5% PM+0.1  D256 Ms-1.6% GM+17.0% PM+0.2  D512 Ms-2.9% GM+35.1% PM+0.4  D945 Ms-4.7% GM+53.9% PM+0.7  A1005_bheld Ms+1.7% GM-5.7% PM-0.1  A1014_bheld Ms-1.2% GM+2.8% PM-0.0  A1017_bheld Ms-2.5% GM+4.7% PM+0.1  A1020_bheld Ms-3.6% GM+5.1% PM+0.2  A999_Kaheld_b1090 Ms+2.0% GM+7.4% PM+0.0  A1017_Kaheld_b305 Ms+0.1% GM-11.8% PM-0.0
   b_lo      v 17.0  V294 Ms 1.099@2.72 PM 111.3 GM 14.84 | L6.0 Ms-0.2% GM+1.3% PM+0.0  L7.0 Ms-0.4% GM+1.8% PM+0.0  L8.0 Ms-0.5% GM+3.2% PM+0.1  L9.0 Ms-0.7% GM+4.6% PM+0.1  L10.0 Ms-0.8% GM+5.8% PM+0.1  L12.0 Ms-1.0% GM+8.3% PM+0.1  L15.0 Ms-1.2% GM+11.1% PM+0.1  D128 Ms-0.5% GM+8.4% PM+0.0  D256 Ms-0.9% GM+17.0% PM+0.0  D512 Ms-1.7% GM+30.7% PM+0.1  D945 Ms-2.3% GM+32.3% PM+0.2  A1005_bheld Ms+0.4% GM-2.6% PM+0.0  A1014_bheld Ms-0.3% GM+1.3% PM-0.0  A1017_bheld Ms-0.5% GM+1.5% PM-0.0  A1020_bheld Ms-0.7% GM+2.2% PM-0.0  A999_Kaheld_b1090 Ms+0.3% GM+6.6% PM+0.0  A1017_Kaheld_b305 Ms+0.3% GM-6.8% PM-0.0
   b_lo      v 26.9  V294 Ms 1.149@2.39 PM 144.4 GM 11.05 | L6.0 Ms-0.5% GM+1.9% PM+0.1  L7.0 Ms-0.9% GM+2.9% PM+0.2  L8.0 Ms-1.2% GM+4.9% PM+0.3  L9.0 Ms-1.4% GM+6.1% PM+0.3  L10.0 Ms-1.7% GM+7.8% PM+0.3  L12.0 Ms-2.0% GM+10.1% PM+0.4  L15.0 Ms-2.4% GM+13.3% PM+0.5  D128 Ms-0.8% GM+9.8% PM+0.1  D256 Ms-1.6% GM+19.2% PM+0.2  D512 Ms-2.9% GM+34.8% PM+0.4  D945 Ms-4.2% GM+36.1% PM+0.7  A1005_bheld Ms+0.5% GM-2.5% PM+0.0  A1014_bheld Ms-0.4% GM+0.6% PM-0.0  A1017_bheld Ms-0.8% GM+1.6% PM-0.0  A1020_bheld Ms-1.1% GM+1.7% PM+0.1  A999_Kaheld_b1090 Ms+0.6% GM+4.8% PM+0.0  A1017_Kaheld_b305 Ms+0.2% GM-5.6% PM-0.0
   J_hi      v  5.0  V294 Ms 1.220@1.19 PM 131.8 GM 10.66 | L6.0 Ms-0.6% GM+5.2% PM+0.4  L7.0 Ms-1.1% GM+10.3% PM+0.7  L8.0 Ms-1.5% GM+15.0% PM+0.8  L9.0 Ms-1.8% GM+19.3% PM+1.0  L10.0 Ms-2.0% GM+22.8% PM+1.2  L12.0 Ms-2.4% GM+28.5% PM+1.4  L15.0 Ms-2.8% GM+35.6% PM+1.6  D128 Ms-0.7% GM+7.5% PM+0.4  D256 Ms-1.3% GM+16.2% PM+0.7  D512 Ms-2.5% GM+38.0% PM+1.3  D945 Ms-4.3% GM+77.0% PM+2.4  A1005_bheld Ms+1.0% GM-7.7% PM+1.3  A1014_bheld Ms-1.0% GM+3.8% PM-1.0  A1017_bheld Ms-2.5% GM+7.5% PM-3.1  A1020_bheld Ms-4.5% GM+9.8% PM-6.8  A999_Kaheld_b1090 Ms+1.4% GM+0.5% PM-0.1  A1017_Kaheld_b305 Ms-0.9% GM-8.1% PM+0.2
   J_hi      v  8.0  V294 Ms 1.217@1.40 PM 133.8 GM 9.60 | L6.0 Ms-0.6% GM+5.2% PM+0.1  L7.0 Ms-1.0% GM+10.5% PM+0.1  L8.0 Ms-1.4% GM+14.4% PM+0.2  L9.0 Ms-1.7% GM+18.7% PM+0.2  L10.0 Ms-1.9% GM+22.3% PM+0.1  L12.0 Ms-2.3% GM+28.0% PM+0.1  L15.0 Ms-2.7% GM+34.2% PM+0.2  D128 Ms-0.7% GM+7.7% PM+0.1  D256 Ms-1.3% GM+16.7% PM+0.1  D512 Ms-2.5% GM+36.6% PM+0.2  D945 Ms-4.2% GM+74.6% PM+0.4  A1005_bheld Ms+1.3% GM-7.0% PM+0.0  A1014_bheld Ms-1.1% GM+3.8% PM-0.0  A1017_bheld Ms-2.5% GM+7.6% PM-0.0  A1020_bheld Ms-4.1% GM+9.2% PM-0.0  A999_Kaheld_b1090 Ms+1.4% GM+1.7% PM+0.0  A1017_Kaheld_b305 Ms-0.5% GM-7.6% PM-0.0
   J_hi      v 12.0  V294 Ms 1.216@1.46 PM 146.2 GM 9.47 | L6.0 Ms-0.6% GM+4.6% PM+0.1  L7.0 Ms-1.1% GM+9.2% PM+0.3  L8.0 Ms-1.5% GM+13.6% PM+0.3  L9.0 Ms-1.8% GM+16.5% PM+0.4  L10.0 Ms-2.1% GM+19.8% PM+0.4  L12.0 Ms-2.5% GM+24.9% PM+0.5  L15.0 Ms-2.9% GM+31.5% PM+0.6  D128 Ms-0.7% GM+7.4% PM+0.1  D256 Ms-1.4% GM+15.9% PM+0.2  D512 Ms-2.7% GM+36.6% PM+0.5  D945 Ms-4.6% GM+70.1% PM+1.0  A1005_bheld Ms+1.1% GM-6.4% PM+0.0  A1014_bheld Ms-0.9% GM+2.7% PM+0.0  A1017_bheld Ms-2.2% GM+5.4% PM+0.1  A1020_bheld Ms-3.5% GM+6.3% PM+0.2  A999_Kaheld_b1090 Ms+1.2% GM+1.6% PM+0.0  A1017_Kaheld_b305 Ms-0.4% GM-7.6% PM-0.0
   J_hi      v 17.0  V294 Ms 1.085@2.12 PM 111.5 GM 18.29 | L6.0 Ms-0.2% GM+1.9% PM+0.0  L7.0 Ms-0.4% GM+5.0% PM+0.0  L8.0 Ms-0.6% GM+6.6% PM+0.1  L9.0 Ms-0.7% GM+8.8% PM+0.1  L10.0 Ms-0.9% GM+10.6% PM+0.1  L12.0 Ms-1.1% GM+14.3% PM+0.1  L15.0 Ms-1.3% GM+18.3% PM+0.1  D128 Ms-0.4% GM+8.1% PM+0.0  D256 Ms-0.8% GM+16.8% PM+0.0  D512 Ms-1.4% GM+33.5% PM+0.1  D945 Ms-2.2% GM+46.1% PM+0.2  A1005_bheld Ms+0.3% GM-2.0% PM+0.0  A1014_bheld Ms-0.2% GM+0.7% PM-0.0  A1017_bheld Ms-0.4% GM+1.1% PM-0.0  A1020_bheld Ms-0.6% GM+2.0% PM-0.0  A999_Kaheld_b1090 Ms+0.2% GM+2.7% PM+0.0  A1017_Kaheld_b305 Ms+0.1% GM-4.7% PM-0.0
   J_hi      v 26.9  V294 Ms 1.097@1.91 PM 137.4 GM 17.50 | L6.0 Ms-0.4% GM+1.7% PM+0.1  L7.0 Ms-0.7% GM+4.0% PM+0.2  L8.0 Ms-0.9% GM+6.4% PM+0.2  L9.0 Ms-1.1% GM+8.0% PM+0.3  L10.0 Ms-1.3% GM+10.0% PM+0.3  L12.0 Ms-1.5% GM+13.6% PM+0.3  L15.0 Ms-1.8% GM+17.4% PM+0.4  D128 Ms-0.5% GM+9.1% PM+0.1  D256 Ms-1.0% GM+18.9% PM+0.2  D512 Ms-1.9% GM+36.6% PM+0.3  D945 Ms-3.0% GM+43.4% PM+0.6  A1005_bheld Ms+0.2% GM-1.7% PM+0.0  A1014_bheld Ms-0.1% GM-0.1% PM-0.0  A1017_bheld Ms-0.3% GM+0.4% PM-0.0  A1020_bheld Ms-0.5% GM+0.7% PM+0.1  A999_Kaheld_b1090 Ms+0.2% GM+2.1% PM+0.0  A1017_Kaheld_b305 Ms-0.0% GM-3.4% PM-0.0
   tau6      v  5.0  V294 Ms 1.206@1.42 PM 112.3 GM 10.41 | L6.0 Ms-0.7% GM+4.2% PM+0.5  L7.0 Ms-1.1% GM+7.7% PM+1.0  L8.0 Ms-1.5% GM+11.1% PM+1.4  L9.0 Ms-1.9% GM+13.4% PM+1.7  L10.0 Ms-2.1% GM+15.9% PM+1.8  L12.0 Ms-2.5% GM+20.8% PM+2.2  L15.0 Ms-2.9% GM+26.0% PM+2.6  D128 Ms-0.7% GM+7.4% PM+0.6  D256 Ms-1.4% GM+15.7% PM+1.0  D512 Ms-2.7% GM+32.9% PM+2.2  D945 Ms-4.6% GM+54.9% PM+3.9  A1005_bheld Ms+1.4% GM-7.3% PM+1.8  A1014_bheld Ms-1.2% GM+3.5% PM-1.6  A1017_bheld Ms-2.9% GM+5.9% PM-3.4  A1020_bheld Ms-4.9% GM+6.4% PM-5.1  A999_Kaheld_b1090 Ms+2.1% GM+5.3% PM-0.6  A1017_Kaheld_b305 Ms-1.0% GM-12.1% PM+0.9
   tau6      v  8.0  V294 Ms 1.193@1.71 PM 145.2 GM 9.70 | L6.0 Ms-0.5% GM+4.0% PM+0.0  L7.0 Ms-1.0% GM+7.4% PM+0.1  L8.0 Ms-1.3% GM+10.0% PM+0.2  L9.0 Ms-1.6% GM+12.9% PM+0.2  L10.0 Ms-1.8% GM+15.4% PM+0.3  L12.0 Ms-2.2% GM+19.3% PM+0.3  L15.0 Ms-2.6% GM+23.6% PM+0.4  D128 Ms-0.7% GM+7.5% PM+0.1  D256 Ms-1.4% GM+15.8% PM+0.2  D512 Ms-2.6% GM+31.9% PM+0.4  D945 Ms-4.2% GM+51.9% PM+0.8  A1005_bheld Ms+1.6% GM-6.5% PM-0.1  A1014_bheld Ms-1.2% GM+3.5% PM-0.0  A1017_bheld Ms-2.6% GM+5.2% PM+0.1  A1020_bheld Ms-3.9% GM+5.9% PM+0.2  A999_Kaheld_b1090 Ms+1.9% GM+7.3% PM+0.0  A1017_Kaheld_b305 Ms-0.2% GM-12.2% PM-0.0
   tau6      v 12.0  V294 Ms 1.122@1.79 PM 141.5 GM 14.36 | L6.0 Ms-0.4% GM+2.4% PM+0.1  L7.0 Ms-0.8% GM+5.1% PM+0.2  L8.0 Ms-1.1% GM+7.3% PM+0.3  L9.0 Ms-1.3% GM+9.2% PM+0.3  L10.0 Ms-1.5% GM+10.8% PM+0.4  L12.0 Ms-1.8% GM+14.1% PM+0.4  L15.0 Ms-2.1% GM+17.7% PM+0.5  D128 Ms-0.6% GM+8.3% PM+0.1  D256 Ms-1.1% GM+16.4% PM+0.2  D512 Ms-2.1% GM+32.1% PM+0.4  D945 Ms-3.4% GM+41.9% PM+0.7  A1005_bheld Ms+0.6% GM-3.5% PM+0.0  A1014_bheld Ms-0.5% GM+1.2% PM+0.1  A1017_bheld Ms-1.1% GM+2.7% PM+0.1  A1020_bheld Ms-1.7% GM+2.9% PM+0.2  A999_Kaheld_b1090 Ms+0.8% GM+5.2% PM+0.0  A1017_Kaheld_b305 Ms-0.2% GM-8.1% PM-0.0
   tau6      v 17.0  V294 Ms 1.064@2.33 PM 110.7 GM 23.90 | L6.0 Ms-0.2% GM+1.5% PM+0.0  L7.0 Ms-0.4% GM+2.2% PM+0.0  L8.0 Ms-0.5% GM+3.9% PM+0.1  L9.0 Ms-0.6% GM+4.9% PM+0.1  L10.0 Ms-0.7% GM+6.3% PM+0.1  L12.0 Ms-0.9% GM+8.2% PM+0.1  L15.0 Ms-1.0% GM+10.9% PM+0.1  D128 Ms-0.3% GM+9.4% PM+0.0  D256 Ms-0.7% GM+18.2% PM+0.0  D512 Ms-1.2% GM+32.2% PM+0.1  D945 Ms-1.8% GM+30.0% PM+0.2  A1005_bheld Ms+0.2% GM-1.7% PM+0.0  A1014_bheld Ms-0.1% GM+0.6% PM-0.0  A1017_bheld Ms-0.2% GM+1.0% PM-0.0  A1020_bheld Ms-0.4% GM+1.2% PM-0.0  A999_Kaheld_b1090 Ms+0.2% GM+3.8% PM+0.0  A1017_Kaheld_b305 Ms+0.0% GM-4.3% PM-0.0
   tau6      v 26.9  V294 Ms 1.092@2.05 PM 139.1 GM 18.11 | L6.0 Ms-0.4% GM+1.4% PM+0.1  L7.0 Ms-0.7% GM+3.5% PM+0.2  L8.0 Ms-0.9% GM+5.1% PM+0.2  L9.0 Ms-1.1% GM+6.0% PM+0.3  L10.0 Ms-1.3% GM+7.4% PM+0.3  L12.0 Ms-1.5% GM+9.9% PM+0.4  L15.0 Ms-1.8% GM+13.2% PM+0.4  D128 Ms-0.5% GM+10.1% PM+0.1  D256 Ms-1.0% GM+19.7% PM+0.2  D512 Ms-1.9% GM+35.2% PM+0.4  D945 Ms-3.0% GM+33.6% PM+0.7  A1005_bheld Ms+0.2% GM-0.9% PM+0.0  A1014_bheld Ms-0.1% GM+0.6% PM-0.0  A1017_bheld Ms-0.3% GM+1.1% PM+0.1  A1020_bheld Ms-0.5% GM+1.4% PM+0.0  A999_Kaheld_b1090 Ms+0.3% GM+2.7% PM+0.0  A1017_Kaheld_b305 Ms-0.0% GM-2.9% PM-0.0
   mode13    v  5.0  V294 Ms 1.201@1.46 PM 112.6 GM 10.31 | L6.0 Ms-0.6% GM+3.4% PM+0.7  L7.0 Ms-1.1% GM+6.3% PM+1.0  L8.0 Ms-1.5% GM+9.1% PM+1.4  L9.0 Ms-1.8% GM+11.6% PM+1.8  L10.0 Ms-2.1% GM+13.7% PM+2.0  L12.0 Ms-2.5% GM+17.6% PM+2.2  L15.0 Ms-2.9% GM+21.8% PM+2.6  D128 Ms-0.7% GM+7.6% PM+0.6  D256 Ms-1.4% GM+15.1% PM+1.2  D512 Ms-2.7% GM+30.5% PM+2.3  D945 Ms-4.6% GM+44.8% PM+3.9  A1005_bheld Ms+1.4% GM-6.8% PM+2.1  A1014_bheld Ms-1.2% GM+3.2% PM-1.3  A1017_bheld Ms-2.9% GM+4.7% PM-3.4  A1020_bheld Ms-4.8% GM+5.2% PM-5.2  A999_Kaheld_b1090 Ms+2.1% GM+6.0% PM-0.4  A1017_Kaheld_b305 Ms-1.0% GM-11.9% PM+1.2
   mode13    v  8.0  V294 Ms 1.190@1.76 PM 145.3 GM 9.55 | L6.0 Ms-0.5% GM+3.2% PM+0.0  L7.0 Ms-1.0% GM+5.9% PM+0.1  L8.0 Ms-1.3% GM+7.9% PM+0.2  L9.0 Ms-1.6% GM+10.3% PM+0.2  L10.0 Ms-1.8% GM+12.2% PM+0.3  L12.0 Ms-2.2% GM+15.3% PM+0.3  L15.0 Ms-2.6% GM+19.3% PM+0.4  D128 Ms-0.7% GM+6.9% PM+0.1  D256 Ms-1.4% GM+14.3% PM+0.2  D512 Ms-2.6% GM+28.4% PM+0.4  D945 Ms-4.2% GM+40.7% PM+0.8  A1005_bheld Ms+1.6% GM-6.0% PM-0.1  A1014_bheld Ms-1.2% GM+2.5% PM-0.0  A1017_bheld Ms-2.6% GM+4.0% PM+0.1  A1020_bheld Ms-3.7% GM+4.6% PM+0.2  A999_Kaheld_b1090 Ms+1.9% GM+7.1% PM+0.0  A1017_Kaheld_b305 Ms-0.1% GM-11.9% PM-0.0
   mode13    v 12.0  V294 Ms 1.120@1.87 PM 141.6 GM 13.84 | L6.0 Ms-0.4% GM+1.8% PM+0.1  L7.0 Ms-0.8% GM+2.9% PM+0.2  L8.0 Ms-1.0% GM+4.1% PM+0.3  L9.0 Ms-1.2% GM+5.2% PM+0.3  L10.0 Ms-1.4% GM+6.6% PM+0.4  L12.0 Ms-1.7% GM+8.5% PM+0.4  L15.0 Ms-2.0% GM+10.5% PM+0.5  D128 Ms-0.6% GM+7.1% PM+0.1  D256 Ms-1.1% GM+14.3% PM+0.2  D512 Ms-2.1% GM+25.6% PM+0.4  D945 Ms-3.3% GM+23.9% PM+0.7  A1005_bheld Ms+0.6% GM-3.1% PM+0.0  A1014_bheld Ms-0.5% GM+1.1% PM+0.1  A1017_bheld Ms-1.0% GM+2.3% PM+0.1  A1020_bheld Ms-1.5% GM+2.4% PM+0.2  A999_Kaheld_b1090 Ms+0.8% GM+6.4% PM+0.0  A1017_Kaheld_b305 Ms-0.1% GM-7.3% PM-0.0
   mode13    v 17.0  V294 Ms 1.063@2.49 PM 110.7 GM 22.39 | L6.0 Ms-0.2% GM-0.9% PM+0.0  L7.0 Ms-0.3% GM-1.1% PM+0.0  L8.0 Ms-0.4% GM-1.4% PM+0.1  L9.0 Ms-0.5% GM-1.2% PM+0.1  L10.0 Ms-0.6% GM-1.4% PM+0.1  L12.0 Ms-0.7% GM-1.0% PM+0.1  L15.0 Ms-0.9% GM-1.1% PM+0.1  D128 Ms-0.3% GM+7.2% PM+0.0  D256 Ms-0.7% GM+13.6% PM+0.0  D512 Ms-1.2% GM+18.3% PM+0.1  D945 Ms-1.4% GM+1.5% PM+0.2  A1005_bheld Ms+0.2% GM-1.4% PM+0.0  A1014_bheld Ms-0.1% GM+0.5% PM-0.0  A1017_bheld Ms-0.2% GM+0.8% PM-0.0  A1020_bheld Ms-0.3% GM+0.9% PM-0.0  A999_Kaheld_b1090 Ms+0.2% GM+4.1% PM+0.0  A1017_Kaheld_b305 Ms+0.1% GM-4.2% PM-0.0
   mode13    v 26.9  V294 Ms 1.090@2.19 PM 139.2 GM 17.12 | L6.0 Ms-0.3% GM-0.5% PM+0.1  L7.0 Ms-0.6% GM-0.7% PM+0.2  L8.0 Ms-0.8% GM-0.7% PM+0.2  L9.0 Ms-1.0% GM-0.6% PM+0.3  L10.0 Ms-1.1% GM-0.5% PM+0.3  L12.0 Ms-1.4% GM-0.3% PM+0.4  L15.0 Ms-1.6% GM-0.3% PM+0.4  D128 Ms-0.5% GM+7.8% PM+0.1  D256 Ms-1.0% GM+14.6% PM+0.2  D512 Ms-1.9% GM+19.6% PM+0.4  D945 Ms-2.5% GM+1.1% PM+0.7  A1005_bheld Ms+0.2% GM-1.4% PM+0.0  A1014_bheld Ms-0.1% GM+0.5% PM-0.0  A1017_bheld Ms-0.3% GM+0.9% PM+0.1  A1020_bheld Ms-0.5% GM+0.5% PM+0.0  A999_Kaheld_b1090 Ms+0.2% GM+3.0% PM+0.0  A1017_Kaheld_b305 Ms-0.0% GM-3.5% PM-0.0
   mode20    v  5.0  V294 Ms 1.199@1.45 PM 112.9 GM 10.81 | L6.0 Ms-0.6% GM+3.8% PM+0.5  L7.0 Ms-1.1% GM+7.8% PM+1.0  L8.0 Ms-1.5% GM+11.0% PM+1.2  L9.0 Ms-1.8% GM+13.8% PM+1.5  L10.0 Ms-2.1% GM+16.2% PM+1.8  L12.0 Ms-2.5% GM+19.9% PM+2.2  L15.0 Ms-2.9% GM+25.6% PM+2.3  D128 Ms-0.7% GM+8.1% PM+0.4  D256 Ms-1.4% GM+16.2% PM+1.0  D512 Ms-2.7% GM+34.5% PM+2.0  D945 Ms-4.6% GM+54.2% PM+3.7  A1005_bheld Ms+1.4% GM-7.1% PM+1.8  A1014_bheld Ms-1.2% GM+3.4% PM-1.6  A1017_bheld Ms-2.9% GM+5.1% PM-3.6  A1020_bheld Ms-4.8% GM+5.8% PM-5.4  A999_Kaheld_b1090 Ms+2.1% GM+5.7% PM-0.6  A1017_Kaheld_b305 Ms-1.0% GM-12.0% PM+0.9
   mode20    v  8.0  V294 Ms 1.187@1.74 PM 145.3 GM 10.05 | L6.0 Ms-0.5% GM+3.6% PM+0.0  L7.0 Ms-1.0% GM+6.8% PM+0.1  L8.0 Ms-1.3% GM+9.8% PM+0.2  L9.0 Ms-1.6% GM+12.5% PM+0.2  L10.0 Ms-1.8% GM+14.8% PM+0.3  L12.0 Ms-2.2% GM+18.4% PM+0.3  L15.0 Ms-2.6% GM+23.1% PM+0.4  D128 Ms-0.7% GM+8.1% PM+0.1  D256 Ms-1.4% GM+16.3% PM+0.2  D512 Ms-2.6% GM+33.4% PM+0.4  D945 Ms-4.2% GM+50.1% PM+0.8  A1005_bheld Ms+1.5% GM-6.3% PM-0.1  A1014_bheld Ms-1.2% GM+2.7% PM-0.0  A1017_bheld Ms-2.5% GM+5.1% PM+0.1  A1020_bheld Ms-3.7% GM+5.2% PM+0.2  A999_Kaheld_b1090 Ms+1.9% GM+7.7% PM+0.0  A1017_Kaheld_b305 Ms-0.2% GM-12.0% PM-0.0
   mode20    v 12.0  V294 Ms 1.118@1.85 PM 141.6 GM 14.77 | L6.0 Ms-0.4% GM+2.5% PM+0.1  L7.0 Ms-0.8% GM+4.7% PM+0.2  L8.0 Ms-1.0% GM+6.4% PM+0.3  L9.0 Ms-1.3% GM+8.0% PM+0.3  L10.0 Ms-1.5% GM+9.9% PM+0.4  L12.0 Ms-1.7% GM+12.6% PM+0.4  L15.0 Ms-2.0% GM+16.1% PM+0.5  D128 Ms-0.6% GM+8.7% PM+0.1  D256 Ms-1.1% GM+17.1% PM+0.2  D512 Ms-2.1% GM+32.5% PM+0.4  D945 Ms-3.3% GM+36.9% PM+0.7  A1005_bheld Ms+0.6% GM-3.3% PM+0.0  A1014_bheld Ms-0.5% GM+1.9% PM+0.1  A1017_bheld Ms-1.0% GM+2.6% PM+0.1  A1020_bheld Ms-1.6% GM+2.9% PM+0.2  A999_Kaheld_b1090 Ms+0.8% GM+6.2% PM+0.0  A1017_Kaheld_b305 Ms-0.2% GM-7.4% PM-0.0
   mode20    v 17.0  V294 Ms 1.061@2.43 PM 110.7 GM 24.49 | L6.0 Ms-0.2% GM+0.6% PM+0.0  L7.0 Ms-0.3% GM+1.2% PM+0.0  L8.0 Ms-0.5% GM+2.1% PM+0.1  L9.0 Ms-0.6% GM+2.5% PM+0.1  L10.0 Ms-0.7% GM+3.4% PM+0.1  L12.0 Ms-0.8% GM+4.9% PM+0.1  L15.0 Ms-1.0% GM+6.5% PM+0.1  D128 Ms-0.3% GM+9.4% PM+0.0  D256 Ms-0.7% GM+17.8% PM+0.0  D512 Ms-1.2% GM+29.2% PM+0.1  D945 Ms-1.7% GM+19.4% PM+0.2  A1005_bheld Ms+0.2% GM-0.9% PM+0.0  A1014_bheld Ms-0.1% GM+0.6% PM-0.0  A1017_bheld Ms-0.2% GM+1.0% PM-0.0  A1020_bheld Ms-0.3% GM+1.2% PM-0.0  A999_Kaheld_b1090 Ms+0.2% GM+4.0% PM+0.0  A1017_Kaheld_b305 Ms+0.0% GM-4.3% PM-0.0
   mode20    v 26.9  V294 Ms 1.088@2.13 PM 139.2 GM 18.70 | L6.0 Ms-0.4% GM+1.1% PM+0.1  L7.0 Ms-0.7% GM+2.3% PM+0.2  L8.0 Ms-0.9% GM+3.1% PM+0.2  L9.0 Ms-1.1% GM+4.0% PM+0.3  L10.0 Ms-1.2% GM+4.7% PM+0.3  L12.0 Ms-1.5% GM+6.1% PM+0.4  L15.0 Ms-1.7% GM+8.0% PM+0.4  D128 Ms-0.5% GM+10.0% PM+0.1  D256 Ms-1.0% GM+19.9% PM+0.2  D512 Ms-1.9% GM+32.2% PM+0.4  D945 Ms-2.9% GM+20.9% PM+0.7  A1005_bheld Ms+0.2% GM-0.9% PM+0.0  A1014_bheld Ms-0.1% GM+0.6% PM-0.0  A1017_bheld Ms-0.3% GM+1.0% PM+0.1  A1020_bheld Ms-0.5% GM+1.3% PM+0.0  A999_Kaheld_b1090 Ms+0.3% GM+3.6% PM+0.0  A1017_Kaheld_b305 Ms-0.0% GM-2.9% PM-0.0
   mode20_lo v  5.0  V294 Ms 1.200@1.45 PM 112.9 GM 10.58 | L6.0 Ms-0.6% GM+3.7% PM+0.5  L7.0 Ms-1.1% GM+6.9% PM+0.8  L8.0 Ms-1.5% GM+10.0% PM+1.2  L9.0 Ms-1.8% GM+12.7% PM+1.5  L10.0 Ms-2.1% GM+15.0% PM+1.8  L12.0 Ms-2.5% GM+19.3% PM+2.2  L15.0 Ms-2.9% GM+24.0% PM+2.3  D128 Ms-0.7% GM+7.2% PM+0.4  D256 Ms-1.4% GM+15.9% PM+1.0  D512 Ms-2.7% GM+32.8% PM+2.0  D945 Ms-4.6% GM+50.5% PM+3.7  A1005_bheld Ms+1.4% GM-7.0% PM+1.8  A1014_bheld Ms-1.2% GM+2.6% PM-1.6  A1017_bheld Ms-2.9% GM+5.0% PM-3.6  A1020_bheld Ms-4.8% GM+5.5% PM-5.4  A999_Kaheld_b1090 Ms+2.1% GM+5.7% PM-0.6  A1017_Kaheld_b305 Ms-1.0% GM-12.6% PM+0.9
   mode20_lo v  8.0  V294 Ms 1.188@1.75 PM 145.3 GM 9.82 | L6.0 Ms-0.5% GM+3.5% PM+0.0  L7.0 Ms-1.0% GM+5.9% PM+0.1  L8.0 Ms-1.3% GM+8.8% PM+0.2  L9.0 Ms-1.6% GM+11.4% PM+0.2  L10.0 Ms-1.8% GM+13.6% PM+0.3  L12.0 Ms-2.2% GM+17.0% PM+0.3  L15.0 Ms-2.6% GM+21.6% PM+0.4  D128 Ms-0.7% GM+7.2% PM+0.1  D256 Ms-1.4% GM+15.1% PM+0.2  D512 Ms-2.6% GM+30.7% PM+0.4  D945 Ms-4.2% GM+46.5% PM+0.8  A1005_bheld Ms+1.6% GM-6.2% PM-0.1  A1014_bheld Ms-1.2% GM+2.6% PM-0.0  A1017_bheld Ms-2.6% GM+4.3% PM+0.1  A1020_bheld Ms-3.7% GM+5.0% PM+0.2  A999_Kaheld_b1090 Ms+1.9% GM+6.8% PM+0.0  A1017_Kaheld_b305 Ms-0.2% GM-11.9% PM-0.0
   mode20_lo v 12.0  V294 Ms 1.119@1.86 PM 141.6 GM 14.33 | L6.0 Ms-0.4% GM+2.3% PM+0.1  L7.0 Ms-0.8% GM+3.7% PM+0.2  L8.0 Ms-1.0% GM+5.2% PM+0.3  L9.0 Ms-1.3% GM+7.3% PM+0.3  L10.0 Ms-1.4% GM+8.4% PM+0.4  L12.0 Ms-1.7% GM+10.8% PM+0.4  L15.0 Ms-2.0% GM+13.5% PM+0.5  D128 Ms-0.6% GM+8.4% PM+0.1  D256 Ms-1.1% GM+16.4% PM+0.2  D512 Ms-2.1% GM+29.1% PM+0.4  D945 Ms-3.3% GM+32.1% PM+0.7  A1005_bheld Ms+0.6% GM-3.2% PM+0.0  A1014_bheld Ms-0.5% GM+1.8% PM+0.1  A1017_bheld Ms-1.0% GM+2.5% PM+0.1  A1020_bheld Ms-1.6% GM+2.7% PM+0.2  A999_Kaheld_b1090 Ms+0.8% GM+6.3% PM+0.0  A1017_Kaheld_b305 Ms-0.1% GM-7.4% PM-0.0
   mode20_lo v 17.0  V294 Ms 1.062@2.46 PM 110.7 GM 23.48 | L6.0 Ms-0.2% GM+0.2% PM+0.0  L7.0 Ms-0.3% GM+0.5% PM+0.0  L8.0 Ms-0.5% GM+0.6% PM+0.1  L9.0 Ms-0.6% GM+1.3% PM+0.1  L10.0 Ms-0.6% GM+1.4% PM+0.1  L12.0 Ms-0.8% GM+2.5% PM+0.1  L15.0 Ms-0.9% GM+3.5% PM+0.1  D128 Ms-0.3% GM+8.8% PM+0.0  D256 Ms-0.7% GM+16.4% PM+0.0  D512 Ms-1.2% GM+24.3% PM+0.1  D945 Ms-1.6% GM+11.9% PM+0.2  A1005_bheld Ms+0.2% GM-0.9% PM+0.0  A1014_bheld Ms-0.1% GM+0.5% PM-0.0  A1017_bheld Ms-0.2% GM+0.9% PM-0.0  A1020_bheld Ms-0.3% GM+1.0% PM-0.0  A999_Kaheld_b1090 Ms+0.2% GM+4.0% PM+0.0  A1017_Kaheld_b305 Ms+0.0% GM-4.2% PM-0.0
   mode20_lo v 26.9  V294 Ms 1.089@2.16 PM 139.2 GM 18.05 | L6.0 Ms-0.4% GM+0.1% PM+0.1  L7.0 Ms-0.6% GM+0.3% PM+0.2  L8.0 Ms-0.9% GM+0.8% PM+0.2  L9.0 Ms-1.0% GM+1.4% PM+0.3  L10.0 Ms-1.2% GM+1.9% PM+0.3  L12.0 Ms-1.4% GM+2.7% PM+0.4  L15.0 Ms-1.7% GM+4.0% PM+0.4  D128 Ms-0.5% GM+8.7% PM+0.1  D256 Ms-1.0% GM+16.8% PM+0.2  D512 Ms-1.9% GM+25.9% PM+0.4  D945 Ms-2.8% GM+12.0% PM+0.7  A1005_bheld Ms+0.2% GM-1.4% PM+0.0  A1014_bheld Ms-0.1% GM-0.1% PM-0.0  A1017_bheld Ms-0.3% GM+0.3% PM+0.1  A1020_bheld Ms-0.5% GM+0.6% PM+0.0  A999_Kaheld_b1090 Ms+0.3% GM+2.9% PM+0.0  A1017_Kaheld_b305 Ms-0.0% GM-3.5% PM-0.0

M6  stress-mode damping (least-damped pair in band): zeta cand (V294, open)
   mode13    v  5.0  V294 12.9 Hz zeta 0.1452  open 0.1388 | L6.0 0.1469  L7.0 0.1487  L8.0 0.1505  L9.0 0.1522  L10.0 0.1538  L12.0 0.1566  L15.0 0.1595  D128 0.1473  D256 0.1493  D512 0.1527  D945 0.1567  A1005_bheld 0.1457  A1014_bheld 0.1449  A1017_bheld 0.1446  A1020_bheld 0.1443  A999_Kaheld_b1090 0.1540  A1017_Kaheld_b305 0.1418
   mode13    v 12.0  V294 12.4 Hz zeta 0.1709  open 0.1623 | L6.0 0.1725  L7.0 0.1739  L8.0 0.1751  L9.0 0.1761  L10.0 0.1768  L12.0 0.1776  L15.0 0.1775  D128 0.1706  D256 0.1703  D512 0.1692  D945 0.1666  A1005_bheld 0.1709  A1014_bheld 0.1708  A1017_bheld 0.1707  A1020_bheld 0.1706  A999_Kaheld_b1090 0.1798  A1017_Kaheld_b305 0.1667
   mode13    v 25.0  V294 11.7 Hz zeta 0.1464  open 0.1454 | L6.0 0.1463  L7.0 0.1462  L8.0 0.1460  L9.0 0.1458  L10.0 0.1455  L12.0 0.1450  L15.0 0.1443  D128 0.1456  D256 0.1448  D512 0.1433  D945 0.1409  A1005_bheld 0.1462  A1014_bheld 0.1465  A1017_bheld 0.1466  A1020_bheld 0.1467  A999_Kaheld_b1090 0.1463  A1017_Kaheld_b305 0.1461
   mode20    v  5.0  V294 20.0 Hz zeta 0.0764  open 0.0756 | L6.0 0.0768  L7.0 0.0772  L8.0 0.0777  L9.0 0.0781  L10.0 0.0787  L12.0 0.0798  L15.0 0.0815  D128 0.0784  D256 0.0803  D512 0.0842  D945 0.0905  A1005_bheld 0.0766  A1014_bheld 0.0764  A1017_bheld 0.0763  A1020_bheld 0.0762  A999_Kaheld_b1090 0.0779  A1017_Kaheld_b305 0.0760
   mode20    v 12.0  V294 19.7 Hz zeta 0.0994  open 0.0972 | L6.0 0.1000  L7.0 0.1006  L8.0 0.1012  L9.0 0.1019  L10.0 0.1025  L12.0 0.1039  L15.0 0.1057  D128 0.1009  D256 0.1024  D512 0.1052  D945 0.1094  A1005_bheld 0.0995  A1014_bheld 0.0993  A1017_bheld 0.0992  A1020_bheld 0.0991  A999_Kaheld_b1090 0.1021  A1017_Kaheld_b305 0.0983
   mode20    v 25.0  V294 18.5 Hz zeta 0.1149  open 0.1128 | L6.0 0.1153  L7.0 0.1156  L8.0 0.1159  L9.0 0.1161  L10.0 0.1163  L12.0 0.1166  L15.0 0.1168  D128 0.1146  D256 0.1142  D512 0.1134  D945 0.1120  A1005_bheld 0.1149  A1014_bheld 0.1149  A1017_bheld 0.1150  A1020_bheld 0.1150  A999_Kaheld_b1090 0.1168  A1017_Kaheld_b305 0.1140
   mode20_lo v  5.0  V294 19.9 Hz zeta 0.1258  open 0.1228 | L6.0 0.1272  L7.0 0.1288  L8.0 0.1306  L9.0 0.1325  L10.0 0.1347  L12.0 0.1393  L15.0 0.1469  D128 0.1343  D256 0.1429  D512 0.1605  D945 0.1905  A1005_bheld 0.1266  A1014_bheld 0.1254  A1017_bheld 0.1251  A1020_bheld 0.1247  A999_Kaheld_b1090 0.1309  A1017_Kaheld_b305 0.1241
   mode20_lo v 12.0  V294 18.4 Hz zeta 0.2260  open 0.2134 | L6.0 0.2294  L7.0 0.2330  L8.0 0.2369  L9.0 0.2411  L10.0 0.2454  L12.0 0.2543  L15.0 0.2679  D128 0.2331  D256 0.2398  D512 0.2509  D945 0.2614  A1005_bheld 0.2269  A1014_bheld 0.2255  A1017_bheld 0.2250  A1020_bheld 0.2245  A999_Kaheld_b1090 0.2413  A1017_Kaheld_b305 0.2197
   mode20_lo v 25.0  V294 14.5 Hz zeta 0.1906  open 0.1863 | L6.0 0.1908  L7.0 0.1908  L8.0 0.1906  L9.0 0.1902  L10.0 0.1896  L12.0 0.1882  L15.0 0.1859  D128 0.1878  D256 0.1850  D512 0.1798  D945 0.1718  A1005_bheld 0.1902  A1014_bheld 0.1908  A1017_bheld 0.1910  A1020_bheld 0.1912  A999_Kaheld_b1090 0.1924  A1017_Kaheld_b305 0.1889

M8  M_SAFE: rail +/-, sub-rail slope, trim cap, int32 min margin, restart peak @10/30/100/300 deg/s; inner M_LOOP worst
   V294               rail +2461/-2463  subrail 0.6409  cap 616  int32 4.06 (a*s)  restart [14, 43, 144, 419]  | inner GMmin 16.3 Msmax 1.136 unstable []
   L6.0               rail +2461/-2463  subrail 0.6409  cap 616  int32 4.06 (a*s)  restart [15, 46, 153, 444]  | inner GMmin 15.1 Msmax 1.141 unstable []
   L7.0               rail +2461/-2462  subrail 0.6408  cap 616  int32 4.06 (a*s)  restart [16, 48, 161, 465]  | inner GMmin 14.1 Msmax 1.146 unstable []
   L8.0               rail +2461/-2462  subrail 0.6408  cap 616  int32 4.06 (a*s)  restart [16, 50, 167, 482]  | inner GMmin 13.5 Msmax 1.150 unstable []
   L9.0               rail +2461/-2462  subrail 0.6408  cap 616  int32 4.06 (a*s)  restart [17, 51, 173, 498]  | inner GMmin 13.0 Msmax 1.154 unstable []
   L10.0              rail +2460/-2462  subrail 0.6407  cap 616  int32 4.06 (a*s)  restart [17, 53, 177, 511]  | inner GMmin 12.6 Msmax 1.157 unstable []
   L12.0              rail +2460/-2462  subrail 0.6407  cap 616  int32 4.06 (a*s)  restart [18, 55, 186, 532]  | inner GMmin 12.0 Msmax 1.161 unstable []
   L15.0              rail +2460/-2462  subrail 0.6407  cap 616  int32 4.06 (a*s)  restart [19, 58, 195, 556]  | inner GMmin 11.5 Msmax 1.165 unstable []
   D128               rail +2461/-2463  subrail 0.6409  cap 616  int32 4.06 (a*s)  restart [13, 40, 137, 403]  | inner GMmin 22.4 Msmax 1.140 unstable []
   D256               rail +2461/-2463  subrail 0.6409  cap 616  int32 4.06 (a*s)  restart [12, 38, 129, 387]  | inner GMmin 24.8 Msmax 1.146 unstable []
   D512               rail +2461/-2463  subrail 0.6409  cap 616  int32 4.06 (a*s)  restart [11, 33, 113, 356]  | inner GMmin 19.0 Msmax 1.159 unstable []
   D945               rail +2461/-2463  subrail 0.6409  cap 616  int32 4.06 (a*s)  restart [8, 25, 86, 313]  | inner GMmin 11.9 Msmax 1.185 unstable []
   A1005_bheld        rail +2461/-2463  subrail 0.6409  cap 616  int32 5.97 (a*s)  restart [12, 37, 125, 363]  | inner GMmin 17.8 Msmax 1.121 unstable []
   A1014_bheld        rail +2461/-2463  subrail 0.6409  cap 616  int32 3.11 (a*s)  restart [15, 47, 158, 456]  | inner GMmin 15.6 Msmax 1.147 unstable []
   A1017_bheld        rail +2461/-2463  subrail 0.6409  cap 616  int32 2.17 (a*s)  restart [17, 52, 174, 503]  | inner GMmin 14.9 Msmax 1.155 unstable []
   A1020_bheld        rail +2461/-2463  subrail 0.6409  cap 616  int32 1.24 (a*s)  restart [19, 59, 198, 564]  | inner GMmin 14.2 Msmax 1.171 unstable []
   A999_Kaheld_b1090  rail +2461/-2463  subrail 0.6409  cap 616  int32 4.11 (a*s)  restart [21, 64, 214, 459]  | inner GMmin 10.0 Msmax 1.200 unstable []
   A1017_Kaheld_b305  rail +2461/-2463  subrail 0.6409  cap 616  int32 4.04 (a*s)  restart [9, 28, 94, 282]  | inner GMmin 27.8 Msmax 1.086 unstable []
